RUN	Year	DeltaBV	Sel	Var	Beta	DeltaBVRecruits	SelRecruits	VarRecruits	BetaRecruits
1	0	0.0497881	0.112429	0.815904	0.137796	0.125738	0.227772	0.815904	0.279165
1	1	0.0627151	0.168769	0.851687	0.198158	0.0984754	0.0766041	0.858197	0.0892617
1	2	0.343565	0.960276	1.20795	0.794966	0.365725	0.818011	1.32996	0.615064
1	3	0.33847	0.50491	1.2939	0.390223	0.336209	0.459164	1.07128	0.428613
1	4	0.209543	0.417355	1.08671	0.384052	-0.03932	0.113971	0.74315	0.153362
1	5	-0.149903	-0.0442382	0.851293	-0.0519659	-0.112405	-0.141362	1.13087	-0.125003
1	6	0.00497195	0.0926818	1.21984	0.0759788	0.147282	0.739453	1.49713	0.493914
1	7	-0.0700935	-0.203866	1.25952	-0.161861	0.19791	-0.317508	1.56993	-0.202244
1	8	0.390899	0.456648	1.04386	0.437462	0.150445	0.169888	0.837563	0.202836
1	9	0.0846747	0.379655	0.883713	0.429614	-0.00641328	0.0708359	0.835598	0.0847727
2	0	-0.0860587	-0.148679	0.926118	-0.16054	0.0358798	-0.133693	0.926118	-0.144359
2	1	0.201766	0.439491	0.942372	0.466367	0.215815	0.392374	0.652417	0.601416
2	2	0.231492	0.46083	0.843513	0.546323	0.200262	0.302371	0.731808	0.413184
2	3	0.196715	0.572476	0.82437	0.69444	0.065159	0.552952	1.10246	0.501562
2	4	-0.00966779	0.304407	1.01897	0.29874	0.0950868	0.24455	0.994357	0.245938
2	5	0.207665	0.256388	1.03991	0.24655	0.0628903	0.513599	1.11435	0.460894
2	6	0.0356947	0.454078	1.26128	0.360013	0.128068	0.479345	1.33665	0.358618
2	7	-0.141196	-0.349212	0.90473	-0.385985	-0.043682	0.0976153	0.496243	0.196709
2	8	0.178449	0.574622	0.814565	0.705435	0.130619	0.287561	0.647319	0.444233
2	9	0.0744159	0.8036	1.07563	0.747096	-0.0831193	0.190213	1.15748	0.164334
3	0	0.0210529	0.112827	0.838527	0.134554	0.00210958	0.134995	0.838527	0.16099
3	1	-0.0774894	0.0154293	0.87113	0.0177118	-0.120423	-0.086818	0.815092	-0.106513
3	2	-0.0295573	-0.0553265	0.866667	-0.0638383	0.179177	0.0753616	0.647956	0.116307
3	3	0.227272	0.619845	0.929834	0.666619	0.12512	0.423471	1.04557	0.405014
3	4	0.00881528	0.431455	0.862558	0.500204	-0.0281601	0.243533	0.558207	0.436278
3	5	0.116274	0.398804	0.739196	0.539511	-0.0137025	0.165895	0.631864	0.262548
3	6	-0.0278349	0.256711	0.71226	0.360418	-0.136288	0.145427	1.17971	0.123274
3	7	-0.152568	-0.226153	1.26898	-0.178217	0.070249	0.429894	1.75634	0.244767
3	8	-0.0498049	-0.107743	1.05948	-0.101694	0.101971	-0.0190329	0.912186	-0.0208652
3	9	0.104943	0.316651	0.875058	0.361863	-0.0900466	0.354751	0.81844	0.433447
4	0	0.00535791	-0.147243	1.23495	-0.11923	0.159554	0.0777327	1.23495	0.0629439
4	1	0.117301	0.419987	1.02424	0.410046	0.0364508	0.18926	0.865458	0.218682
4	2	0.0867363	0.342405	0.953819	0.358983	0.00762922	0.223545	1.24399	0.179701
4	3	-0.0403292	0.436876	1.00166	0.436152	-0.0413842	0.316645	0.90766	0.348859
4	4	-0.0441256	0.185748	0.793604	0.234057	0.0562636	0.322379	0.75194	0.42873
4	5	0.139592	-0.0419701	0.91195	-0.0460224	0.109326	-0.27965	1.09984	-0.254264
4	6	-0.007471	-0.115638	1.08205	-0.10687	0.0683525	0.286655	0.517147	0.5543
4	7	0.215949	1.41373	0.74364	1.9011	0.251815	1.19646	1.15552	1.03543
4	8	0.291641	0.897843	1.1231	0.799433	0.136548	0.61128	1.10841	0.551494
4	9	0.18543	0.891639	1.2075	0.738417	0.14902	0.678297	1.28873	0.526331
5	0	0.0691571	0.0653329	0.883092	0.073982	0.158028	-0.0484831	0.883092	-0.0549015
5	1	0.113921	0.315984	0.921946	0.342736	0.0858086	0.216549	1.07874	0.200742
5	2	0.0592104	-0.00867989	0.900951	-0.00963415	0.1976	-0.0338284	0.988214	-0.0342319
5	3	0.161339	0.459219	0.948842	0.483978	0.131786	3.20022e-05	0.575501	5.56075e-05
5	4	0.168074	0.333488	1.0226	0.326117	0.0178925	0.30614	0.913331	0.335191
5	5	0.0130797	0.103915	0.841608	0.123473	0.0762573	-0.350574	0.945541	-0.370766
5	6	0.0522493	0.0370541	0.885708	0.0418356	-0.190527	0.451314	0.933451	0.48349
5	7	-0.0124114	0.403178	0.858455	0.469655	0.145791	0.309111	0.585505	0.527939
5	8	0.0476778	0.00642365	0.963664	0.00666585	0.166218	0.0970088	0.782154	0.124028
5	9	0.155833	0.11257	0.823029	0.136775	-0.0589851	0.0784204	0.620536	0.126375
6	0	-0.0651022	-0.080055	0.902639	-0.0886899	-0.0983509	0.063184	0.902639	0.0699992
6	1	0.479032	1.20947	0.860419	1.40568	0.566621	1.43794	1.10968	1.29582
6	2	-0.0365831	-0.1737	1.26831	-0.136954	-0.202843	-0.24789	1.14812	-0.21591
6	3	-0.10186	0.0728695	1.02321	0.0712164	0.0213105	0.00588546	0.68016	0.00865304
6	4	-0.0161746	0.166475	0.928762	0.179244	-0.0998728	-0.168416	0.966707	-0.174217
6	5	-0.0148407	-0.246215	1.02965	-0.239124	-0.0034851	0.0272613	0.764496	0.0356593
6	6	0.135232	1.14728	1.12361	1.02107	0.100058	0.884104	1.81379	0.487435
6	7	-0.219631	-0.670653	1.14087	-0.587843	-0.182347	-0.556945	1.01947	-0.546306
6	8	-0.00778166	0.186215	0.836076	0.222725	-0.109304	-0.0638463	0.690955	-0.0924029
6	9	-0.124763	0.0477441	0.680934	0.0701155	0.0519322	0.156747	0.73275	0.213915
7	0	-0.00420515	-0.115059	1.12621	-0.102164	-0.0198133	-0.0431181	1.12621	-0.0382859
7	1	0.0323565	0.715519	1.09158	0.655487	0.16618	0.460758	0.96835	0.475817
7	2	0.1556	0.181405	1.099	0.165064	-0.0178923	-0.0630984	1.11297	-0.0566939
7	3	-0.10326	-0.17663	1.03087	-0.171341	-0.0336884	-0.141948	0.612215	-0.23186
7	4	0.0096906	0.071391	0.790138	0.0903525	0.026626	0.096171	0.734572	0.130921
7	5	0.0962024	0.319815	0.771648	0.414458	0.152947	0.234926	0.883029	0.266046
7	6	0.0933996	0.484913	1.19424	0.406043	-0.112309	0.0577537	1.73135	0.0333577
7	7	0.0677159	0.220288	0.984727	0.223705	0.245718	0.580164	1.32327	0.438431
7	8	0.0657222	0.30751	0.78907	0.389712	0.144894	0.234677	0.489421	0.4795
7	9	0.0592239	-0.0243023	0.732511	-0.0331767	0.00194361	-0.261693	0.789773	-0.331352
8	0	-0.0725803	0.0279401	0.911352	0.0306578	0.0425152	0.0644054	0.911352	0.0706701
8	1	0.309952	0.576243	1.0094	0.570876	0.306924	0.583275	0.683387	0.853506
8	2	0.100397	0.351434	0.829266	0.423789	0.0723918	0.322927	0.67664	0.47725
8	3	0.177707	0.0955905	0.818	0.116859	0.197166	0.301909	0.764269	0.39503
8	4	0.326664	0.470225	0.99132	0.474342	0.285432	0.559761	0.953918	0.586802
8	5	0.114178	0.434315	0.914148	0.475103	-0.00466852	-0.0606037	0.664569	-0.0911924
8	6	0.209291	0.470373	0.724253	0.649459	0.211955	0.305206	0.819866	0.372263
8	7	0.403605	0.539471	0.926541	0.582242	0.475082	1.07888	1.21096	0.890933
8	8	0.142058	0.318716	0.980202	0.325153	0.240688	-0.107109	1.1529	-0.0929037
8	9	0.18215	0.566306	1.23517	0.458484	0.119055	0.481254	1.5289	0.314772
9	0	0.0901558	0.300131	0.799988	0.375169	0.155898	0.381428	0.799988	0.476792
9	1	0.205576	0.53303	0.967351	0.551021	0.197824	0.443163	0.898779	0.493073
9	2	0.262321	0.592248	0.985276	0.601098	0.570923	0.855288	0.9547	0.895871
9	3	0.552083	1.19458	1.18424	1.00873	0.231257	0.458958	0.826567	0.555258
9	4	0.00632651	-0.0128984	1.01761	-0.0126752	-0.115014	-0.0265717	1.10874	-0.0239657
9	5	-0.0777727	0.127522	1.03312	0.123433	-0.0463247	-0.158477	0.808079	-0.196115
9	6	0.222045	-0.021861	1.14888	-0.0190281	0.183002	0.313755	0.864556	0.362908
9	7	-0.0198758	0.615443	0.998776	0.616197	0.272544	0.315012	1.12536	0.279921
9	8	0.299288	0.688183	0.769481	0.894348	0.131068	0.301632	0.609225	0.495108
9	9	0.0282044	0.344035	1.10701	0.31078	-0.0860333	0.506779	0.953644	0.531413
10	0	0.0238886	0.0612736	0.96924	0.0632182	0.0173199	0.135873	0.96924	0.140185
10	1	0.0559462	0.512193	0.901876	0.567919	0.164672	0.351487	0.720643	0.487741
10	2	0.0709525	0.441567	0.901714	0.489698	-0.0411836	0.277479	0.809516	0.342772
10	3	-0.0351426	0.174091	0.860824	0.202237	-0.0226657	0.25556	0.709716	0.360088
10	4	-0.0249513	0.0747507	1.01894	0.0733611	0.0228698	0.0481786	0.810244	0.0594619
10	5	0.170033	-0.0699833	0.936941	-0.0746934	0.320252	0.631828	0.786678	0.80316
10	6	0.174874	0.579134	0.807485	0.717207	-0.062961	0.146401	0.571827	0.256023
10	7	0.134256	0.616291	1.13916	0.541004	0.240744	0.178412	0.760255	0.234674
10	8	0.199115	0.935814	1.12789	0.829701	0.326225	0.614857	1.13494	0.541751
10	9	0.265122	0.17628	1.05629	0.166885	0.0393537	0.270497	1.2707	0.212872
11	0	0.0744818	0.226711	1.08339	0.209261	0.140239	0.268721	1.08339	0.248038
11	1	0.328344	0.88769	1.16055	0.76489	0.402923	0.872599	1.16232	0.75074
11	2	0.238525	0.31467	1.05506	0.298249	0.0864648	0.613711	0.763348	0.803973
11	3	0.0977062	0.360962	1.07208	0.336694	0.0513797	0.241005	1.49896	0.160782
11	4	0.09363	0.695488	1.09221	0.636772	0.0682248	0.568772	1.34708	0.422226
11	5	0.190382	0.368357	1.34408	0.274059	0.308889	0.627042	1.3708	0.457429
11	6	-0.0880702	-0.310535	1.79587	-0.172916	0.190814	-0.106185	2.96111	-0.0358599
11	7	0.541125	0.650463	1.70393	0.381742	0.323658	0.222014	1.20615	0.184068
11	8	0.197995	0.266466	1.06569	0.250041	0.391418	0.0663367	0.313942	0.211302
11	9	0.274831	0.236461	0.849836	0.278243	-0.00564795	-0.235661	0.740037	-0.318445
12	0	0.139132	0.428883	1.19455	0.359034	0.323997	0.771854	1.19455	0.646147
12	1	0.337196	0.928906	1.13075	0.821496	0.229359	0.499269	0.877797	0.568775
12	2	0.0418805	0.0627753	0.955509	0.0656983	0.0440148	0.0671816	0.632891	0.10615
12	3	0.0734347	0.578599	0.859471	0.673203	0.00220348	0.18787	1.04954	0.179002
12	4	0.0871691	0.221943	1.00529	0.220774	0.103928	0.178304	0.894037	0.199437
12	5	-0.023379	0.225841	0.952893	0.237006	-0.339738	0.0950038	0.699344	0.135847
12	6	-0.21697	-0.387758	0.827346	-0.468677	-0.15964	-0.118743	1.00884	-0.117703
12	7	-0.138638	0.388308	0.91141	0.426052	0.133022	0.317181	0.646891	0.490316
12	8	0.0250306	0.140107	1.14364	0.12251	-0.129843	0.00663131	0.554374	0.0119618
12	9	-0.0935215	-0.286908	0.884623	-0.324328	0.00353681	0.0687375	0.658018	0.104461
13	0	0.0721505	0.312403	1.11923	0.279124	0.191857	0.520735	1.11923	0.465263
13	1	0.216553	0.438546	0.973429	0.450516	0.130697	0.216052	0.977036	0.22113
13	2	0.0926548	0.380603	0.866815	0.439083	0.129173	0.371774	0.825513	0.450355
13	3	0.205648	0.289546	0.874309	0.331171	0.171511	0.128277	0.994062	0.129043
13	4	0.172613	0.518307	1.18198	0.438508	0.0794934	0.244285	1.64181	0.14879
13	5	0.276353	0.359984	1.28316	0.280546	0.392807	0.434448	1.53305	0.283388
13	6	-0.00136213	-0.153084	1.66325	-0.0920394	-0.272493	-0.114523	3.82521	-0.0299391
13	7	-0.397119	-0.26414	1.91191	-0.138155	-0.227458	-0.0175553	0.433419	-0.0405043
13	8	0.114596	0.682609	0.953169	0.716147	0.267068	0.777415	0.848751	0.915953
13	9	0.067616	-0.0533062	0.967712	-0.0550848	-0.00147085	-0.0885573	1.00874	-0.0877903
14	0	0.181497	0.454296	0.813717	0.558297	0.330283	0.621151	0.813717	0.76335
14	1	0.261908	0.463651	0.754046	0.614884	0.178257	0.105688	0.717911	0.147216
14	2	0.0759905	0.431099	0.827298	0.521093	-0.123814	0.360827	0.785574	0.459316
14	3	-0.137425	-0.0303535	0.869484	-0.0349098	0.107643	-0.0569871	0.951168	-0.0599127
14	4	0.136784	0.428971	1.08313	0.396049	-0.179643	-0.0960244	0.927199	-0.103564
14	5	-0.120115	-0.0551129	0.933735	-0.0590241	-0.136535	-0.12883	1.12243	-0.114778
14	6	-0.226867	-0.279628	0.878483	-0.318308	0.00942496	-0.104584	0.552518	-0.189285
14	7	-0.014773	-0.04533	0.852908	-0.0531476	0.0165875	-0.239799	0.579909	-0.413511
14	8	0.188467	0.275772	0.8161	0.337915	0.32586	0.40605	0.856433	0.474117
14	9	0.217378	0.29202	0.851451	0.342968	0.0641905	0.276157	0.921784	0.29959
15	0	-0.00427273	0.0615831	0.879492	0.0700212	-0.00190286	0.158308	0.879492	0.18
15	1	0.119556	0.610128	0.943064	0.646964	0.12204	0.2424	0.952792	0.25441
15	2	0.149543	0.542199	1.16318	0.466134	0.292674	0.691159	1.16005	0.595803
15	3	0.180381	0.331487	0.987683	0.335621	0.0110237	0.169126	0.585525	0.288844
15	4	0.0577513	0.422173	0.974907	0.433039	0.346819	0.419188	0.784151	0.534575
15	5	0.232779	0.298644	0.92795	0.321832	-0.0435985	-0.490103	0.786151	-0.623422
15	6	0.204004	0.381158	0.914722	0.416693	0.136905	0.411504	0.968097	0.425065
15	7	-0.149467	0.0370818	1.0645	0.034835	-0.00519978	0.0579407	0.709776	0.0816324
15	8	0.0969086	0.0940783	0.598656	0.157149	-0.00696829	0.0244318	0.617715	0.0395519
15	9	0.0976786	0.314163	0.912184	0.344408	0.236467	0.352054	1.2073	0.291603
16	0	-0.0354675	0.063391	0.756129	0.0838361	-0.0562474	0.136651	0.756129	0.180724
16	1	0.0294877	0.516105	0.846429	0.609744	0.171172	0.658737	0.94772	0.695076
16	2	0.166141	0.186508	1.11352	0.167494	0.0816104	0.0092071	1.48246	0.00621071
16	3	0.103816	0.358204	1.16654	0.307065	0.0477664	0.183118	0.621877	0.294461
16	4	-0.0901157	-0.246565	0.98041	-0.251492	0.066462	-0.0314042	0.963159	-0.0326054
16	5	0.209682	0.369721	1.02076	0.362203	0.188844	0.205411	0.866879	0.236955
16	6	0.185878	0.432806	0.823368	0.525653	0.332149	0.415575	0.608923	0.682475
16	7	0.362283	0.65772	0.704826	0.933167	0.144769	0.403736	0.525406	0.768426
16	8	0.0113854	0.212242	0.743476	0.285472	-0.0280289	0.331766	0.862959	0.384451
16	9	0.0643641	0.249498	1.06464	0.23435	0.119012	0.168605	1.18999	0.141686
17	0	0.221521	0.701105	1.0922	0.641922	0.268365	0.907804	1.0922	0.831174
17	1	0.0514824	-0.0210125	1.04348	-0.0201369	0.120608	-0.0191864	0.924247	-0.020759
17	2	0.146332	0.177292	0.94071	0.188467	0.0310544	-0.0631648	0.984592	-0.0641533
17	3	0.0290156	0.217029	0.8717	0.248973	-0.0310402	0.122917	1.02421	0.120012
17	4	-0.0090578	0.139009	0.782355	0.17768	0.278514	0.0742196	0.768981	0.0965168
17	5	0.205474	0.298795	0.743965	0.401625	-0.193994	-0.174946	0.887584	-0.197103
17	6	0.0684074	-0.00630756	1.18392	-0.00532768	0.473236	0.455771	1.21672	0.37459
17	7	0.445093	0.370304	1.18404	0.312747	0.372116	0.0543968	0.939463	0.0579021
17	8	0.22722	0.304723	0.937313	0.325103	0.045456	0.0808088	1.38974	0.0581469
17	9	-0.0330279	-0.203786	1.1272	-0.180789	-0.139959	-0.455297	0.882791	-0.515747
18	0	0.126764	0.370338	1.0058	0.368201	0.121218	0.505204	1.0058	0.502289
18	1	-0.0287483	0.185417	0.947867	0.195615	0.0358722	0.120311	0.904482	0.133016
18	2	0.145231	0.670401	0.978811	0.684914	0.0964939	0.713842	0.7784	0.917062
18	3	0.124788	0.53138	0.67644	0.785554	0.0746817	0.377779	0.642454	0.588025
18	4	-0.036925	0.185127	0.912958	0.202778	-0.0570653	0.0745686	0.771265	0.0966834
18	5	-0.110445	0.231068	0.862443	0.267923	-0.322919	-0.314545	1.00589	-0.312703
18	6	-0.322361	-0.247813	1.02522	-0.241717	-0.049233	0.00597012	1.13075	0.0052798
18	7	0.072659	0.137743	1.03817	0.132679	0.085733	0.123699	0.355647	0.347814
18	8	-0.0126816	0.263736	0.637677	0.413589	-0.136956	0.0499689	0.633609	0.0788639
18	9	-0.153383	0.204291	0.797126	0.256284	-0.125215	0.211008	0.76777	0.274832
19	0	0.0409216	-0.00526484	1.01763	-0.00517363	0.122372	-0.0205739	1.01763	-0.0202174
19	1	0.179754	0.42153	1.17919	0.357475	0.0977318	0.114681	1.36737	0.08387
19	2	0.113605	0.122464	1.13061	0.108317	0.481108	0.384554	1.21564	0.31634
19	3	0.262172	0.187408	1.0528	0.178009	0.05818	-0.0786464	0.919595	-0.0855229
19	4	0.271392	0.47346	1.00142	0.472791	0.12303	0.421715	1.21397	0.347386
19	5	0.0105097	0.237196	0.936816	0.253194	-0.148684	-0.423665	1.27276	-0.332872
19	6	-0.162531	-0.562872	1.09414	-0.514444	-0.355008	-0.342894	1.25061	-0.274181
19	7	-0.423419	-0.793164	1.06755	-0.742978	0.0719152	0.161484	1.7217	0.0937934
19	8	0.0494625	0.391566	1.04014	0.376455	-0.0405259	0.129942	0.738885	0.175862
19	9	0.0247645	0.0110717	0.865853	0.012787	-0.199042	-0.0284768	0.978755	-0.029095
20	0	0.0934142	0.339062	0.934264	0.362919	0.0923217	0.501516	0.934264	0.536804
20	1	0.0712853	0.404448	0.866397	0.466816	0.0741098	0.271479	0.70996	0.382386
20	2	0.00828847	0.0842649	1.12381	0.0749817	-0.0128583	-0.0953527	1.46493	-0.0650902
20	3	-0.0597651	0.0926546	1.15207	0.0804247	0.018294	0.0879209	1.00777	0.0872428
20	4	0.0316051	0.217091	0.986875	0.219979	-0.0914501	0.0470898	1.0933	0.0430713
20	5	0.037152	0.400573	0.948932	0.422131	0.0155235	0.30946	1.05407	0.293585
20	6	-0.176832	-0.0136321	1.29381	-0.0105364	-0.0853289	-0.296742	1.61039	-0.184268
20	7	-0.047777	-0.144425	0.928634	-0.155524	-0.0848693	-0.471828	0.725527	-0.650324
20	8	0.0765935	0.963194	1.16573	0.826257	0.183953	1.14122	1.56922	0.727253
20	9	0.0371654	0.00912147	1.20354	0.00757887	0.0185479	-0.228182	0.975246	-0.233974
21	0	0.0568192	0.248711	0.884211	0.28128	0.136673	0.368855	0.884211	0.417158
21	1	0.161157	0.446433	0.928432	0.480846	0.243893	0.212079	1.06262	0.199581
21	2	0.359259	0.734918	1.11827	0.65719	0.161015	0.842576	1.29887	0.648698
21	3	0.0214506	0.0844139	1.08211	0.0780084	0.103988	-0.0306169	1.12794	-0.027144
21	4	0.152031	0.535223	0.999115	0.535697	0.172843	0.167657	1.14618	0.146274
21	5	0.329524	0.326533	0.898749	0.363319	0.172831	0.261801	1.12096	0.23355
21	6	-0.0578237	0.00876282	0.980472	0.00893735	-0.127546	0.05844	1.57638	0.0370723
21	7	0.224529	0.159134	1.01407	0.156926	0.461821	0.368967	1.14349	0.322667
21	8	0.150265	0.324716	0.820498	0.395755	0.250201	0.137851	0.433563	0.317949
21	9	0.213298	0.31343	0.77343	0.405246	0.0952015	0.167974	0.635307	0.264398
22	0	0.08611	0.32294	1.07461	0.300518	0.168455	0.54335	1.07461	0.505625
22	1	0.0946232	0.329427	1.03908	0.317038	0.0501465	0.274268	0.740462	0.370401
22	2	0.0468176	0.230988	1.03343	0.223514	0.0499165	0.141003	1.02494	0.137572
22	3	0.0711367	0.179081	0.842219	0.21263	0.110115	0.0389518	0.690593	0.0564035
22	4	0.110799	0.234991	0.874514	0.268711	0.0366204	-0.152615	0.50298	-0.303421
22	5	0.132387	0.490296	0.743726	0.659243	0.0730316	0.063617	1.19734	0.0531321
22	6	0.152953	0.445252	1.02815	0.43306	0.20372	0.555949	1.01655	0.5469
22	7	0.170812	0.224375	0.881076	0.25466	0.162326	0.401879	0.549082	0.731911
22	8	0.0526929	0.11113	0.794751	0.13983	0.102847	0.229102	0.716424	0.319786
22	9	0.0770703	0.179217	1.02866	0.174224	0.163959	0.335814	1.009	0.332818
23	0	-0.0349235	-0.106808	0.938312	-0.11383	-0.045234	-0.00295533	0.938312	-0.00314963
23	1	0.0920533	0.320047	0.904207	0.353953	0.19499	0.448667	0.671991	0.667668
23	2	0.0853391	0.148999	0.913223	0.163158	0.00795376	0.120705	0.876107	0.137774
23	3	-0.0110945	0.348385	1.02146	0.341066	-0.0375036	0.428616	0.986939	0.434288
23	4	0.0329641	0.341579	0.977676	0.349378	0.126425	0.37008	0.623403	0.593644
23	5	0.0980364	0.150049	0.757907	0.197978	-0.0790083	-0.267182	0.681658	-0.391959
23	6	-0.197722	-0.0963399	0.559946	-0.172052	0.00705258	-0.00987913	0.197627	-0.0499887
23	7	0.104719	0.499833	0.749134	0.667214	-0.0123814	0.497872	0.865339	0.575349
23	8	0.0859776	0.616435	0.913939	0.674482	0.0559667	0.505737	0.847783	0.596541
23	9	-0.0455469	0.115253	0.92722	0.1243	-0.131306	0.0674869	1.01794	0.0662977
24	0	0.00456387	0.0614429	1.00254	0.0612875	-0.080002	0.00266779	1.00254	0.00266104
24	1	-0.0991035	0.00196192	1.05839	0.00185369	0.0985404	0.200052	0.995987	0.200858
24	2	0.147741	0.272594	1.10668	0.246316	-0.0219896	0.056445	1.36993	0.0412028
24	3	0.121771	0.217952	1.04486	0.208594	0.218246	0.350462	1.18592	0.295519
24	4	0.182865	0.149954	1.19664	0.125313	0.146436	0.0129619	1.08642	0.0119308
24	5	0.239046	0.25285	1.11739	0.226285	0.248648	0.0362107	1.80102	0.0201057
24	6	0.172666	0.370209	1.33362	0.277597	0.141808	0.675985	1.36413	0.495544
24	7	0.185817	1.11776	1.24957	0.89451	0.241372	0.754516	1.3635	0.553366
24	8	0.0576279	0.337167	0.936209	0.360141	0.00571458	0.190879	0.85689	0.222757
24	9	0.00315883	0.119227	0.830513	0.143559	-0.0802821	-0.0361461	0.518267	-0.0697442
25	0	0.0849765	0.213977	1.21346	0.176336	0.15213	0.473491	1.21346	0.390199
25	1	0.170273	0.240441	1.06495	0.225776	0.134376	0.0863475	0.869091	0.0993538
25	2	0.142414	0.516569	0.92619	0.557735	0.224883	0.384721	0.781107	0.492533
25	3	-0.0766993	-0.267717	0.833665	-0.321132	-0.384504	-0.224955	0.730914	-0.307772
25	4	-0.225814	-0.131214	0.965825	-0.135856	-0.00554731	0.160925	0.819084	0.196469
25	5	0.0708555	-0.0492077	0.841993	-0.0584419	-0.0119999	0.196381	0.866485	0.22664
25	6	-0.128321	-0.261962	0.938998	-0.27898	-0.0412951	0.0293101	0.50359	0.0582024
25	7	-0.0273846	0.442564	0.699447	0.632734	0.0204998	0.596239	0.627406	0.950324
25	8	0.0753913	0.55635	1.13964	0.488181	-0.0600187	0.0345568	1.10541	0.0312615
25	9	-0.0533731	0.421954	1.13656	0.371254	0.0242813	0.552494	1.47254	0.375199
26	0	0.0335193	-0.000806515	1.10865	-0.000727476	0.0884029	-0.00433768	1.10865	-0.00391258
26	1	0.181615	0.75732	0.940581	0.805162	0.250521	0.704234	0.822498	0.856214
26	2	0.0910434	0.245765	0.850318	0.289027	-0.061125	0.332932	0.551321	0.60388
26	3	0.0245986	0.105782	0.750433	0.140962	0.19647	-0.113137	0.5664	-0.199748
26	4	0.217191	0.287779	0.908285	0.316838	0.0634814	0.236222	0.756143	0.312404
26	5	0.0265132	-0.000612895	0.759456	-0.000807018	0.184425	0.0324466	0.63696	0.0509398
26	6	0.250511	0.438515	0.887803	0.493933	0.00870442	0.106248	1.42504	0.0745578
26	7	-0.258222	-0.102017	1.321	-0.0772271	-0.173812	-0.495846	1.89465	-0.261708
26	8	-0.0154633	0.226141	1.07308	0.210741	0.003641	0.12036	0.591488	0.203486
26	9	0.186977	0.326908	0.878415	0.372157	0.0234489	0.131637	1.17113	0.112402
27	0	0.0978002	0.143072	0.962755	0.148606	0.1821	0.283355	0.962755	0.294317
27	1	0.179478	0.239383	1.10361	0.216908	0.0806465	0.0647312	1.24101	0.0521603
27	2	-0.0756697	-0.178648	0.966752	-0.184792	0.0546561	-0.166799	1.00858	-0.16538
27	3	0.236078	0.360789	0.909138	0.396847	0.143395	0.409044	1.06031	0.385778
27	4	0.114976	0.473292	0.914038	0.517804	0.225745	0.534259	0.998571	0.535024
27	5	0.25243	0.290339	1.09079	0.266173	0.110555	0.0908492	1.25812	0.0722105
27	6	0.00699161	0.297452	1.18604	0.250795	0.110546	0.3097	1.33718	0.231606
27	7	-0.0504404	-0.238439	0.839232	-0.284116	-0.0552647	-0.28694	0.404264	-0.709784
27	8	0.0866278	0.41803	0.961461	0.434786	0.0836086	0.0207641	0.833398	0.0249149
27	9	0.147239	0.445834	0.937263	0.475677	0.0423622	0.141987	0.598586	0.237204
28	0	0.0255326	0.010121	1.00038	0.0101172	-0.134245	-0.042516	1.00038	-0.0424999
28	1	-0.144697	0.029091	1.00737	0.0288782	0.0986919	0.0473013	1.01798	0.046466
28	2	0.181339	0.383188	0.928045	0.412898	0.19154	0.265576	0.54697	0.48554
28	3	-0.0428899	-0.0646259	0.717137	-0.0901165	-0.0856318	-0.172632	0.899251	-0.191973
28	4	0.158514	0.39498	0.885545	0.44603	0.241565	0.485915	0.64847	0.749326
28	5	0.162771	0.420898	0.845312	0.49792	-0.159773	0.188017	0.793602	0.236916
28	6	-0.0248538	0.0251396	0.70275	0.0357732	0.122879	0.125512	0.447701	0.280347
28	7	0.0773213	0.88495	0.971995	0.910447	0.153678	1.03069	1.30703	0.788575
28	8	0.0772547	0.244393	0.832301	0.293635	0.0881837	0.17879	0.880852	0.202974
28	9	0.0788636	0.218452	0.850524	0.256844	0.229815	0.266146	0.938373	0.283625
29	0	0.0126216	0.0496008	0.830587	0.0597178	0.0335022	0.126153	0.830587	0.151885
29	1	-0.124494	-0.148979	0.798258	-0.18663	-0.0698171	-0.0403257	0.556728	-0.0724334
29	2	0.238412	0.412134	0.721773	0.571002	0.337104	0.504664	0.645031	0.782387
29	3	0.232953	0.594162	0.842451	0.705278	-0.0848983	0.151684	0.730903	0.20753
29	4	-0.0963446	0.15642	0.918729	0.170256	-0.0738794	0.207877	1.17633	0.176716
29	5	-0.0359683	-0.01059	1.06093	-0.0099818	0.116505	0.264695	1.07363	0.246542
29	6	0.130513	-0.128516	1.03524	-0.124142	0.198892	-0.214856	0.798363	-0.269121
29	7	0.203924	0.808652	1.07867	0.749673	0.212866	0.663726	0.906542	0.732152
29	8	0.188121	0.457245	0.961899	0.475357	0.0933342	0.243436	1.03381	0.235475
29	9	-0.0243587	-0.253278	1.02223	-0.247769	-0.120387	-0.427179	1.28549	-0.332308
30	0	0.0652039	0.256301	0.851855	0.300874	0.0813312	0.386464	0.851855	0.453673
30	1	0.031127	0.303431	0.89668	0.338394	0.0933325	0.178083	0.602021	0.295808
30	2	0.132172	0.139226	0.842971	0.165161	0.0793326	0.162473	0.692087	0.234759
30	3	0.135586	0.377612	0.90256	0.418379	0.0403381	0.0244509	0.985211	0.0248179
30	4	-0.0818792	0.0433091	1.01351	0.042732	-0.135446	-0.133947	0.929156	-0.14416
30	5	0.12252	0.989388	1.09604	0.902692	0.00848484	0.725768	1.37454	0.528009
30	6	-0.0639555	-0.145975	1.33542	-0.10931	0.083539	0.178499	0.641974	0.278046
30	7	-0.0134776	0.635117	0.915478	0.693755	0.13574	0.47424	0.728215	0.651236
30	8	0.14281	0.198556	0.897067	0.221339	0.142958	-0.0301069	0.93035	-0.0323608
30	9	0.103915	0.273283	0.995562	0.274501	-0.0165606	-0.172047	0.863966	-0.199137
31	0	0.0805886	0.175546	0.999945	0.175556	0.119137	0.39052	0.999945	0.390542
31	1	0.0324399	0.20583	1.05823	0.194505	0.0918566	-0.0832738	1.16355	-0.0715687
31	2	0.266907	0.4728	1.21534	0.389027	0.24265	0.520438	0.872276	0.596644
31	3	0.0227764	-0.184778	0.936629	-0.197279	-0.0188023	-0.314719	0.739245	-0.42573
31	4	-0.139601	-0.312366	1.01237	-0.308548	-0.226996	-0.45156	0.980734	-0.460431
31	5	-0.198429	-0.0695756	1.25867	-0.0552772	-0.294404	-0.251861	1.20092	-0.209722
31	6	0.174883	0.572604	1.45814	0.392694	0.833073	1.32087	2.25741	0.585123
31	7	0.532238	0.567242	1.06981	0.530228	-0.0652316	0.326385	0.304064	1.07341
31	8	-0.0283285	0.0503047	0.865408	0.0581283	0.150555	0.07096	1.18611	0.0598256
31	9	0.0816662	0.494984	0.850266	0.582152	0.184044	0.33562	0.584112	0.574581
32	0	-0.0326278	0.152554	1.03234	0.147775	0.0435948	0.296978	1.03234	0.287675
32	1	0.175851	0.449339	1.0443	0.430276	0.148899	0.428828	0.959578	0.446892
32	2	0.0370552	0.351811	1.04877	0.33545	-0.0290034	0.0618296	0.939509	0.0658105
32	3	-0.0184114	-0.148759	0.865675	-0.171842	-0.00921094	-0.0324894	0.49872	-0.0651455
32	4	0.0270521	0.0564495	0.934316	0.0604179	0.173099	0.341291	0.95998	0.355519
32	5	0.109894	0.66718	0.947331	0.704273	-0.250647	0.144691	0.597525	0.242151
32	6	-0.233693	-0.432165	0.620228	-0.696785	-0.0652085	-0.0155707	0.970518	-0.0160437
32	7	-0.208787	0.159416	0.812607	0.196178	-0.180716	0.15528	0.887758	0.174913
32	8	-0.0563294	0.395439	0.819257	0.48268	-0.0612507	0.0598337	0.670604	0.0892236
32	9	-0.0632496	0.212886	0.879616	0.242021	0.00813249	0.406997	0.558844	0.728284
33	0	0.168451	0.571444	1.25423	0.455613	0.298358	0.850369	1.25423	0.678001
33	1	0.236478	1.02324	1.22982	0.832027	0.134234	0.90334	1.1816	0.764505
33	2	0.0579133	0.778229	1.10727	0.702839	0.081606	0.893782	1.04321	0.856765
33	3	0.0109935	0.133027	1.04394	0.127428	-0.0366617	-0.0112781	1.09262	-0.0103221
33	4	0.136511	0.588077	1.08458	0.542215	0.0973946	0.699106	1.31995	0.529647
33	5	-0.0712394	0.455202	1.04778	0.434445	-0.243938	0.589805	1.15165	0.512137
33	6	-0.179719	0.25257	1.02089	0.247401	-0.164023	0.619783	1.52596	0.406158
33	7	-0.0458671	0.0702566	1.16049	0.0605405	0.208492	-0.512568	1.32308	-0.387406
33	8	0.0362699	0.510804	0.986147	0.517979	0.000811636	0.304431	0.888485	0.342641
33	9	0.141548	0.407645	0.881814	0.46228	0.182631	0.596025	0.905316	0.658362
34	0	0.019058	0.0421974	1.06272	0.0397072	0.0949553	0.339908	1.06272	0.319848
34	1	0.227765	0.697036	0.95933	0.726586	0.266012	0.639857	1.05501	0.606493
34	2	0.222993	0.477484	1.00753	0.473914	0.00422822	0.385028	0.997195	0.386111
34	3	-0.130244	-0.022301	0.924835	-0.0241135	-0.0089066	-0.136846	1.11774	-0.122431
34	4	0.135697	0.421741	1.05758	0.39878	0.109055	0.465129	0.993858	0.468004
34	5	0.145558	0.315421	1.08022	0.291997	0.0809297	0.280492	1.23871	0.226439
34	6	-0.161765	-0.329266	0.949651	-0.346723	-0.353734	-0.201737	0.510353	-0.39529
34	7	-0.141157	0.539609	1.03472	0.5215	0.291396	0.820673	2.44727	0.335342
34	8	0.514289	1.3204	1.33362	0.990088	0.291422	1.15222	1.45167	0.793721
34	9	0.00727415	0.632201	1.13868	0.555206	0.212976	0.403566	0.972961	0.414781
35	0	0.148842	0.288743	1.15298	0.250432	0.460511	0.570954	1.15298	0.495199
35	1	0.410796	0.264806	1.17964	0.224482	0.149966	0.34835	1.02826	0.338775
35	2	0.0523468	0.284782	0.969914	0.293616	0.0261747	0.0439362	0.745498	0.0589354
35	3	0.126641	0.357402	0.723046	0.4943	0.167123	0.125386	0.655567	0.191264
35	4	0.106795	0.310294	0.923756	0.335905	0.00275588	0.315357	1.11876	0.28188
35	5	-0.0690487	-0.349245	1.03992	-0.33584	-0.14361	-0.284096	0.731924	-0.38815
35	6	-0.279882	-0.777742	0.689952	-1.12724	-0.498026	-0.715956	0.865045	-0.827651
35	7	-0.263747	0.108068	0.698643	0.154683	0.158735	0.165102	0.621173	0.265791
35	8	0.0852522	0.0401344	0.851219	0.0471493	-0.0496499	-0.119094	0.664182	-0.179309
35	9	-0.0092928	0.207838	0.944719	0.22	0.077344	0.265386	0.858659	0.30907
36	0	-0.0234958	-0.0821535	0.592327	-0.138696	0.0604797	-0.119799	0.592327	-0.202251
36	1	0.0909744	0.474954	0.815967	0.582075	0.0794128	0.418596	0.927087	0.451517
36	2	0.0799084	0.427621	1.04879	0.407728	0.121336	0.462057	1.02062	0.452723
36	3	0.0790836	0.591128	1.08933	0.542651	0.0178238	0.330439	1.17475	0.281284
36	4	0.0670265	0.501122	1.04167	0.481073	0.0726522	0.766222	0.93476	0.8197
36	5	-0.0245921	0.200122	1.09087	0.183453	-0.145577	0.459717	0.88753	0.517974
36	6	0.028983	0.905572	0.892422	1.01474	0.335933	0.32082	0.40214	0.797782
36	7	0.303777	0.262084	1.13072	0.231786	0.224202	-0.219655	0.504832	-0.435106
36	8	0.131775	0.361735	1.14199	0.316758	0.0342098	0.151144	0.962488	0.157035
36	9	0.235815	0.260572	0.977558	0.266554	0.335276	0.264931	1.0099	0.262335
37	0	-0.0502213	-0.101275	1.07796	-0.0939501	-0.0327775	-0.0244421	1.07796	-0.0226743
37	1	0.117645	0.361356	1.05178	0.343567	0.0461585	0.250984	1.13824	0.220502
37	2	0.0574828	0.332284	0.949557	0.349936	0.295998	0.142122	0.893001	0.159151
37	3	0.191347	-0.0675403	0.910225	-0.0742017	-0.0563907	-0.126292	0.825874	-0.152919
37	4	0.0154105	0.367532	1.04475	0.351788	0.108129	0.687389	1.16745	0.588797
37	5	-0.00594021	0.290732	0.99466	0.292292	-0.178756	0.0544563	1.29757	0.041968
37	6	0.0166385	0.235168	1.39088	0.169079	0.172403	0.552816	1.30325	0.424184
37	7	0.136945	0.493999	0.855295	0.577577	0.177053	0.119874	0.482084	0.248658
37	8	0.106121	0.493055	0.928308	0.531133	0.0721152	0.410286	0.981446	0.418042
37	9	0.171155	0.43141	0.996513	0.43292	0.216751	0.601919	1.19527	0.503583
38	0	0.0726213	0.176132	0.710227	0.247994	0.225296	0.341208	0.710227	0.480421
38	1	0.221973	0.327118	0.895526	0.36528	0.134253	0.222954	1.11457	0.200036
38	2	0.110309	0.363534	0.962556	0.377676	0.201444	0.293159	0.709797	0.413017
38	3	0.179348	0.497676	0.795583	0.625549	-0.0759519	0.274498	0.573086	0.478983
38	4	-0.137744	0.0897776	0.696576	0.128884	-0.138155	0.152997	0.541979	0.282292
38	5	-0.172607	-0.144723	0.863324	-0.167634	-0.322721	-0.107808	0.865873	-0.124508
38	6	-0.310723	-0.173743	0.665135	-0.261215	0.0835617	0.147482	0.448938	0.328514
38	7	0.213862	-0.0833454	1.16154	-0.0717546	0.194979	-0.0659476	0.459422	-0.143545
38	8	0.183162	0.430795	0.747374	0.576412	-0.0891688	0.00663585	1.03164	0.00643233
38	9	-0.161306	-0.443866	0.887856	-0.49993	-0.114216	-0.265808	1.19461	-0.222507
39	0	0.00872772	-0.0657116	1.09223	-0.060163	0.125853	0.0132339	1.09223	0.0121164
39	1	0.120567	0.176877	0.957774	0.184675	0.0365215	0.0366557	0.836358	0.0438278
39	2	0.0440768	0.114941	0.953134	0.120592	0.038017	-0.140148	0.671119	-0.208827
39	3	0.0530102	0.0588152	0.858996	0.0684697	0.198892	0.173702	0.701597	0.247581
39	4	0.177433	0.389681	0.831439	0.468683	0.127008	0.299034	0.70232	0.425781
39	5	0.237292	0.429957	0.687896	0.625032	0.247556	0.409604	1.02363	0.400148
39	6	0.243355	0.290138	1.0761	0.26962	0.400149	0.462494	0.817935	0.565441
39	7	0.407426	0.13581	0.947026	0.143406	0.196281	-0.196018	0.359768	-0.544846
39	8	0.0164081	0.715788	0.732477	0.977216	0.0657453	0.538703	0.732862	0.735067
39	9	0.103807	0.557165	1.07915	0.516298	0.0615376	0.347667	0.543926	0.639181
40	0	0.0222993	0.089739	0.869852	0.103166	-0.0413745	0.0778975	0.869852	0.0895526
40	1	-0.0448156	0.0668641	1.0062	0.066452	-0.0144503	0.194155	0.843468	0.230186
40	2	0.0261377	0.26178	0.877669	0.298267	0.308307	0.617643	0.903098	0.683916
40	3	0.312499	0.58626	0.924397	0.634208	0.0668509	0.32418	0.808196	0.401115
40	4	-0.0289278	0.252395	0.965024	0.261543	-0.0811278	-0.209338	0.675332	-0.309978
40	5	-0.0366189	0.137557	0.984924	0.139663	-0.139916	0.188538	1.0708	0.176072
40	6	-0.108687	-0.0249321	0.996476	-0.0250202	0.0810295	-0.196051	0.32424	-0.604649
40	7	-0.0048872	-0.19375	0.618595	-0.31321	-0.0147817	-0.0842645	0.679428	-0.124023
40	8	0.132801	0.680598	0.767826	0.886396	0.253774	0.758267	1.01352	0.748149
40	9	0.273834	0.366184	0.866807	0.422452	0.21008	0.353358	0.932461	0.378951
41	0	-0.0845788	-0.277882	1.06953	-0.259816	0.0438739	-0.273181	1.06953	-0.255421
41	1	0.301693	0.647713	1.15975	0.558496	0.202781	0.573952	1.43465	0.400064
41	2	0.152627	0.113446	1.11425	0.101814	0.212506	0.137914	1.44787	0.0952529
41	3	0.250664	0.348263	1.20585	0.288811	0.0823007	0.277544	1.57166	0.176592
41	4	0.0937468	0.117885	1.11879	0.105369	0.165067	-0.00108449	1.4426	-0.000751761
41	5	0.0897975	0.23752	1.02204	0.232398	0.00378064	-0.239643	1.62497	-0.147475
41	6	0.0117225	0.0446292	1.17281	0.0380533	-0.0565299	0.45257	2.596	0.174334
41	7	-0.0394963	0.818188	1.27832	0.640049	0.100678	0.40965	0.693648	0.590574
41	8	0.0046308	0.264623	0.932095	0.283902	0.131053	0.430321	0.652218	0.65978
41	9	0.129691	0.492722	0.698899	0.704997	0.0454599	0.0606129	0.523544	0.115774
42	0	-0.0701892	-0.136433	1.05631	-0.12916	0.0164342	0.0886032	1.05631	0.08388
42	1	0.169877	0.511749	1.0736	0.476666	0.162461	-0.0221125	1.00058	-0.0220996
42	2	0.0723081	0.352646	1.00883	0.349559	0.0237858	0.466265	0.920257	0.506668
42	3	0.129713	0.481849	0.790321	0.609688	0.15357	0.358225	0.567312	0.631442
42	4	0.0589159	0.511229	0.98508	0.518972	-0.165323	0.283154	0.895442	0.316217
42	5	0.0190122	-0.019269	0.953265	-0.0202136	0.160618	0.284301	1.00068	0.284109
42	6	0.157689	0.190566	0.891207	0.21383	0.159511	0.31791	0.579086	0.548986
42	7	0.123521	0.418302	0.979314	0.427137	0.255019	-0.0743429	0.944199	-0.0787365
42	8	0.115246	0.138864	1.00513	0.138156	-0.058745	-0.00518143	1.24112	-0.00417482
42	9	0.017108	0.318598	1.03379	0.308185	0.115783	0.32723	0.913255	0.358312
43	0	-0.0812489	-0.208302	0.815676	-0.255374	-0.0535765	-0.206821	0.815676	-0.253558
43	1	0.0341213	0.107427	0.815847	0.131675	0.0943432	0.0961287	0.916144	0.104927
43	2	0.142628	0.147268	0.98765	0.149109	0.103084	0.411829	1.01409	0.406106
43	3	0.113605	0.36818	0.93985	0.391743	0.120827	0.029215	0.689957	0.0423432
43	4	0.0253544	0.132085	0.864674	0.152757	0.123619	0.0341584	1.10717	0.030852
43	5	0.174406	0.345048	1.17306	0.294144	0.262955	-0.264866	0.765275	-0.346106
43	6	0.412478	-0.116398	0.829077	-0.140395	0.264592	0.122137	0.378476	0.322708
43	7	0.188014	0.374438	0.700871	0.534246	0.157406	0.264569	0.900207	0.293898
43	8	0.070175	-0.173032	1.05223	-0.164443	-0.0285779	-0.063552	1.16286	-0.0546517
43	9	-0.103971	0.102271	0.982915	0.104049	0.184007	0.274815	0.536636	0.512108
44	0	0.0260555	0.127353	0.850721	0.1497	0.152595	0.341584	0.850721	0.401523
44	1	0.168432	0.479204	1.05413	0.454598	0.0201496	0.191262	1.02512	0.186575
44	2	0.0268397	-0.109694	0.867553	-0.126441	0.0532781	-0.32749	0.921591	-0.355353
44	3	0.00382013	0.117422	1.02323	0.114757	0.136024	0.142935	0.889259	0.160735
44	4	0.187042	0.605065	0.855132	0.707569	0.0945541	0.251993	0.977475	0.2578
44	5	0.0508902	0.26055	1.00691	0.258762	0.225417	-0.205617	0.900304	-0.228386
44	6	0.176029	0.0679619	0.956225	0.0710732	0.0766839	-0.0462889	1.25613	-0.0368504
44	7	0.249287	0.589617	0.999696	0.589796	0.333309	0.497824	0.943432	0.527673
44	8	0.23413	0.739898	0.956225	0.77377	-0.129541	0.0948819	0.986592	0.0961714
44	9	-0.0820492	-0.0740124	0.901874	-0.0820651	-0.224401	-0.0114978	1.06125	-0.0108342
45	0	0.129869	0.409986	1.00424	0.408254	0.177497	0.485151	1.00424	0.4831
45	1	0.222845	1.028	1.08707	0.945659	0.21863	0.926682	1.13683	0.815144
45	2	0.0998023	0.306176	0.865821	0.353625	0.280293	0.247367	0.782999	0.315922
45	3	0.273485	0.499866	0.893023	0.559746	0.0743303	0.205062	0.856275	0.239481
45	4	0.0896869	0.0785769	0.716584	0.109655	0.0185312	0.123183	0.624606	0.197218
45	5	-0.0758264	0.269912	0.854156	0.315999	-0.207265	-0.101001	1.17169	-0.086201
45	6	-0.179888	-0.263246	1.28557	-0.20477	-0.162957	-0.0402361	1.71019	-0.0235273
45	7	-0.335951	-0.112979	1.24745	-0.0905675	-0.129725	-0.0182481	1.26659	-0.0144072
45	8	0.212869	0.413319	1.15452	0.358	0.242605	0.821628	1.20168	0.683732
45	9	0.100181	0.0672527	1.08178	0.0621685	-0.091733	-0.0542811	1.13816	-0.0476918
46	0	0.0377903	0.121587	0.709551	0.171358	0.0230615	0.316083	0.709551	0.445469
46	1	0.0833952	0.46987	0.955327	0.491842	0.134171	0.217625	1.01333	0.214762
46	2	0.231164	0.365596	1.23912	0.295045	0.222497	0.520921	1.45657	0.357635
46	3	-0.00198053	0.129707	0.971227	0.133549	-0.0730386	-0.124028	0.733943	-0.168988
46	4	0.0528297	0.106524	0.945932	0.112613	0.15161	0.403105	0.751039	0.536729
46	5	0.0657114	0.278696	0.898979	0.310014	-0.326843	0.193114	0.816548	0.236501
46	6	-0.120916	0.477146	0.889356	0.536507	-0.0594438	0.321436	0.886795	0.362469
46	7	-0.27252	-0.266805	1.02695	-0.259802	-0.0616554	-0.167001	0.748828	-0.223016
46	8	0.0482757	0.546232	1.20734	0.452426	0.145612	0.449688	1.50101	0.299591
46	9	0.0958772	0.303557	0.914975	0.331765	0.200035	0.60076	0.976677	0.615106
47	0	0.116794	0.225905	1.01342	0.222914	0.319099	0.504881	1.01342	0.498197
47	1	0.205203	0.150926	1.07742	0.140081	0.0368932	0.14101	0.82933	0.170029
47	2	-0.0383565	0.0424636	0.948941	0.0447484	-0.161736	-0.203002	0.984306	-0.206238
47	3	-0.0696942	0.413628	0.934936	0.442414	0.0958499	0.427967	0.898299	0.476419
47	4	0.152908	0.253694	0.860705	0.294752	-0.114887	0.202988	0.70146	0.289379
47	5	-0.197012	-0.117421	0.82002	-0.143193	-0.395315	-0.176548	0.746924	-0.236366
47	6	-0.351003	0.310089	0.772748	0.401281	-0.0546869	-0.089523	0.677665	-0.132105
47	7	-0.281383	-0.364497	1.07576	-0.338828	-0.0911681	-0.189248	0.531016	-0.356388
47	8	0.0468744	-0.0374841	0.715496	-0.0523889	-0.0415293	-0.284242	0.569072	-0.499483
47	9	0.119238	0.434792	0.817476	0.531871	0.196368	0.51961	0.837149	0.620689
48	0	-0.0184549	0.0829793	1.12658	0.0736559	0.0281966	0.313164	1.12658	0.277978
48	1	0.0476494	0.222067	1.04333	0.212845	-0.0176968	0.0510923	1.363	0.0374852
48	2	0.032404	0.349079	1.2222	0.285615	0.205903	0.51914	1.24415	0.417266
48	3	0.232764	0.32813	0.981624	0.334273	0.217448	0.136259	0.949216	0.143549
48	4	0.0230134	-0.150294	1.00638	-0.149342	-0.252713	-0.228993	0.890659	-0.257105
48	5	-0.0384737	-0.186604	0.873938	-0.213521	0.23706	0.257463	1.12746	0.228357
48	6	0.282054	0.609254	1.223	0.498163	0.203047	0.409519	1.24182	0.329774
48	7	0.133913	-0.255377	0.918247	-0.278113	0.307577	0.145189	1.38841	0.104572
48	8	0.309687	0.443852	1.09587	0.405024	0.111176	0.256313	1.41761	0.180806
48	9	0.11697	0.3338	1.10161	0.303012	0.0380228	0.010651	0.890217	0.0119645
49	0	0.0868596	0.295303	0.918768	0.321412	0.227065	0.45423	0.918768	0.49439
49	1	0.0725343	0.0804773	1.05743	0.0761062	-0.0295291	-0.320519	0.658581	-0.486682
49	2	-0.0550098	0.200384	0.931445	0.215132	0.0129742	0.157325	0.8476	0.185612
49	3	0.165187	0.0212568	0.86959	0.0244447	0.0485151	0.223201	0.780728	0.285889
49	4	0.0253393	0.236747	0.849154	0.278803	0.149482	0.227463	0.855385	0.265919
49	5	0.059524	0.238249	0.78093	0.305084	-0.0208501	0.0410037	0.877781	0.0467129
49	6	0.0383265	0.440145	0.901559	0.488204	0.000571934	0.54499	0.872287	0.624783
49	7	-0.189066	-0.536106	1.00146	-0.535322	-0.189698	-0.0746277	0.759883	-0.0982095
49	8	0.0659408	0.548547	1.09198	0.502342	0.0159595	0.322741	1.0389	0.310658
49	9	-0.0373438	0.107268	0.895567	0.119777	0.134919	0.345779	0.683229	0.506095
50	0	0.0989134	0.352616	0.636405	0.554074	0.122801	0.405483	0.636405	0.637145
50	1	0.0767861	0.292796	0.704928	0.415355	0.0790787	0.385292	0.694699	0.554617
50	2	0.0799243	0.302907	0.965693	0.313668	0.070628	0.159054	0.98796	0.160993
50	3	0.00081558	-0.190489	1.05053	-0.181326	-0.0772489	-0.16322	0.938251	-0.173962
50	4	0.0242599	0.374045	0.911163	0.410514	-0.0161659	0.234854	1.03939	0.225953
50	5	-0.116953	0.208024	0.945151	0.220096	-0.252901	-0.144225	0.94169	-0.153155
50	6	-0.207427	-0.219634	0.766235	-0.286641	0.0408449	-0.00332738	0.324121	-0.0102659
50	7	0.149104	-0.200601	0.617128	-0.325055	0.166981	-0.121317	0.478556	-0.253506
50	8	0.180316	0.58966	1.06667	0.552805	0.199117	0.5861	1.0631	0.551312
50	9	0.176217	0.688757	1.00146	0.687753	0.148691	0.508393	1.03084	0.493182
51	0	0.0220927	0.525362	1.05425	0.498326	0.118141	0.872794	1.05425	0.827879
51	1	0.105873	0.492357	0.961747	0.51194	-0.00599308	0.304994	0.771176	0.395492
51	2	0.0209545	0.0713096	1.13319	0.0629284	0.0494179	0.26614	1.19358	0.222976
51	3	-0.074674	0.0637287	1.03363	0.061655	0.0498402	0.0276387	0.964047	0.0286695
51	4	0.106493	0.307897	0.99136	0.310581	-0.0313844	-0.0286738	0.831024	-0.0345042
51	5	-0.0230652	0.237031	0.885073	0.267809	-0.148982	0.336306	0.467084	0.720012
51	6	-0.0618983	0.219445	0.773238	0.2838	0.272288	0.402714	1.29606	0.310721
51	7	0.398155	0.538699	0.875225	0.615498	0.448597	0.175542	0.464606	0.37783
51	8	0.292453	0.561394	0.971815	0.577676	0.0683017	0.191272	0.866069	0.220851
51	9	-0.00150403	0.180504	0.885243	0.203903	0.11738	0.166129	0.738085	0.225081
52	0	0.028812	0.204259	0.975045	0.209486	0.0248671	0.137946	0.975045	0.141477
52	1	0.000638526	-0.099643	0.974519	-0.102248	0.0877069	-0.0192804	0.908793	-0.0212154
52	2	0.0831546	0.365994	0.930974	0.39313	0.0999479	0.422858	1.37571	0.307376
52	3	0.127546	0.0345197	0.980652	0.0352008	0.130593	-0.00890431	0.732022	-0.012164
52	4	0.108854	0.166601	0.8832	0.188633	0.0376546	-0.338384	0.953961	-0.354714
52	5	0.0958088	0.492902	0.993345	0.496204	0.210985	0.249287	1.05724	0.23579
52	6	0.191247	0.213576	1.05167	0.203083	0.0967138	0.210122	1.10749	0.189728
52	7	0.014249	0.115608	0.975035	0.118568	0.0285737	0.00101318	0.510663	0.00198405
52	8	0.136734	0.627621	1.23131	0.509718	0.121266	0.116452	1.25438	0.0928364
52	9	0.162157	0.386949	1.04934	0.368754	0.282609	0.030577	0.940647	0.0325063
53	0	0.0298047	0.142908	1.08434	0.131793	0.143106	0.332072	1.08434	0.306244
53	1	0.0877642	0.167708	1.11078	0.150983	-0.0289093	-0.196888	1.64781	-0.119484
53	2	0.0264531	-0.111981	1.14943	-0.0974234	0.00650931	0.118274	1.08603	0.108905
53	3	0.135323	0.636003	0.984331	0.646127	0.263243	0.452817	1.00987	0.44839
53	4	0.237519	0.580469	1.14101	0.508731	0.123659	0.42779	1.0252	0.417277
53	5	0.0496909	-0.0336628	1.16908	-0.0287942	-0.201477	0.0243008	1.76542	0.0137649
53	6	-0.164198	0.0442502	1.70052	0.0260216	0.107248	0.392549	1.55167	0.252985
53	7	0.271345	0.498808	1.03942	0.479891	0.252072	0.774829	1.54901	0.50021
53	8	0.078293	0.464468	0.870722	0.533428	0.157432	0.47633	0.770943	0.617853
53	9	-0.0680963	0.187681	1.23257	0.152268	-0.218676	0.140678	1.18967	0.118249
54	0	-0.0142252	-0.0299322	0.946543	-0.0316226	0.0471229	-0.103111	0.946543	-0.108935
54	1	0.0148695	0.091253	0.949667	0.0960895	0.010457	0.149574	0.678778	0.220358
54	2	-6.78042e-05	-0.0792927	1.1075	-0.071596	-0.0405728	-0.225949	0.789331	-0.286253
54	3	0.0311193	0.242907	0.976208	0.248827	-0.0502158	0.35105	0.788535	0.445193
54	4	0.0247492	0.196036	0.938462	0.20889	0.231238	0.229821	0.938161	0.24497
54	5	0.162226	0.486371	1.01646	0.478497	0.319418	0.208398	1.61111	0.12935
54	6	0.343871	-0.0408261	1.02166	-0.0399604	-0.0110278	0.0539163	0.283799	0.189981
54	7	0.0844559	0.298632	0.636465	0.469204	0.212074	0.405926	0.612805	0.662407
54	8	0.0513474	0.497412	0.818344	0.607827	-0.193026	0.121466	0.722195	0.16819
54	9	-0.262151	-0.126455	0.94011	-0.134511	0.0299124	0.0651645	0.939802	0.0693386
55	0	0.0978583	0.229321	0.804695	0.284979	0.180932	0.095969	0.804695	0.119261
55	1	0.0445074	0.0926592	0.919219	0.100802	0.161711	0.0912967	0.642323	0.142135
55	2	0.261484	0.416891	0.85107	0.489844	0.0987085	0.346325	0.762604	0.454135
55	3	0.245854	0.790263	0.900561	0.877523	0.199666	0.710995	0.956217	0.74355
55	4	0.171387	0.505466	0.995081	0.507965	0.221007	0.882615	1.14968	0.767702
55	5	0.108394	0.501917	1.06954	0.469284	0.0907587	0.164477	1.24611	0.131993
55	6	0.236171	-0.067932	1.04189	-0.0652008	0.0375011	0.171743	0.937017	0.183287
55	7	-0.0769256	-0.0781875	1.48097	-0.0527946	0.186125	-0.0347871	1.31543	-0.0264455
55	8	0.14061	0.612281	0.919059	0.666205	0.0595258	0.188344	0.381643	0.493509
55	9	0.0336958	0.349124	0.717115	0.486845	0.113689	0.0751428	0.582007	0.12911
56	0	0.169498	0.44326	1.03612	0.427806	0.389201	0.779269	1.03612	0.7521
56	1	0.49644	0.787781	1.17528	0.670292	0.280326	0.86029	1.44848	0.593927
56	2	-0.0489649	-0.147213	1.27434	-0.11552	-0.193521	-0.242598	0.784232	-0.309345
56	3	-0.18146	-0.24696	0.948536	-0.26036	-0.110102	-0.303831	0.849577	-0.357626
56	4	-0.0477422	-0.41918	0.979028	-0.428159	0.098352	0.077792	1.0582	0.0735134
56	5	0.0880052	0.396524	0.985358	0.402416	-0.117649	-0.25576	0.908648	-0.281473
56	6	-0.0573996	-0.45972	0.937254	-0.490497	0.2124	0.268823	0.625912	0.42949
56	7	0.418004	0.833659	1.01276	0.823154	0.232675	0.690642	1.29744	0.532312
56	8	-0.0745845	0.288186	0.969486	0.297256	-0.140998	0.132765	0.577649	0.229837
56	9	-0.0107951	0.218402	0.82397	0.265061	0.129584	0.329464	1.20434	0.273564
57	0	0.020489	0.0814749	0.92424	0.0881533	-0.061378	0.0662052	0.92424	0.0716321
57	1	-0.144361	-0.0136272	0.787839	-0.0172969	0.0231999	-0.172547	0.851917	-0.202539
57	2	0.0666194	0.221643	0.844666	0.262403	-0.0336354	0.323516	0.7982	0.405307
57	3	-0.0615601	0.0570283	0.928355	0.0614293	-0.0579645	-0.0118201	0.787663	-0.0150066
57	4	-0.0147327	-0.0932266	0.889436	-0.104815	-0.0136001	-0.159164	0.91703	-0.173565
57	5	-0.0169485	0.217591	1.09103	0.199437	0.10209	0.192644	0.892502	0.215847
57	6	0.306004	0.59719	0.86689	0.688888	0.283567	0.665947	1.14547	0.581373
57	7	0.246968	0.809746	0.84913	0.953618	0.241393	0.436743	0.51457	0.848752
57	8	0.00598505	-0.0127509	0.563193	-0.0226403	-0.225844	0.0451429	0.57463	0.07856
57	9	-0.034339	0.141239	0.747005	0.189074	0.138416	0.0575263	0.644432	0.0892667
58	0	0.100775	0.365627	0.731252	0.500001	0.075491	0.239224	0.731252	0.327143
58	1	0.287774	0.725996	0.895957	0.810302	0.452707	0.94122	1.25164	0.751989
58	2	0.121993	0.138905	1.40702	0.0987227	-0.0801781	-0.39622	1.2512	-0.316672
58	3	0.0259257	0.108747	1.13106	0.0961461	0.0990009	0.543707	1.52192	0.357251
58	4	-0.0588019	0.201982	1.04513	0.193259	-0.220164	-0.196575	0.86391	-0.227541
58	5	-0.00880766	0.169876	0.950521	0.178718	0.116307	0.246156	1.35486	0.181683
58	6	0.261666	0.809545	1.4843	0.545405	0.348301	0.70686	1.24332	0.568527
58	7	-0.0149008	0.108857	1.29954	0.083766	-0.110344	0.0186389	0.750123	0.0248478
58	8	0.0491964	0.404222	0.752695	0.537032	0.128139	0.210642	0.753058	0.279716
58	9	0.0579415	0.477955	0.753715	0.634132	0.0482081	0.16193	0.557217	0.290604
59	0	0.0891984	0.167694	1.04915	0.159837	0.18009	0.183271	1.04915	0.174684
59	1	0.259069	0.749024	1.0918	0.686044	0.21954	0.764433	1.26631	0.603672
59	2	0.048277	0.2794	1.1133	0.250966	0.0337086	0.173198	1.51041	0.11467
59	3	0.0257596	0.431371	1.19228	0.361805	-0.00324702	0.149341	1.14154	0.130825
59	4	0.166527	0.575703	1.06442	0.540861	0.411542	0.722333	1.19318	0.605384
59	5	0.37584	0.602986	1.05846	0.569681	0.0645427	0.518664	1.18313	0.438382
59	6	-0.00866808	0.022208	1.17934	0.0188308	0.1177	0.124057	1.54086	0.0805114
59	7	0.326017	0.423394	1.09702	0.385949	0.469928	0.861713	1.89424	0.454912
59	8	0.127922	0.406416	1.61889	0.251045	-0.112186	0.330242	1.4038	0.235249
59	9	-0.0736189	0.216477	1.06174	0.203888	-0.152943	0.020247	1.15035	0.0176007
60	0	0.0279279	0.172835	0.986986	0.175114	-0.0154733	0.153349	0.986986	0.155371
60	1	-0.0430368	0.245295	0.970984	0.252625	0.0411957	0.0755977	1.00249	0.0754097
60	2	0.0961407	0.0503507	0.997537	0.050475	0.138346	-0.144387	1.0876	-0.132757
60	3	0.13019	0.302425	1.14687	0.263695	-0.00508251	0.102816	1.33488	0.0770225
60	4	0.022479	0.619191	1.05213	0.588512	0.202076	0.434695	1.61841	0.268593
60	5	0.162167	0.21198	1.31591	0.16109	-0.187911	-0.326614	1.21398	-0.269043
60	6	-0.0435936	0.139938	1.1944	0.117162	0.401207	0.82081	1.10925	0.739967
60	7	0.194071	0.228634	1.08819	0.210105	-0.0254287	-0.179228	0.446375	-0.401519
60	8	0.0889524	0.640822	1.13053	0.566833	0.146628	0.640721	1.57847	0.405912
60	9	-0.00411495	0.0887476	1.11057	0.0799115	0.010545	0.0461283	0.872698	0.0528572
61	0	0.0234334	0.143117	0.778056	0.183942	0.0151274	0.140112	0.778056	0.18008
61	1	0.0677928	0.537119	1.01794	0.527654	0.168839	0.397696	0.656957	0.60536
61	2	0.0413151	0.366834	0.828706	0.442659	-0.159484	0.202561	0.828656	0.244446
61	3	-0.0675679	-0.0648982	0.814216	-0.0797065	0.0632231	0.0853192	0.685172	0.124522
61	4	0.100079	0.467395	0.811898	0.575682	0.157635	0.514092	0.842883	0.609922
61	5	0.153813	0.300619	0.821889	0.365765	0.213775	0.215399	0.686557	0.313737
61	6	0.252035	0.276568	0.978687	0.282591	0.0187281	0.393743	0.608005	0.647599
61	7	0.0869213	0.240285	0.608035	0.395182	0.171768	0.250182	0.796448	0.314123
61	8	0.0566646	0.376997	0.941278	0.400516	0.0537891	0.124633	0.706674	0.176366
61	9	0.0603442	0.431497	1.17451	0.367386	0.108698	0.227504	1.2026	0.189177
62	0	0.0491582	0.267999	0.734044	0.365099	0.111333	0.400071	0.734044	0.545023
62	1	0.0642838	0.293254	0.97941	0.299419	0.186874	-0.060126	0.938754	-0.0640488
62	2	0.233474	0.539237	0.913206	0.590488	0.0240405	0.271302	0.924005	0.293615
62	3	0.0961386	0.286664	0.885369	0.32378	0.12552	0.492102	1.1792	0.417319
62	4	0.0322023	0.147121	0.893085	0.164734	0.0701278	-0.23976	0.681236	-0.351948
62	5	0.203069	0.433867	0.94539	0.458929	0.210421	-0.0890591	0.996374	-0.0893832
62	6	-0.0768648	-0.345512	0.914686	-0.377738	-0.0130633	-0.437674	1.25379	-0.349081
62	7	0.212145	0.444983	1.11474	0.399182	0.179274	0.403665	0.807858	0.499674
62	8	0.0244025	0.114438	0.785727	0.145646	-0.047074	-0.112169	0.76911	-0.145843
62	9	0.0326733	0.196925	0.887652	0.221849	0.0199454	0.498384	0.837938	0.594774
63	0	0.215406	0.548644	1.00658	0.545055	0.230989	0.634564	1.00658	0.630414
63	1	0.254902	0.609795	1.08734	0.560812	0.361751	0.529474	0.880565	0.601289
63	2	0.199455	0.254299	0.967637	0.262804	0.125768	0.037106	0.86865	0.0427169
63	3	0.181241	0.391782	0.874766	0.44787	0.0819306	0.123709	0.664368	0.186205
63	4	-0.150191	-0.0510753	1.0314	-0.0495205	-0.126083	-0.00783113	0.93524	-0.00837339
63	5	-0.0637841	-0.0983743	0.935911	-0.105111	-0.271535	-0.138324	1.30672	-0.105856
63	6	-0.0806584	0.186587	0.907408	0.205626	0.0821862	0.217789	0.827237	0.263273
63	7	0.0993309	0.449687	0.702778	0.639871	0.31557	0.356681	0.63818	0.558903
63	8	0.171836	-0.0259286	0.748681	-0.0346324	-0.00683186	-0.0818812	0.373991	-0.218939
63	9	-0.0256215	-0.379269	0.990807	-0.382788	-0.00523919	-0.06866	0.781564	-0.0878495
64	0	0.0062685	-0.0680562	0.841059	-0.0809172	0.00939566	-0.0232953	0.841059	-0.0276976
64	1	-0.0520855	-0.184006	0.859007	-0.214208	-0.0516155	-0.24484	0.953996	-0.256647
64	2	0.146561	0.653873	1.14006	0.573542	0.186291	0.528023	1.2091	0.436707
64	3	0.0992601	0.433199	1.12914	0.383654	0.016686	0.47572	0.750343	0.634002
64	4	-0.0474727	0.335552	0.966155	0.347306	-0.0063769	0.500013	0.995365	0.502341
64	5	0.0750234	0.397359	0.923273	0.430381	0.28356	0.18965	0.876774	0.216304
64	6	0.300024	0.983051	1.03393	0.950786	0.203751	0.242382	1.86032	0.13029
64	7	0.298959	0.794347	1.13497	0.699883	0.136663	0.557237	1.27739	0.436231
64	8	-0.0964132	0.120215	1.02288	0.117525	-0.00999788	-0.00149763	0.330427	-0.0045324
64	9	0.110475	0.562685	1.03416	0.544096	0.156925	0.559416	1.14768	0.487433
65	0	0.0459893	0.0382642	0.738199	0.0518346	0.133861	-0.106654	0.738199	-0.144478
65	1	0.208359	0.59198	0.986356	0.600168	0.227152	0.793623	1.07594	0.737611
65	2	0.0900208	0.431425	0.994376	0.433865	-0.0268457	0.17167	0.843166	0.203602
65	3	0.0152468	0.0419203	0.878446	0.0477209	-0.0176088	0.208594	0.984463	0.211886
65	4	-0.0127163	0.266278	1.08774	0.2448	0.122974	0.555007	0.962309	0.576745
65	5	-0.0241883	-0.00450331	0.818743	-0.00550027	-0.196196	-0.379552	0.870566	-0.435983
65	6	-0.0731674	0.135498	1.17683	0.115138	0.143091	0.349633	1.09162	0.320289
65	7	0.334644	0.639828	0.884802	0.723132	0.227504	0.182743	0.766534	0.238401
65	8	0.0884724	0.0764555	1.09752	0.0696623	0.145037	0.0854161	1.6638	0.0513381
65	9	0.0781926	0.421931	1.12853	0.373877	0.0943501	-0.136631	0.816855	-0.167265
66	0	-0.015937	0.0776347	1.64102	0.0473088	0.157205	0.193922	1.64102	0.118171
66	1	0.29748	0.434065	1.17616	0.369054	0.184755	0.349662	1.17467	0.297669
66	2	0.0491721	0.0193991	0.98208	0.0197531	-0.000855514	0.0546447	1.05898	0.0516011
66	3	0.0611376	0.484859	1.05066	0.461479	0.0591741	0.339883	0.838611	0.405292
66	4	0.113951	0.132188	1.09428	0.120799	0.242159	0.365161	0.86429	0.422499
66	5	0.238376	0.54882	0.806865	0.680188	0.0639526	0.366467	0.626309	0.585122
66	6	-0.0150974	0.414201	0.766096	0.540665	0.103509	0.394533	0.956183	0.412612
66	7	0.324141	0.996164	0.894606	1.11352	0.457229	0.896593	0.939539	0.95429
66	8	0.269856	0.994513	1.05523	0.942463	0.127503	0.64236	1.02865	0.62447
66	9	0.0758262	0.317157	0.991711	0.319808	0.0872821	0.370307	0.867266	0.426982
67	0	0.0268665	0.0352882	1.28672	0.0274249	0.157914	0.234369	1.28672	0.182145
67	1	0.213786	0.365895	1.20299	0.304155	0.224041	0.152651	1.31879	0.115751
67	2	0.352141	0.530733	1.12227	0.472911	0.36559	0.639857	1.18007	0.542218
67	3	0.14519	0.435945	0.990887	0.439955	0.0430493	0.132728	0.933892	0.142123
67	4	0.139411	0.322868	0.953938	0.338458	0.0347674	0.374263	1.41665	0.264189
67	5	0.128881	0.47193	1.45885	0.323496	-0.136639	0.308785	1.8349	0.168285
67	6	-0.379439	-0.350489	1.25773	-0.278667	-0.265807	-0.328267	1.42695	-0.230048
67	7	0.102456	0.988147	0.932313	1.05989	0.271645	1.38524	1.71459	0.807916
67	8	0.0588243	0.517441	1.12244	0.460998	0.357684	0.623195	0.986599	0.63166
67	9	0.348128	0.425388	1.00294	0.424142	0.00837713	-0.126185	1.53948	-0.0819662
68	0	0.0161597	0.0771371	1.17645	0.0655677	0.051018	0.0214821	1.17645	0.0182601
68	1	-0.0740631	-0.183023	0.951964	-0.192258	-0.0586414	-0.411202	1.07544	-0.382357
68	2	0.182562	0.552381	1.20107	0.459908	0.182623	0.561739	0.918357	0.611679
68	3	0.189737	0.484747	0.998567	0.485443	0.312654	0.389663	1.11601	0.349159
68	4	0.219924	0.2667	0.845841	0.315308	0.0739622	0.24535	0.982394	0.249747
68	5	0.0390895	0.0737735	1.00541	0.0733766	-0.157485	-0.14457	1.06719	-0.135468
68	6	-0.199979	0.105107	0.788776	0.133253	-0.131045	0.220591	1.13779	0.193876
68	7	-0.0290807	0.329734	0.702553	0.469337	0.0554367	0.525668	1.18086	0.445155
68	8	0.0936316	0.729976	0.742721	0.98284	0.0153512	0.338875	0.838208	0.404285
68	9	-0.0039138	-0.135033	0.735483	-0.183598	0.12353	-0.392122	0.793149	-0.494386
69	0	0.0758449	0.140793	1.0305	0.136626	0.0792365	0.279073	1.0305	0.270812
69	1	0.0367515	0.352019	0.951058	0.370134	0.0301558	0.315126	1.20956	0.26053
69	2	0.0632909	0.349166	1.062	0.328783	0.00768063	0.210211	1.00086	0.210029
69	3	0.0512455	0.290984	0.835895	0.34811	0.148626	0.412994	0.712579	0.579576
69	4	0.118361	0.611681	0.909259	0.672724	0.114385	0.365457	0.753143	0.485242
69	5	0.296749	0.524596	0.921698	0.569163	0.421054	1.21042	1.31054	0.923599
69	6	0.156431	0.479015	1.24407	0.38504	-0.0580736	-0.0537971	0.558792	-0.0962739
69	7	0.0645773	-0.0555085	0.590558	-0.0939934	0.155559	-0.147846	0.629431	-0.234888
69	8	0.0567312	0.193568	0.660361	0.293124	-0.0579435	-0.0198593	0.820566	-0.024202
69	9	-0.0581238	-0.152987	0.848023	-0.180404	-0.0303095	0.117135	1.00709	0.116311
70	0	0.15376	0.318897	1.30163	0.244998	0.242552	0.471245	1.30163	0.362042
70	1	0.21257	0.474227	1.18299	0.400873	0.173363	0.414649	1.72272	0.240694
70	2	0.113549	0.725534	1.37512	0.527617	0.204309	0.645484	1.46918	0.439351
70	3	0.193946	0.399787	1.12641	0.354922	0.0612423	0.20968	1.05265	0.199193
70	4	0.0706123	-0.108187	1.07428	-0.100707	-0.0109713	0.15559	1.11775	0.139199
70	5	0.00558753	-0.0322058	0.82613	-0.038984	-0.225606	-0.497255	1.57871	-0.314975
70	6	-0.202613	-0.506101	1.34098	-0.377412	-0.0491494	-0.784834	2.17011	-0.361656
70	7	-0.164856	0.0975143	1.37473	0.0709334	0.013396	0.269265	3.00904	0.0894853
70	8	-0.0857827	-0.237821	1.25562	-0.189404	0.0499116	-0.265889	1.43246	-0.185618
70	9	0.204478	0.0867424	1.07666	0.0805666	-0.0901626	-0.148079	0.902813	-0.16402
71	0	0.0700781	0.206334	0.785754	0.262594	0.0133457	0.28842	0.785754	0.367061
71	1	-0.127055	-0.0743757	0.917507	-0.0810628	-0.0304275	-0.255282	0.810492	-0.314971
71	2	0.240849	0.474135	1.02235	0.463771	0.311854	0.651353	0.99254	0.656249
71	3	0.310737	0.758255	1.01556	0.746635	0.203052	0.643589	1.10501	0.582426
71	4	0.160136	0.303659	0.913149	0.33254	0.034108	0.536042	0.824821	0.649888
71	5	-0.172636	0.314115	0.925738	0.339313	-0.0472201	0.297644	0.984849	0.302223
71	6	-0.0484895	0.119623	1.09965	0.108783	-0.0927233	0.192879	0.39995	0.482258
71	7	-0.041561	0.153488	0.711198	0.215817	0.099301	0.288658	0.97616	0.295708
71	8	0.0583878	0.173293	1.03019	0.168214	-0.0726597	-0.115769	1.16175	-0.0996504
71	9	-0.0332665	0.0718033	0.980561	0.0732267	0.00753246	0.336768	0.97166	0.34659
72	0	0.0514837	0.197794	1.24214	0.159236	-0.0271161	-0.102335	1.24214	-0.0823861
72	1	0.142697	0.330896	0.988308	0.334811	0.349224	0.849656	0.979531	0.86741
72	2	0.294483	0.847054	0.958477	0.88375	0.247458	0.766664	0.873802	0.877388
72	3	0.0830854	0.0348803	0.962487	0.0362397	0.0271563	-0.144551	1.60209	-0.0902265
72	4	0.0834218	0.272904	1.01215	0.269628	-0.0353784	0.194431	1.35085	0.143932
72	5	0.0387991	0.0609839	1.35642	0.0449594	0.279584	0.130673	1.36767	0.095544
72	6	0.22787	0.0602883	1.40285	0.0429756	0.213162	0.611784	1.78901	0.341969
72	7	-0.132902	-0.475176	0.925217	-0.513583	-0.238174	-0.293612	1.32332	-0.221875
72	8	0.0623558	0.328238	0.895779	0.366427	0.0346611	0.0280725	0.916122	0.0306428
72	9	-0.0171722	0.248282	1.03947	0.238855	0.140042	0.151964	1.16647	0.130277
73	0	0.139342	0.365524	0.981408	0.372449	0.2178	0.4707	0.981408	0.479617
73	1	0.197695	0.222085	0.955023	0.232544	0.195957	0.0977488	0.84519	0.115653
73	2	0.123922	0.241654	0.910151	0.26551	0.0101661	-0.172426	0.800719	-0.215338
73	3	0.0370453	0.193208	0.978459	0.197462	-0.144475	0.0540189	0.945954	0.0571052
73	4	0.0322094	0.554786	0.879871	0.630531	0.197492	0.812918	0.993816	0.817977
73	5	-0.0504057	0.488518	1.10628	0.441586	-0.0529528	0.0592101	1.28186	0.0461909
73	6	-0.135286	-0.674251	1.04194	-0.647111	0.0358769	0.302376	1.02861	0.293966
73	7	0.119339	0.484994	1.03148	0.470192	0.0290779	0.232686	1.82073	0.127798
73	8	0.183329	0.244789	1.18481	0.206606	0.15794	0.242235	0.621599	0.389697
73	9	0.0155203	0.221925	1.05736	0.209886	0.244822	0.184595	0.715787	0.257891
74	0	0.0136413	0.0755547	1.51659	0.0498187	-0.0748795	-0.0079266	1.51659	-0.00522658
74	1	0.200557	0.593254	1.11658	0.531315	0.249164	0.764227	1.2255	0.623606
74	2	-0.162368	-0.188541	1.22324	-0.154132	-0.118695	-0.329215	1.28277	-0.256644
74	3	0.0718103	0.0725442	1.1461	0.0632966	0.155369	0.501944	1.30771	0.383833
74	4	0.142769	0.645939	1.05985	0.609464	0.0201409	0.232742	0.852886	0.272887
74	5	-0.0292953	-0.305816	1.10543	-0.27665	-0.0946733	-0.327615	0.782855	-0.418487
74	6	-0.186947	-0.0464389	0.785356	-0.0591311	0.12071	-0.146474	1.06249	-0.137859
74	7	0.291974	0.219212	0.884127	0.247942	0.0497654	0.312084	0.59467	0.524802
74	8	0.0841437	0.598157	1.06126	0.563627	0.0562698	0.0800391	0.913596	0.0876089
74	9	-0.189759	-0.126201	0.96773	-0.130409	0.027488	-0.368184	0.759107	-0.485022
75	0	0.101213	0.231364	1.10269	0.209818	0.256165	0.377208	1.10269	0.34208
75	1	0.391549	0.573139	1.13707	0.504049	0.382852	0.393491	1.0333	0.380811
75	2	0.140075	0.342487	1.10263	0.31061	0.0802712	0.0636964	0.995943	0.0639559
75	3	0.0327158	0.168343	0.911729	0.184642	-0.110343	-0.0663445	0.852664	-0.0778085
75	4	0.0411914	0.613597	0.894291	0.686126	0.0515299	0.647766	1.22155	0.530282
75	5	0.00518287	0.19339	0.899676	0.214955	-0.0370737	0.147198	0.77095	0.190931
75	6	-0.187822	-0.317723	1.03171	-0.307958	0.213457	-0.238858	1.32896	-0.179734
75	7	0.214993	-0.0820365	1.14151	-0.0718664	-0.0448392	-0.547777	0.834763	-0.656207
75	8	0.134035	0.435149	1.10044	0.395431	0.0547519	0.443079	1.6431	0.26966
75	9	0.0307828	-0.0280987	1.20064	-0.023403	0.0350262	-0.0980202	0.877672	-0.111682
76	0	0.0250723	0.173605	0.912075	0.190341	0.127505	0.272428	0.912075	0.298691
76	1	0.0594666	0.175052	0.972534	0.179996	-0.0133322	-0.135278	1.10539	-0.12238
76	2	0.0428459	-0.173567	1.06432	-0.163078	0.0680396	0.230531	0.970829	0.237458
76	3	0.0664971	0.238702	0.916967	0.260317	0.0543935	0.066299	0.994437	0.0666699
76	4	0.00981673	0.359264	0.925567	0.388156	0.0661486	-0.056058	0.672752	-0.0833264
76	5	0.112847	0.404203	0.927817	0.435649	-0.00961673	-0.293084	1.22633	-0.238993
76	6	0.0650443	-0.205228	1.53968	-0.133293	-0.0304139	-0.0423806	2.40129	-0.0176491
76	7	-0.0314949	0.245559	1.44504	0.169933	0.169697	0.625459	2.53699	0.246535
76	8	0.0419361	0.122753	1.18342	0.103727	-0.0166297	0.00841689	0.753477	0.0111707
76	9	0.0800172	0.0096529	0.908589	0.0106241	0.00230035	0.0992788	0.65733	0.151033
77	0	-0.0482101	-0.161183	1.00711	-0.160044	-0.0481434	-0.395751	1.00711	-0.392955
77	1	0.30919	0.518442	0.937025	0.553285	0.466018	0.910164	1.29352	0.703633
77	2	0.336023	0.780295	1.22115	0.638984	0.265601	0.748736	1.11066	0.674138
77	3	0.172951	0.33942	0.980897	0.34603	-0.00753409	0.27094	0.837312	0.323582
77	4	0.157831	0.61208	0.986689	0.620338	0.165687	0.278383	0.938267	0.296699
77	5	0.0704895	0.261476	0.913548	0.28622	0.204059	0.327766	1.39526	0.234914
77	6	-0.00750356	-0.182249	0.956402	-0.190557	0.110693	0.161237	0.601241	0.268174
77	7	0.162629	0.19789	0.883419	0.224004	0.0838054	0.0711841	0.260902	0.272839
77	8	0.0982376	0.222596	0.937647	0.237399	0.0659327	0.136389	0.95132	0.143368
77	9	0.039579	-0.113072	0.962474	-0.117481	0.0508853	-0.251143	0.908948	-0.276301
78	0	0.0781801	0.386917	0.900055	0.429881	0.174626	0.430892	0.900055	0.47874
78	1	0.151922	0.266051	0.944342	0.281732	0.0726777	0.0878814	0.860911	0.10208
78	2	0.0511258	0.324054	0.972842	0.3331	0.0135934	0.53508	0.981023	0.545431
78	3	0.0181881	0.105904	1.005	0.105377	0.0245874	0.229867	0.918947	0.250142
78	4	0.136228	0.467131	1.02648	0.45508	0.190942	0.458669	0.833273	0.550443
78	5	0.00156537	0.168196	0.952251	0.176629	-0.136183	-0.142948	1.29662	-0.110247
78	6	-0.00985518	-0.0949598	0.936866	-0.101359	-0.025185	-0.2723	0.840319	-0.324044
78	7	0.244151	0.493577	1.09061	0.452568	0.332398	0.516651	0.93662	0.551612
78	8	-0.0208804	0.390652	1.02619	0.380682	-0.105796	0.301612	0.637806	0.472891
78	9	-0.00975079	0.102672	0.990316	0.103676	0.138262	0.525676	1.3312	0.394889
79	0	0.0342035	0.00650361	0.89933	0.00723161	0.0461129	-0.0453337	0.89933	-0.0504083
79	1	0.0564928	0.354229	1.1068	0.320049	-0.00360172	-0.0512271	1.119	-0.0457794
79	2	-0.00540674	-0.10839	1.11866	-0.0968921	0.0938579	0.0596786	0.962098	0.0620297
79	3	0.017758	-0.172384	0.819615	-0.210323	0.0682557	-0.107109	0.845672	-0.126655
79	4	0.0937471	0.0714024	0.994606	0.0717896	0.0921146	0.0228316	0.72944	0.0313002
79	5	0.0964878	0.328298	0.940546	0.34905	0.084031	0.0387271	0.902267	0.042922
79	6	0.0539629	-0.118269	0.93324	-0.12673	-0.0147788	0.391131	1.18031	0.33138
79	7	0.147856	-0.0246842	0.921512	-0.0267867	0.175256	0.0196021	0.930201	0.021073
79	8	0.302019	0.704193	0.96269	0.731485	0.427212	0.806833	1.15903	0.696125
79	9	0.223406	0.231641	0.963582	0.240395	-0.0614378	-0.0870774	0.826473	-0.10536
80	0	0.0563014	0.225427	1.21159	0.186058	0.125081	0.284255	1.21159	0.234613
80	1	0.149175	0.380636	0.886891	0.429181	0.197892	0.0975247	0.954038	0.102223
80	2	0.0182252	-0.00519139	0.964206	-0.00538411	-0.172423	-0.086961	0.890409	-0.0976641
80	3	0.0779562	0.424117	0.840304	0.504719	0.261091	0.307775	0.932477	0.330062
80	4	0.0944309	0.241474	0.842531	0.286606	0.171787	0.201937	0.594763	0.339525
80	5	0.24995	0.183438	0.734476	0.249753	0.0817234	0.101011	0.584069	0.172944
80	6	0.0362014	0.0059874	1.21994	0.00490796	-0.263404	-0.299004	1.87089	-0.159819
80	7	-0.306983	-0.206878	1.0887	-0.190023	0.132496	0.5027	1.34069	0.374955
80	8	0.0874025	0.0968508	1.06324	0.0910901	-0.0741634	-0.261135	1.39325	-0.187428
80	9	-0.0408687	0.0165215	1.20661	0.0136925	0.0120313	0.189047	1.09331	0.172912
81	0	0.156907	0.417961	0.951987	0.439041	0.281915	0.618667	0.951987	0.64987
81	1	0.184704	0.582044	1.02637	0.567092	0.0950284	0.377638	1.22368	0.308608
81	2	0.12174	0.39826	1.07692	0.369813	0.120946	0.123406	0.969129	0.127337
81	3	0.234622	0.390226	1.08329	0.360224	0.327365	0.492757	0.806248	0.611173
81	4	0.192436	0.468359	0.785369	0.596356	0.0117694	0.192085	0.703993	0.272851
81	5	-0.0636231	0.230858	0.749359	0.308074	-0.156474	0.0821165	0.796265	0.103127
81	6	-0.08185	0.34043	0.889711	0.38263	-0.10538	-0.235695	0.368306	-0.639944
81	7	0.0933438	0.711346	0.827432	0.859703	0.479893	1.10732	1.53661	0.720627
81	8	0.258001	0.458414	1.10875	0.413453	0.0430556	0.423981	1.78814	0.237107
81	9	0.121157	0.263795	1.39945	0.188498	0.304506	0.34431	1.40288	0.245431
82	0	0.262369	0.587827	1.1509	0.510756	0.32709	0.885597	1.1509	0.769485
82	1	-0.00562024	0.278846	1.05331	0.264734	0.0178221	0.103895	0.882639	0.117709
82	2	0.193848	0.352815	1.03464	0.341003	0.0935982	0.271641	0.96701	0.280908
82	3	0.155605	0.691189	0.979297	0.705801	0.0838424	0.805274	1.06182	0.758391
82	4	-0.0910306	-0.113416	0.905875	-0.1252	0.0859158	0.0410735	0.845312	0.0485898
82	5	0.0998404	0.640014	0.842896	0.759304	-0.270324	-0.248221	0.98124	-0.252966
82	6	-0.232783	-0.400417	1.09962	-0.364142	-0.0436836	-0.319302	1.03618	-0.308153
82	7	0.0256495	-0.112074	1.00398	-0.11163	0.189427	-0.430964	1.13628	-0.379277
82	8	0.0891857	0.0139471	0.961722	0.0145022	-0.0198152	0.0715404	1.03868	0.068876
82	9	0.0137521	0.161324	0.902777	0.178697	0.178944	-0.0549419	0.722304	-0.0760649
83	0	-0.0565659	-0.0894317	1.15242	-0.0776034	0.00545161	0.102636	1.15242	0.0890616
83	1	0.185015	0.434892	1.06615	0.407907	0.302832	0.259017	0.794457	0.326031
83	2	0.212645	0.465016	1.12632	0.412864	0.0890142	0.500732	1.12954	0.443305
83	3	0.0378979	0.15777	1.14559	0.137719	-0.0877318	0.169355	1.38936	0.121894
83	4	0.0314695	0.333632	1.14684	0.290914	0.154539	0.178746	1.16053	0.154021
83	5	0.0110284	-0.056128	1.03588	-0.0541837	0.0732184	-0.0424633	0.783084	-0.0542258
83	6	0.0394855	0.353499	1.1426	0.309381	-0.0582731	-0.152792	0.927387	-0.164755
83	7	0.0198791	-0.188859	0.836258	-0.225838	0.0373817	-0.189551	0.327784	-0.578282
83	8	0.0895078	0.305216	0.743523	0.4105	0.0230953	-0.0424452	0.524895	-0.0808642
83	9	-0.135456	-0.281326	1.00252	-0.28062	-0.111529	-0.387854	1.14833	-0.337756
84	0	0.00971729	0.151287	0.969792	0.155999	0.123789	0.353728	0.969792	0.364746
84	1	0.139956	0.582187	1.09884	0.529818	0.102115	0.162539	1.07859	0.150696
84	2	0.148053	0.24946	1.05091	0.237374	0.0534699	0.163226	0.76165	0.214305
84	3	0.0666183	0.341665	0.739104	0.462269	0.130844	0.35474	0.806095	0.440072
84	4	0.0971329	0.0528642	0.795913	0.0664196	-0.166944	-0.217244	0.509611	-0.426295
84	5	-0.197903	-0.0961575	0.716767	-0.134154	0.0674057	-0.133568	0.585305	-0.228203
84	6	0.071634	0.334141	0.713566	0.46827	0.206303	0.334063	0.442734	0.754545
84	7	0.32163	-0.0275859	1.07958	-0.0255524	0.225622	0.249232	0.420134	0.593221
84	8	0.208955	1.04069	0.976254	1.066	0.208346	1.13488	1.60548	0.706876
84	9	0.133143	0.658113	1.0285	0.639875	0.0857877	0.337727	0.66632	0.506855
85	0	0.0233561	0.153054	0.905321	0.16906	0.0914646	0.272028	0.905321	0.300476
85	1	0.169487	0.520305	1.07431	0.484316	0.185497	0.154326	1.04002	0.148387
85	2	0.192818	0.537545	1.14401	0.469876	0.036487	0.504997	0.980303	0.515144
85	3	0.0383158	0.0758564	0.968324	0.0783378	0.0870397	0.0942262	0.822131	0.114612
85	4	0.0338926	0.268531	0.834758	0.321687	0.0931715	0.0133707	0.570782	0.0234252
85	5	0.181488	0.113973	0.856626	0.133049	0.0421992	0.00449271	0.748713	0.00600058
85	6	0.0864812	0.145445	0.801353	0.1815	-0.0310479	0.282227	0.855214	0.330007
85	7	0.102073	0.775718	1.0082	0.769413	0.506347	0.737147	1.45862	0.505372
85	8	0.322795	0.453044	0.877525	0.516274	0.140688	0.520392	0.701934	0.741369
85	9	0.222072	0.694682	0.981356	0.70788	0.188843	0.522843	1.40126	0.373125
86	0	0.015955	0.0985803	1.05191	0.0937159	0.138971	0.164956	1.05191	0.156816
86	1	0.0965282	0.308788	1.02324	0.301776	0.0202193	0.0155149	1.19918	0.0129379
86	2	0.0650143	0.283632	1.07804	0.263099	0.148727	-0.0164556	0.688832	-0.0238891
86	3	0.240756	0.695724	0.802724	0.866705	0.132326	0.451023	0.71864	0.627607
86	4	0.067595	0.545516	0.928172	0.587731	0.111469	0.248863	0.83395	0.298414
86	5	-0.0114944	0.0815355	1.13057	0.0721189	-0.357578	-0.63059	2.06271	-0.30571
86	6	-0.0358743	-0.421387	1.51482	-0.278177	0.39206	0.167625	0.219866	0.762399
86	7	0.0647665	0.139168	0.688275	0.202199	-0.0958376	-0.202978	0.789211	-0.257191
86	8	0.0727216	0.208561	0.762698	0.273451	0.216924	0.274773	0.902221	0.304552
86	9	0.181065	0.280233	1.16729	0.240071	-0.147311	-0.169928	1.65919	-0.102416
87	0	0.00943025	-0.0334449	0.735793	-0.0454542	0.132819	0.0790285	0.735793	0.107406
87	1	0.187195	0.272387	0.860449	0.316564	0.102229	0.153362	0.958641	0.159978
87	2	0.250192	0.764675	1.06785	0.716085	0.263854	0.669332	1.39973	0.478188
87	3	0.129538	0.0222217	1.07785	0.0206167	-0.0433096	-0.0364319	1.07141	-0.0340039
87	4	0.222512	0.216343	1.12222	0.192782	0.390845	0.661002	0.832144	0.794335
87	5	0.0301043	0.150938	1.05189	0.143492	-0.110018	-0.499844	0.991656	-0.50405
87	6	0.120359	0.383359	1.22608	0.312671	0.103952	0.334291	2.22874	0.149991
87	7	-0.328107	-0.36645	1.66605	-0.219951	-0.0996272	-0.229703	2.18824	-0.104972
87	8	0.290196	0.436743	1.23058	0.354908	0.18025	0.563011	1.26482	0.445131
87	9	-0.0331411	0.197215	1.09478	0.180141	-0.086905	0.178361	0.717883	0.248454
88	0	0.140134	0.413129	0.886581	0.46598	0.20774	0.591682	0.886581	0.667375
88	1	0.0184653	0.10502	1.1094	0.0946632	-0.0157317	-0.0850032	0.956281	-0.0888893
88	2	0.110717	0.372056	1.13865	0.326751	0.0394249	0.427204	1.10572	0.386358
88	3	0.078372	0.569494	1.04204	0.546519	0.152074	0.347919	0.976526	0.356283
88	4	0.169984	0.250466	0.826925	0.302889	0.332977	0.341885	0.839485	0.407256
88	5	0.191458	0.248074	0.97332	0.254874	-0.332787	-0.674028	0.886555	-0.760278
88	6	-0.291825	-0.375508	0.685819	-0.547533	0.060423	-0.198602	0.396868	-0.500423
88	7	0.110868	0.594486	0.743563	0.799509	0.0614758	0.604197	0.908677	0.66492
88	8	0.142418	0.282245	0.821307	0.343653	0.288971	0.197772	0.680778	0.290509
88	9	0.151288	-0.0981525	0.826198	-0.1188	0.157346	0.135767	0.745004	0.182236
89	0	-0.0914247	-0.092207	0.945131	-0.09756	0.0836369	0.183212	0.945131	0.193849
89	1	0.250353	0.424998	0.953659	0.44565	0.0200412	0.245377	0.759255	0.323181
89	2	0.0573528	0.421265	0.659499	0.638765	0.146039	0.497635	0.777696	0.639884
89	3	0.158377	0.614127	1.23463	0.497416	0.133262	0.832634	0.943073	0.882895
89	4	0.0449439	0.127976	0.859017	0.148979	-0.0752211	0.11008	0.777337	0.141612
89	5	0.0847572	0.741638	0.775835	0.955922	0.269511	0.772424	0.999637	0.772704
89	6	-0.0433439	-0.106462	1.09705	-0.0970439	-0.11342	-0.461096	0.799052	-0.577054
89	7	0.176056	0.458394	0.798758	0.573884	0.103871	0.36378	0.458235	0.793873
89	8	0.101672	0.228241	0.799322	0.285543	0.168367	0.469287	0.602779	0.778539
89	9	0.166678	0.269165	1.00983	0.266545	0.179504	0.106743	0.94976	0.112389
90	0	0.168382	0.408308	0.664643	0.614326	0.318907	0.592089	0.664643	0.890837
90	1	0.364623	0.494967	0.786356	0.629444	0.326582	0.466684	0.948221	0.492168
90	2	0.193863	0.421641	0.99145	0.425278	-0.00849504	0.607696	0.989375	0.614222
90	3	-0.0525327	0.598904	0.945505	0.633423	0.0450858	0.359441	0.762493	0.471403
90	4	0.031848	0.47228	0.870103	0.542787	0.0891069	0.507524	0.707243	0.717609
90	5	0.079154	0.349538	0.715684	0.488398	-0.183218	0.0678446	0.431508	0.157227
90	6	-0.207671	-0.177594	0.757932	-0.234314	0.0848562	0.0843601	1.42864	0.0590493
90	7	0.254668	0.127396	0.952727	0.133717	0.223084	-0.100634	0.374937	-0.268403
90	8	0.0913632	0.206984	0.882555	0.234528	0.0606039	0.00980193	0.585306	0.0167467
90	9	0.0470882	0.150029	0.863704	0.173704	0.0335355	-0.010732	0.61233	-0.0175265
91	0	-0.0187394	0.0123756	0.620386	0.0199482	0.0304606	0.0610951	0.620386	0.0984793
91	1	0.227164	0.769399	0.961444	0.800253	0.313945	0.567923	0.989575	0.573906
91	2	0.214546	0.690209	1.01656	0.678966	0.0731031	0.585629	1.16877	0.501066
91	3	-0.00274213	-0.055771	1.11263	-0.0501254	-0.00783333	-0.0310773	1.25586	-0.0247459
91	4	0.019916	0.0793779	0.794106	0.0999589	-0.189547	-0.208871	0.536034	-0.389659
91	5	-0.115777	-0.459505	0.705668	-0.651163	-0.0762763	-0.415685	1.0333	-0.402288
91	6	0.0312759	0.196139	1.52193	0.128875	0.12129	0.800016	2.15286	0.371607
91	7	0.0292204	0.632745	1.34311	0.471105	0.189567	0.403478	0.991069	0.407114
91	8	0.0675369	0.178261	0.901656	0.197704	-0.0137406	0.089951	1.07821	0.0834262
91	9	0.0200408	0.160848	0.877251	0.183355	-0.126561	-0.0907128	0.828429	-0.1095
92	0	0.024316	-0.0481425	0.988527	-0.0487012	0.229862	0.134818	0.988527	0.136382
92	1	0.361559	0.625632	0.966968	0.647003	0.232244	0.177822	0.833378	0.213375
92	2	0.112464	0.63932	0.829318	0.770899	0.155665	0.370005	0.733889	0.50417
92	3	0.125728	0.319822	0.810207	0.39474	0.00390955	0.029267	0.8473	0.0345415
92	4	0.0349269	-0.423178	1.13517	-0.372787	-0.0500696	-0.498107	1.31301	-0.379363
92	5	0.106465	0.215755	1.02269	0.210968	0.23229	0.102867	0.988757	0.104037
92	6	0.0190513	0.206552	1.19912	0.172253	-0.0554888	0.313731	0.986261	0.318102
92	7	-0.0654666	0.301323	0.907923	0.331882	-0.0894143	0.0485678	0.484261	0.100293
92	8	0.200178	0.652895	1.16224	0.561756	0.438959	0.7053	0.948814	0.74335
92	9	0.315488	0.538212	1.15394	0.466413	0.114574	0.322373	1.07412	0.300128
93	0	0.0622977	0.205483	0.878102	0.234008	0.221685	0.263488	0.878102	0.300065
93	1	0.154055	0.396444	1.02816	0.385584	0.0742595	0.0722172	0.82351	0.0876944
93	2	0.129209	0.167779	0.815192	0.205815	0.160107	-0.00163653	0.506024	-0.00323409
93	3	0.122346	0.0322554	0.79209	0.0407218	-0.0074047	0.0895261	0.761258	0.117603
93	4	-0.00240475	0.120133	0.953082	0.126047	0.0860478	0.238673	0.952534	0.250566
93	5	0.0316948	-0.065992	1.04389	-0.0632173	-0.012057	-0.171328	1.08481	-0.157934
93	6	0.133813	-0.123001	0.957632	-0.128443	-0.0982352	-0.174429	0.336913	-0.517727
93	7	-0.0529563	-0.532566	0.796247	-0.668845	0.205854	-0.351722	0.759559	-0.463061
93	8	0.0744709	0.306252	0.827302	0.370181	0.092227	0.0651526	0.295159	0.220738
93	9	0.0809476	0.112629	0.805605	0.139807	-0.05263	-0.132046	1.07652	-0.122661
94	0	0.261473	0.695561	1.11442	0.624148	0.558256	1.14573	1.11442	1.0281
94	1	0.305433	0.342886	0.968245	0.354131	-0.00233152	-0.170072	0.849306	-0.200249
94	2	-0.00236155	0.128399	0.964802	0.133083	-0.0343665	0.118762	0.840433	0.14131
94	3	-0.0980814	-0.247405	0.884172	-0.279815	-0.0468124	0.0461821	0.875293	0.0527619
94	4	0.0497419	0.323451	1.0916	0.296309	0.0902329	0.111683	1.05839	0.105522
94	5	0.180504	0.0787709	0.950266	0.0828935	0.302822	0.802358	0.99145	0.809278
94	6	0.266794	0.785207	1.22133	0.642912	-0.0716287	-0.0216272	0.8221	-0.0263073
94	7	0.109664	0.396556	1.31232	0.302179	0.37874	0.364047	2.33049	0.156211
94	8	0.140735	0.123887	1.00895	0.122787	0.134872	0.0340456	0.573753	0.0593383
94	9	0.186294	0.442947	0.893742	0.495609	0.177919	0.219296	0.991695	0.221133
95	0	0.076292	0.471245	0.94795	0.49712	0.19217	0.818227	0.94795	0.863154
95	1	0.214081	0.641193	0.950985	0.674241	0.168416	0.561191	1.47707	0.379934
95	2	0.110191	0.256429	1.15526	0.221967	0.123895	0.447556	0.947502	0.472354
95	3	0.253611	0.917644	1.07311	0.855128	0.229127	0.67764	1.21737	0.556641
95	4	0.293611	0.789191	0.964022	0.818645	0.309345	0.900382	1.00086	0.899612
95	5	0.287475	0.54135	0.865706	0.625328	0.301366	0.970082	0.739372	1.31204
95	6	0.00483401	0.3798	0.773591	0.490957	-0.0816801	-0.10405	0.636426	-0.163492
95	7	-0.0167493	-0.436023	0.676754	-0.644285	0.0201889	-0.4091	0.623913	-0.6557
95	8	-0.0134885	0.152836	0.752434	0.203122	0.10591	0.219965	0.801833	0.274328
95	9	0.206585	0.229384	0.935559	0.245184	0.1951	0.288022	0.977024	0.294795
96	0	0.0324528	0.0982637	0.92166	0.106616	0.0440777	0.0112373	0.92166	0.0121924
96	1	0.00453875	0.0835073	0.859466	0.0971618	-0.0170891	0.00275397	0.770252	0.00357542
96	2	-0.0587067	0.373044	1.1102	0.336015	-0.174396	-0.0868985	0.83499	-0.104071
96	3	-0.00438833	0.386066	1.02204	0.377742	0.281342	0.653938	1.32627	0.493063
96	4	0.18114	0.421097	1.28317	0.328169	0.0535692	0.0835779	1.04295	0.0801358
96	5	0.154274	0.44013	1.04137	0.422646	0.177176	0.22426	1.069	0.209784
96	6	-0.0618385	0.925988	1.03558	0.894171	0.060469	0.687309	1.19408	0.575597
96	7	0.315062	-0.105837	0.857816	-0.123379	0.0968977	0.0313599	0.321904	0.0974202
96	8	-0.0363867	0.108603	0.834953	0.13007	-0.108269	0.0882103	1.00271	0.0879715
96	9	-0.0400046	0.314308	0.953734	0.329555	0.130569	0.944164	0.836822	1.12827
97	0	0.048197	0.0505528	0.80661	0.0626731	0.262153	0.200487	0.80661	0.248555
97	1	0.302097	0.172343	0.78315	0.220064	0.201884	0.331275	0.681976	0.485757
97	2	0.146826	0.390484	0.981236	0.397951	0.110357	0.220933	0.924088	0.239082
97	3	0.0801409	0.239959	1.00287	0.239273	0.14054	0.025614	0.663775	0.0385884
97	4	0.328521	0.756313	1.02031	0.741257	0.271328	0.769011	0.980898	0.783987
97	5	0.0215157	0.23539	0.993675	0.236888	-0.202924	-0.330259	0.543149	-0.608045
97	6	-0.0461033	-0.293639	0.722022	-0.40669	-0.084689	0.124221	0.584121	0.212663
97	7	-0.0470753	0.11693	0.753896	0.155101	0.269091	0.233082	0.2416	0.964746
97	8	0.178646	0.0471005	0.688153	0.0684448	0.0271365	0.171077	0.800431	0.213731
97	9	0.0676513	0.479107	0.935965	0.511886	0.199099	0.23069	1.05134	0.219425
98	0	0.108916	0.503797	1.20197	0.419144	0.194447	0.720141	1.20197	0.599135
98	1	0.190487	0.442449	1.13506	0.389802	0.151866	0.358681	1.24398	0.288333
98	2	0.111546	0.663972	0.988528	0.671677	0.068886	0.624275	1.26818	0.492259
98	3	0.051404	0.638897	1.06885	0.597745	0.0851865	0.0882161	1.1471	0.0769034
98	4	0.0604006	0.163439	0.818526	0.199675	0.15582	0.252222	0.822689	0.306582
98	5	0.104465	0.198705	0.757299	0.262387	-0.315283	-0.488359	1.41594	-0.344902
98	6	-0.233323	0.0487028	1.19224	0.0408498	0.0534085	-0.174205	1.11384	-0.1564
98	7	-0.0355758	0.24128	0.79194	0.30467	-0.194024	0.164931	1.08626	0.151834
98	8	-0.0150703	0.297411	0.892947	0.333067	0.158081	0.382561	1.09721	0.348666
98	9	0.0502106	0.395652	0.938252	0.421691	0.206312	0.0488342	0.830654	0.0587901
99	0	0.0436101	0.0523238	0.940519	0.0556329	0.13076	0.0114519	0.940519	0.0121762
99	1	0.0256223	0.163521	1.1555	0.141516	0.0110726	0.215357	1.18674	0.181469
99	2	0.141274	0.380032	1.06759	0.355973	0.172513	-0.031363	0.773052	-0.0405704
99	3	0.20899	0.605248	0.935398	0.647048	0.196521	0.593518	1.27272	0.466338
99	4	0.127879	0.153948	1.01356	0.151888	0.13689	-0.310405	0.812268	-0.382146
99	5	0.123771	-0.124591	0.829183	-0.150257	-0.140129	0.0315467	0.95043	0.033192
99	6	-0.11605	-0.189143	0.961427	-0.196732	-0.213616	-0.0971098	1.28988	-0.0752858
99	7	-0.307775	-0.320738	1.00973	-0.317648	-0.0191563	-0.0548186	0.785489	-0.0697891
99	8	0.0172589	0.0640905	0.86723	0.0739025	0.155987	0.291043	0.994133	0.292761
99	9	0.312099	0.360726	0.795913	0.453222	0.23202	0.31337	0.502989	0.623016
100	0	-0.0298091	-0.0961182	0.799463	-0.120229	0.0934682	-0.0320602	0.799463	-0.0401022
100	1	0.132278	0.441615	0.95805	0.460952	0.116158	-0.034098	0.861497	-0.0395799
100	2	0.223142	0.222872	1.04535	0.213204	0.230153	0.0662616	1.14796	0.057721
100	3	0.162777	0.57741	1.05833	0.545587	0.021317	0.266398	1.19217	0.223456
100	4	0.0330033	0.145768	0.901513	0.161692	0.130799	0.243635	0.55732	0.437154
100	5	0.16877	0.369423	0.873352	0.422995	0.20293	0.144085	0.777304	0.185365
100	6	0.165538	-0.00866995	0.711827	-0.0121799	0.128008	0.227595	1.24602	0.182657
100	7	0.29403	0.552983	1.18592	0.466289	0.25892	0.414161	1.51674	0.273061
100	8	0.053817	0.340088	1.09498	0.310588	-0.0719077	-0.355887	1.41825	-0.250935
100	9	-0.164574	-0.14274	1.07531	-0.132743	0.0400173	-0.0904058	1.10186	-0.0820483
