RUN	Year	DeltaBV	Sel	Var	Beta	DeltaBVRecruits	SelRecruits	VarRecruits	BetaRecruits
1	0	0.0982355	0.121256	0.644119	0.18825	0.29075	0.234251	0.644119	0.363676
1	1	0.211669	0.256148	0.75443	0.339525	0.0148453	-0.123759	0.972458	-0.127265
1	2	0.151053	0.210955	0.998445	0.211284	0.196498	0.161761	0.790201	0.204708
1	3	0.351822	0.208936	0.840434	0.248605	0.554936	0.443804	0.76945	0.576781
1	4	0.475228	0.515147	0.968904	0.53168	-0.143414	-0.0841248	1.05394	-0.0798196
1	5	-0.255211	-0.136	1.03302	-0.131654	0.219122	0.447254	1.45022	0.308404
1	6	0.0657557	0.150115	1.22172	0.122872	0.23443	0.446112	0.764959	0.583185
1	7	0.281361	0.405283	0.769172	0.526909	0.116676	-0.064443	0.689244	-0.0934981
1	8	0.274478	0.312512	0.680277	0.459389	0.478958	0.475441	0.837227	0.567876
1	9	0.354849	0.441694	1.04492	0.422706	0.261271	0.18401	0.860193	0.213918
2	0	-0.163854	-0.148089	1.04022	-0.142363	-0.1192	-0.175346	1.04022	-0.168566
2	1	0.363289	0.321046	0.996653	0.322125	0.583519	0.465535	1.04331	0.446208
2	2	0.740756	0.855515	1.06262	0.805103	1.13271	1.03342	1.21223	0.852491
2	3	0.921555	1.07736	1.18414	0.909821	0.239949	0.345841	1.05597	0.32751
2	4	0.116506	0.310394	0.930851	0.333452	0.224759	0.378114	1.31272	0.288039
2	5	0.4513	0.411972	1.24277	0.331495	-0.00559609	0.0621087	2.00884	0.0309176
2	6	0.219745	0.401786	1.74892	0.229733	0.511064	0.533988	3.3888	0.157574
2	7	-0.468377	-0.561583	1.5525	-0.361728	0.077681	0.0466408	2.3778	0.0196152
2	8	0.771564	0.967755	1.69167	0.572072	0.447856	0.311799	0.974102	0.320089
2	9	0.351218	0.740028	0.978216	0.756508	0.478871	0.565134	1.46961	0.384547
3	0	0.0441898	0.0885637	0.942358	0.093981	0.231637	0.194034	0.942358	0.205902
3	1	0.0652439	0.0779398	0.917664	0.0849328	-0.221851	-0.126935	1.00466	-0.126347
3	2	0.00201012	-0.0873866	0.904678	-0.0965942	0.256806	0.153728	0.857455	0.179284
3	3	0.494455	0.424106	1.0417	0.407129	0.394288	0.363728	1.15657	0.314488
3	4	0.346037	0.505065	0.903911	0.558756	0.380924	0.423096	0.792659	0.533768
3	5	0.420488	0.47787	0.782174	0.610951	0.0225961	0.246131	1.118	0.220154
3	6	0.0940413	0.267301	1.02102	0.261797	0.503523	0.574899	2.07371	0.277232
3	7	0.9311	0.814678	1.59949	0.509335	1.07825	1.05479	2.10026	0.502218
3	8	0.237496	0.276608	1.22115	0.226513	-0.0933635	-0.0834052	0.67785	-0.123044
3	9	-0.0397788	0.0345081	0.710307	0.0485819	-0.0267746	0.0621074	0.466202	0.13322
4	0	0.0184121	-0.106943	0.94314	-0.11339	0.296661	-0.0608336	0.94314	-0.0645012
4	1	0.251168	0.39148	0.894352	0.437725	0.108422	0.100025	0.65694	0.152259
4	2	0.202035	0.232216	0.812501	0.285804	0.166944	0.103581	0.788434	0.131376
4	3	0.180931	0.289145	0.771006	0.375023	0.235644	0.205611	0.531974	0.386506
4	4	0.214123	0.236157	0.62697	0.376665	0.18323	0.177163	0.63777	0.277786
4	5	0.0837878	0.062967	0.776158	0.0811265	-0.0624693	-0.245137	0.941602	-0.260341
4	6	-0.031539	0.31081	1.02881	0.302107	0.225196	0.48846	0.761853	0.641147
4	7	0.605547	1.13994	0.683647	1.66744	0.676495	0.939475	0.774317	1.2133
4	8	0.562303	0.756012	1.05046	0.719696	0.307854	0.461274	0.816515	0.564931
4	9	0.366278	0.534985	1.08383	0.493605	0.474216	0.46179	0.859318	0.537391
5	0	0.229664	0.177195	0.987476	0.179443	0.426632	0.209244	0.987476	0.211897
5	1	0.272643	0.267894	1.08637	0.246595	0.33477	0.191833	0.979625	0.195823
5	2	0.365964	0.502115	0.954961	0.525796	0.217232	-0.091242	0.898959	-0.101497
5	3	0.04941	0.104808	0.924959	0.113311	0.210674	0.0664729	0.971786	0.0684029
5	4	0.454776	0.51831	1.30034	0.398595	0.338778	0.407735	1.40676	0.28984
5	5	0.11339	0.192039	1.13597	0.169053	-0.0534646	-0.140838	1.29452	-0.108795
5	6	0.173905	0.0861755	1.27327	0.0676804	0.029256	0.354975	1.1306	0.31397
5	7	0.0411541	0.212871	1.04009	0.204666	0.214938	0.219264	1.28685	0.170388
5	8	0.078178	0.0424748	1.1169	0.0380291	0.307111	0.379786	0.978642	0.388074
5	9	0.377201	0.340839	0.771618	0.44172	0.106703	0.2655	0.629218	0.421952
6	0	-0.118321	-0.0800236	0.9191	-0.0870673	-0.129125	0.0502474	0.9191	0.0546702
6	1	1.02991	1.27834	0.906912	1.40955	1.11283	1.49285	1.11603	1.33765
6	2	-0.169292	-0.252923	1.40001	-0.180659	-0.296427	-0.268211	1.33705	-0.200599
6	3	-0.132755	-0.151895	1.21263	-0.125261	0.138234	0.00260747	1.25473	0.00207811
6	4	0.102724	0.333311	1.2757	0.261277	-0.27476	-0.0920663	1.20852	-0.0761812
6	5	-0.00157513	-0.123718	1.26068	-0.0981362	0.102548	0.202049	1.45755	0.138622
6	6	0.467429	0.937379	1.39979	0.669658	0.26027	0.817713	1.74896	0.467541
6	7	-0.447492	-0.535114	0.911524	-0.587053	-0.34155	-0.281188	0.738981	-0.380508
6	8	-0.000409759	0.0747549	0.939778	0.0795454	0.0957882	0.216378	1.05986	0.204157
6	9	0.0714415	0.112562	0.783617	0.143644	0.33605	0.29294	0.656757	0.446041
7	0	-0.0282265	-0.0832881	0.983376	-0.0846961	0.136455	-0.0683581	0.983376	-0.0695137
7	1	0.343741	0.599483	0.995225	0.602359	0.444634	0.562164	0.852546	0.659393
7	2	0.31783	0.3444	0.945901	0.364097	0.0552453	0.104649	1.02531	0.102066
7	3	-0.053931	-0.0252355	0.920216	-0.0274234	-0.091448	-0.124215	0.510855	-0.243151
7	4	0.0504336	0.118748	0.611085	0.194323	-0.081145	0.0160672	0.41516	0.0387013
7	5	-0.0217306	-0.0630061	0.532273	-0.118372	0.11897	0.0406484	0.438872	0.0926201
7	6	0.022446	-0.0600528	0.60583	-0.0991249	-0.283734	-0.0700912	0.520149	-0.134752
7	7	-0.0320961	0.0124154	0.593731	0.0209109	0.497442	0.616839	0.936389	0.658742
7	8	0.254315	0.162271	0.652867	0.248551	0.246954	0.233467	0.464574	0.50254
7	9	0.122676	0.131001	0.632956	0.206967	-0.116066	-0.281196	0.648511	-0.433602
8	0	-0.124031	-0.0171278	0.933503	-0.0183478	0.124607	0.132235	0.933503	0.141655
8	1	0.79348	0.983708	1.00524	0.978585	0.878562	1.00387	1.08503	0.925205
8	2	0.366917	0.438008	1.07297	0.40822	0.178038	0.17186	0.677671	0.253604
8	3	0.234869	0.211546	0.727723	0.290695	0.360219	0.0996564	0.706442	0.141068
8	4	0.868007	0.878572	0.927203	0.947551	0.70702	0.778061	1.21796	0.638824
8	5	0.280609	0.389286	1.26984	0.306563	0.0506074	0.0495861	1.83066	0.0270865
8	6	0.722373	0.706701	1.35865	0.520149	0.698781	0.561988	1.8187	0.309004
8	7	0.721998	0.556538	1.37424	0.40498	0.999527	1.10849	2.0435	0.542447
8	8	0.371543	0.281334	1.11401	0.252541	0.494943	0.278596	0.898658	0.310013
8	9	0.596914	0.63738	1.05907	0.601833	0.364799	0.415084	1.02915	0.403328
9	0	0.23857	0.313178	1.01417	0.308801	0.555176	0.497712	1.01417	0.490757
9	1	0.529459	0.612558	1.14563	0.534689	0.356821	0.347914	1.01274	0.343538
9	2	0.520892	0.674157	1.01774	0.662404	0.784368	0.90311	0.948033	0.952615
9	3	0.777115	0.990364	1.10155	0.899064	0.520933	0.465005	1.00117	0.464464
9	4	0.0201191	0.0127921	1.0412	0.0122859	-0.353607	-0.244093	1.19217	-0.204746
9	5	-0.199269	-0.0067173	1.06145	-0.0063284	-0.0736909	-0.158344	0.807825	-0.196013
9	6	0.320186	0.0738998	0.87432	0.0845227	0.0568491	0.264913	0.955827	0.277156
9	7	-0.257871	-0.081394	0.937466	-0.0868234	0.374364	0.427579	1.53548	0.278465
9	8	0.675673	0.873101	0.889347	0.981733	0.389955	0.389453	0.756775	0.514622
9	9	0.219843	0.311427	0.956399	0.325625	0.207198	0.116417	0.791071	0.147164
10	0	0.0460534	0.0641526	0.88765	0.0722724	0.238458	0.187325	0.88765	0.211035
10	1	0.349324	0.447611	0.845409	0.529461	0.27856	0.294232	0.505969	0.581522
10	2	0.228188	0.313814	0.671615	0.467253	0.0713823	0.110795	0.651132	0.170157
10	3	0.124727	0.262261	0.809213	0.324094	0.238414	0.234356	0.854255	0.274339
10	4	0.094542	0.0955046	0.926226	0.103112	-0.289824	-0.324461	0.771875	-0.420354
10	5	-0.134562	-0.314638	0.718783	-0.437738	0.445022	0.311444	0.528531	0.589264
10	6	0.289382	0.645418	0.696478	0.926689	-0.0229394	0.11514	0.514959	0.22359
10	7	0.543467	0.157382	1.11881	0.140669	0.995818	0.435037	0.592356	0.734417
10	8	0.574748	0.936897	0.914226	1.0248	0.432542	0.408951	0.691968	0.590997
10	9	0.417007	0.439808	0.896334	0.490675	0.071025	0.0808886	0.75895	0.10658
11	0	0.17937	0.247627	1.19302	0.207563	0.253632	0.284017	1.19302	0.238066
11	1	0.482953	0.640315	1.12187	0.570759	0.555794	0.606336	0.932971	0.649898
11	2	0.498939	0.487096	1.07371	0.453656	0.702501	0.75364	0.983619	0.76619
11	3	0.586555	0.589518	1.15104	0.512162	0.0111248	-0.0659067	1.26898	-0.0519369
11	4	0.0360621	0.351983	1.17127	0.300513	0.261646	0.562292	1.31993	0.426
11	5	0.17455	0.29821	1.09099	0.273339	-0.244928	0.084251	1.48858	0.0565982
11	6	-0.735334	-0.903341	1.44582	-0.624796	0.216143	-0.156048	3.24014	-0.0481608
11	7	1.04711	0.994829	2.29245	0.433959	0.638657	0.597998	1.74989	0.341736
11	8	0.340428	0.30078	1.1338	0.265286	0.672538	0.132227	0.624365	0.211779
11	9	0.531288	0.519424	0.890205	0.583487	0.141279	0.0216469	0.987636	0.0219179
12	0	0.257163	0.385136	1.17303	0.328325	0.668409	0.773584	1.17303	0.659473
12	1	0.908655	1.12378	1.26426	0.888879	0.778234	0.719506	1.03872	0.692683
12	2	0.266742	0.264919	1.06999	0.247591	0.00202354	-0.113298	0.994266	-0.113951
12	3	0.0576064	0.364828	0.983724	0.370865	0.157904	0.35419	1.08942	0.325117
12	4	0.291455	0.215899	1.04833	0.205946	0.145609	0.0222563	1.13022	0.019692
12	5	-0.163748	0.0525569	0.90348	0.0581716	-0.843342	-0.365964	1.13631	-0.322064
12	6	-0.624959	-0.778402	1.2575	-0.619009	-0.166755	-0.16918	1.08101	-0.156502
12	7	-0.0518638	0.203275	0.783992	0.259282	0.287001	0.409691	0.738833	0.554512
12	8	0.0808779	0.104358	0.90294	0.115576	-0.0770147	0.0654712	0.536224	0.122097
12	9	0.00943699	-0.0822903	0.942064	-0.0873511	0.270129	0.335361	1.00345	0.334209
13	0	0.207924	0.273697	1.06368	0.257313	0.366578	0.461302	1.06368	0.433686
13	1	0.349454	0.31936	1.05053	0.304	0.325459	0.212102	0.778433	0.272473
13	2	0.376226	0.338208	0.730168	0.463192	0.360243	0.355185	0.711998	0.498856
13	3	0.409037	0.477003	0.813805	0.58614	0.311304	0.347999	0.860977	0.40419
13	4	0.303832	0.223201	0.840889	0.265434	0.18177	-0.0354832	0.931701	-0.0380843
13	5	0.154372	0.0237219	0.897734	0.0264242	0.115338	-0.26872	0.972148	-0.276418
13	6	-0.226301	-0.180011	1.14762	-0.156855	-0.198361	0.143006	2.57282	0.0555835
13	7	0.0166403	0.174189	1.73211	0.100565	-0.189272	0.0977264	0.88437	0.110504
13	8	-0.0982904	0.13825	0.806296	0.171463	0.402598	0.50767	0.627499	0.809037
13	9	0.164073	0.140368	0.789239	0.177852	0.00188538	-0.212928	0.835436	-0.25487
14	0	0.310283	0.402405	0.891637	0.45131	0.619008	0.526336	0.891637	0.590303
14	1	0.516365	0.537218	0.821278	0.654124	0.35028	0.153113	0.796717	0.19218
14	2	0.245077	0.46259	0.749065	0.617556	-0.155048	0.271383	0.835679	0.324746
14	3	-0.299406	-0.356726	0.763122	-0.467456	0.0314947	-0.0448237	0.620333	-0.0722575
14	4	0.083556	0.0836078	0.782809	0.106805	-0.200898	-0.196008	0.737775	-0.265674
14	5	-0.0829991	-0.164178	0.788471	-0.208223	-0.0178826	-0.160185	1.1406	-0.14044
14	6	-0.221155	-0.309052	0.903362	-0.342113	0.092364	-0.242055	0.811763	-0.298184
14	7	0.171948	0.206226	1.02777	0.200653	0.092263	0.0737898	0.677975	0.108838
14	8	0.380766	0.311625	0.726473	0.428955	0.518446	0.228675	0.61221	0.373524
14	9	0.366058	0.406502	0.682081	0.595973	0.259597	0.400589	0.909602	0.4404
15	0	0.0290114	0.074794	0.87508	0.085471	0.303957	0.26706	0.87508	0.305183
15	1	0.538618	0.666763	0.805855	0.827398	0.344221	0.368824	0.774299	0.476333
15	2	0.211873	0.250277	0.779234	0.321184	0.253261	0.285463	0.568438	0.502189
15	3	0.269467	0.370811	0.627138	0.591275	0.0759419	0.102358	0.454208	0.225356
15	4	-0.0163925	0.144471	0.623722	0.231628	0.260427	0.104102	0.467035	0.2229
15	5	0.170265	0.185454	0.624581	0.296925	0.0154217	-0.353336	0.579032	-0.610218
15	6	0.275512	0.376741	0.5954	0.632752	0.165418	0.244374	0.688981	0.354689
15	7	-0.0274309	-0.0380063	0.837791	-0.045365	0.0965826	0.00987109	0.616782	0.0160042
15	8	0.0335694	-0.0515185	0.464463	-0.110921	-0.169005	-0.16549	0.552313	-0.299632
15	9	0.0101842	0.0499867	0.686059	0.0728606	0.228106	0.201261	0.725876	0.277266
16	0	-0.0489675	0.0417177	0.789108	0.0528669	0.0384805	0.0756999	0.789108	0.095931
16	1	0.424834	0.397915	0.830159	0.479324	0.602364	0.66931	1.08426	0.617296
16	2	0.418013	0.462663	1.13949	0.406027	0.412005	0.334705	1.33059	0.251547
16	3	0.492636	0.506277	1.20415	0.420442	0.161465	0.298418	0.985017	0.302957
16	4	-0.200454	-0.230464	0.9397	-0.245252	-0.409443	-0.315226	1.0031	-0.314251
16	5	-0.0647097	-0.19457	1.13048	-0.172113	0.470734	0.284178	1.02575	0.277043
16	6	0.498055	0.661287	0.914215	0.723339	0.678651	0.649452	0.751344	0.864387
16	7	0.924779	0.970117	0.835262	1.16145	0.670713	0.439193	0.676157	0.649543
16	8	0.370316	0.482276	0.75298	0.64049	0.270597	0.419002	0.803786	0.521285
16	9	0.461778	0.422771	0.999833	0.422841	0.269141	0.217904	0.890351	0.244739
17	0	0.536457	0.615093	1.16717	0.526996	0.649255	0.718691	1.16717	0.615757
17	1	0.0691588	0.028693	1.27489	0.0225063	0.24735	0.039805	1.00446	0.0396282
17	2	0.485611	0.503615	0.956358	0.526597	0.274334	0.292648	1.14851	0.254806
17	3	0.217476	0.256064	1.04251	0.245623	0.0263418	0.021677	1.16721	0.0185716
17	4	0.178363	0.266568	0.98383	0.270949	0.615193	0.217149	1.02285	0.212298
17	5	0.504654	0.594203	1.08811	0.546086	-0.443169	-0.209377	1.915	-0.109335
17	6	0.103432	-0.0389713	1.89257	-0.0205917	0.90766	0.736352	1.75918	0.418578
17	7	0.755973	0.70832	1.60222	0.442087	0.758506	0.440592	1.62114	0.271779
17	8	0.296455	0.3017	1.14441	0.263629	0.0169132	0.0947469	1.51179	0.062672
17	9	-0.181027	-0.25302	1.33519	-0.189501	-0.0526683	-0.201161	0.977466	-0.205798
18	0	0.293321	0.350281	1.04483	0.335251	0.27303	0.420093	1.04483	0.402068
18	1	-0.0265088	0.0114383	0.932194	0.0122703	0.11611	0.119316	0.770456	0.154865
18	2	0.488813	0.613102	0.883312	0.694094	0.568249	0.621593	0.639075	0.972645
18	3	0.381333	0.419325	0.645171	0.649943	0.0364364	0.0980683	0.71254	0.137632
18	4	-0.112842	0.0377806	0.78751	0.0479747	0.0662107	0.138913	1.01675	0.136625
18	5	-0.0208411	0.170516	1.05826	0.161128	-0.643128	-0.580996	1.09765	-0.529308
18	6	-0.503665	-0.519039	1.093	-0.474875	-0.068142	-0.136227	1.14199	-0.11929
18	7	-0.136188	-0.133364	1.1867	-0.112383	0.0161469	-0.122897	0.534166	-0.230072
18	8	-0.0557681	0.144226	0.482701	0.29879	-0.130409	0.0495668	0.373139	0.132838
18	9	-0.0470818	-0.0281122	0.62238	-0.0451688	-0.068304	0.0893794	0.58093	0.153856
19	0	0.0735916	0.0803368	1.19932	0.0669851	0.255586	0.171732	1.19932	0.143191
19	1	0.360461	0.396115	1.17355	0.337534	0.17628	0.114432	1.47382	0.077643
19	2	0.18076	0.0492137	1.28365	0.0383389	0.611479	0.247659	1.27328	0.194504
19	3	0.180622	0.132146	1.06383	0.124217	-0.192835	-0.307473	1.01091	-0.304154
19	4	0.185847	0.141535	0.974795	0.145195	0.251668	0.194033	1.00639	0.192801
19	5	-0.0692264	0.171651	1.1423	0.150268	-0.164172	-0.467068	1.4972	-0.31196
19	6	0.0299763	-0.213506	1.38325	-0.15435	-0.0573919	-0.119331	1.16936	-0.102048
19	7	-0.0326752	-0.180331	1.04325	-0.172855	0.396316	0.29194	1.24403	0.234673
19	8	0.360574	0.5549	1.06317	0.521928	0.086535	0.197711	0.668216	0.295879
19	9	0.00257529	0.111096	0.621732	0.178688	-0.220122	-0.118542	0.522185	-0.227012
20	0	0.273278	0.359273	0.894404	0.40169	0.616145	0.771228	0.894404	0.862282
20	1	0.503879	0.613239	1.00426	0.61064	0.181488	0.197415	1.12238	0.17589
20	2	0.10672	0.140598	1.16001	0.121204	0.0381522	-0.0873939	1.28332	-0.0680997
20	3	-0.141233	-0.0652137	0.96279	-0.0677341	0.032312	0.0768749	1.00197	0.0767236
20	4	0.187931	0.327401	0.969489	0.337705	0.0258177	0.203845	1.03624	0.196716
20	5	0.0497907	0.122919	0.857379	0.143366	-0.218699	-0.394855	1.18064	-0.334442
20	6	-0.561009	-0.493092	1.12734	-0.437395	-0.357732	-0.521591	1.72814	-0.301823
20	7	-0.147045	-0.185664	1.27943	-0.145115	-0.0559452	-0.23384	0.884964	-0.264237
20	8	0.405081	0.792093	1.0084	0.785494	0.610791	0.980833	1.2782	0.767355
20	9	0.184819	0.19858	1.13976	0.17423	0.0651332	-0.11864	0.684118	-0.173421
21	0	0.18798	0.202403	0.934084	0.216686	0.531904	0.462227	0.934084	0.494845
21	1	0.558938	0.657728	0.97105	0.677337	0.614376	0.360035	0.972301	0.370292
21	2	0.752179	0.74147	1.01088	0.733488	0.46388	0.493001	1.13059	0.436056
21	3	0.0817266	0.174385	1.14675	0.152069	0.0547719	-0.125197	1.76329	-0.0710019
21	4	0.246	0.392813	1.53253	0.256317	0.379335	0.215582	1.44803	0.14888
21	5	0.663677	0.556769	1.0933	0.509255	0.0781325	0.0948293	1.45407	0.0652166
21	6	-0.115011	0.0389222	1.42157	0.0273798	0.227737	0.440849	3.17443	0.138875
21	7	0.494586	0.513386	1.61175	0.318527	0.627507	0.570975	1.61952	0.352558
21	8	0.220458	0.314559	0.782126	0.402185	0.245168	0.0730692	0.583464	0.125233
21	9	0.1242	0.146109	0.697459	0.209488	0.0744075	0.0156142	0.518923	0.0300896
22	0	0.1941	0.27039	0.852577	0.317145	0.387029	0.346625	0.852577	0.406562
22	1	0.239209	0.369269	0.837196	0.441078	0.286512	0.326022	0.754529	0.432087
22	2	0.307712	0.296437	0.976596	0.303541	0.259063	0.124407	0.968028	0.128516
22	3	0.167445	0.104538	0.941687	0.111011	0.114811	-0.148621	0.738493	-0.20125
22	4	0.231534	0.263863	0.787971	0.334864	0.526919	0.316385	0.809008	0.391078
22	5	0.624931	0.849887	1.14124	0.744703	-0.283403	-0.174315	1.19385	-0.146011
22	6	0.0719328	-0.0821298	0.997974	-0.0822965	0.311893	0.1869	1.40978	0.132574
22	7	0.0554784	-0.188262	0.932831	-0.201818	0.28191	0.297025	0.856737	0.346693
22	8	0.087846	0.206172	0.81578	0.25273	0.129372	0.283923	0.645834	0.439623
22	9	0.107728	0.216415	0.8305	0.260585	0.258722	0.333031	1.20669	0.275988
23	0	-0.0772899	-0.0639795	0.732777	-0.087311	-0.0788588	-0.0251851	0.732777	-0.0343694
23	1	0.277647	0.401788	0.873581	0.459933	0.307515	0.394859	0.671889	0.587684
23	2	0.118152	0.0483772	0.78894	0.0613192	0.208869	0.146341	0.783067	0.186882
23	3	0.181431	0.416539	0.96431	0.431956	0.14085	0.234132	0.993748	0.235605
23	4	0.195273	0.315155	0.885708	0.355822	0.182944	0.0723515	0.978482	0.0739426
23	5	0.0557129	0.0615279	0.770708	0.079833	-0.214097	-0.242936	0.466253	-0.521039
23	6	-0.321008	-0.148271	0.443907	-0.334012	0.0705222	0.100274	0.241746	0.414788
23	7	0.382836	0.468474	0.473995	0.988351	0.100988	0.306714	0.393078	0.780287
23	8	0.182641	0.381307	0.784245	0.486208	0.176513	0.47788	1.04491	0.457341
23	9	-0.122371	-0.0766533	0.856622	-0.0894831	-0.0737326	0.0494525	0.731362	0.0676171
24	0	0.0160753	0.0301748	0.992657	0.030398	0.040192	0.0724111	0.992657	0.0729468
24	1	0.0240403	0.0899831	1.05969	0.0849142	0.275167	0.145471	1.05613	0.13774
24	2	0.361821	0.439227	1.05554	0.416116	-0.0289133	0.108609	1.1347	0.0957158
24	3	0.0191597	0.0492993	1.08944	0.0452518	0.28375	0.241201	1.21679	0.198228
24	4	0.253434	0.162789	1.11319	0.146237	0.142456	-0.0996777	1.262	-0.0789842
24	5	0.513904	0.225517	1.05705	0.213345	0.237686	-0.12217	1.23176	-0.0991829
24	6	0.145753	0.138383	1.12015	0.12354	0.381207	0.672209	1.76133	0.381648
24	7	0.580025	0.958072	1.30669	0.733206	0.642255	0.766147	1.77799	0.430905
24	8	0.19296	0.267141	0.898901	0.297186	0.239416	0.284874	0.975861	0.291921
24	9	0.233645	0.275916	0.627495	0.439711	-0.10592	0.0198013	0.581035	0.0340794
25	0	0.170292	0.222231	1.04034	0.213614	0.288961	0.330463	1.04034	0.317649
25	1	0.350224	0.363307	0.951945	0.381647	0.373491	0.309391	0.861279	0.359223
25	2	0.344825	0.521404	0.872911	0.597317	0.326747	0.509564	0.997432	0.510876
25	3	-0.128338	-0.0567929	0.972214	-0.058416	-0.447237	-0.242441	0.949898	-0.255229
25	4	-0.221898	-0.280683	0.963329	-0.291367	-0.014535	0.067305	0.545425	0.123399
25	5	0.11888	-0.00480296	0.667367	-0.00719689	0.329157	0.252318	0.752782	0.335181
25	6	0.337972	0.584973	0.891365	0.656267	0.0042336	0.176485	1.26459	0.139559
25	7	0.12996	0.183839	1.18155	0.155592	0.185071	0.293223	1.02951	0.284818
25	8	-0.0649253	0.064056	0.955932	0.0670089	0.129038	0.230636	0.734015	0.314211
25	9	0.368586	0.531487	0.853221	0.622918	0.580691	0.548503	1.23309	0.44482
26	0	0.0536045	0.0138715	1.18007	0.0117548	0.151147	0.0764358	1.18007	0.0647725
26	1	0.490588	0.614314	0.98458	0.623935	0.565546	0.47852	0.696565	0.686971
26	2	0.20777	0.268127	0.963875	0.278176	-0.0152732	0.162112	0.796509	0.203528
26	3	0.0130571	0.0229102	0.851897	0.0268932	0.125262	-0.130739	0.827097	-0.15807
26	4	0.251909	0.359513	0.900847	0.399083	0.292539	0.322498	0.981377	0.328617
26	5	0.130476	0.0571496	0.980138	0.0583077	0.0750794	-0.0759441	0.593425	-0.127976
26	6	0.0529353	0.14682	0.69217	0.212115	0.0466769	0.209011	1.00244	0.208503
26	7	-0.23431	-0.0554033	0.676577	-0.0818875	-0.231186	-0.366599	0.563966	-0.650038
26	8	0.0565982	0.167075	0.66524	0.25115	0.247781	0.0439359	0.659509	0.0666191
26	9	0.480348	0.440306	0.845389	0.520833	-0.127111	0.0649648	1.25079	0.051939
27	0	0.197194	0.147441	0.813342	0.181278	0.437722	0.326247	0.813342	0.401119
27	1	0.321121	0.260262	0.943827	0.275752	0.118538	0.0882193	0.824059	0.107055
27	2	-0.0542264	-0.114606	0.744666	-0.153903	0.0551815	0.0119224	0.700789	0.0170128
27	3	0.362787	0.396814	0.827837	0.479338	0.234656	0.274062	1.00046	0.273936
27	4	0.171201	0.459908	0.846683	0.543188	0.476421	0.537712	0.948111	0.567141
27	5	0.556917	0.464924	0.994252	0.467612	0.217762	0.18372	0.869203	0.211365
27	6	0.0739424	0.144542	0.861662	0.167748	0.00244351	-0.0109502	1.20977	-0.00905147
27	7	-0.23547	-0.343947	1.02627	-0.335142	-0.0793089	-0.215626	0.49721	-0.433672
27	8	0.0979822	0.163738	0.683894	0.23942	0.240378	0.109787	0.466941	0.235119
27	9	0.350085	0.50849	0.838196	0.606648	0.272827	0.243629	0.814203	0.299224
28	0	0.0500833	0.0419977	0.990563	0.0423978	-0.12972	-2.83382e-05	0.990563	-2.86082e-05
28	1	-0.0489292	0.0741688	0.997273	0.0743716	0.438517	0.360953	0.998007	0.361673
28	2	0.432874	0.49389	1.21235	0.407384	0.448416	0.418974	0.850359	0.492703
28	3	0.172992	0.0641232	0.970507	0.0660719	0.0782748	-0.173989	0.949623	-0.183219
28	4	0.379637	0.519168	0.807901	0.642614	0.321663	0.367175	0.535273	0.685959
28	5	0.366708	0.391096	0.818295	0.47794	0.105031	0.401756	0.762522	0.526879
28	6	0.162708	0.208689	0.749857	0.278305	0.390587	-0.161472	0.681123	-0.237067
28	7	0.473702	0.916317	0.930982	0.984249	0.436668	0.744737	1.26795	0.587355
28	8	0.313099	0.244127	0.680872	0.358551	0.207644	0.17108	0.525355	0.325647
28	9	0.190944	0.286828	0.759728	0.377541	0.422975	0.448493	0.616107	0.727947
29	0	0.039163	0.0203191	0.873005	0.0232749	0.148086	0.0827847	0.873005	0.0948273
29	1	-0.120714	-0.1502	0.939173	-0.159928	-0.0167558	0.0437228	0.744989	0.0586892
29	2	0.69883	0.687636	0.899803	0.764207	1.12794	0.901532	1.19936	0.751677
29	3	0.663919	0.787765	1.14298	0.689219	-0.0917547	-0.0124053	0.632835	-0.0196028
29	4	0.0195716	0.135466	0.869338	0.155827	0.205456	0.466724	0.922317	0.506034
29	5	0.281911	0.241178	0.770778	0.312902	0.0266542	0.14467	0.817625	0.17694
29	6	-0.00702382	-0.329522	0.862957	-0.381852	0.314501	-0.172028	0.664838	-0.258752
29	7	0.349858	0.587481	0.864629	0.67946	0.274354	0.419442	0.409754	1.02364
29	8	0.187165	0.354087	0.829576	0.426829	0.178788	0.265528	1.03488	0.256579
29	9	0.016531	-0.185075	1.07015	-0.172943	-0.140425	-0.314454	0.967525	-0.325008
30	0	0.180909	0.278831	0.957846	0.291102	0.200106	0.440418	0.957846	0.459801
30	1	0.0282138	0.150634	1.00089	0.150501	0.0670845	0.110135	1.04521	0.105371
30	2	0.277113	0.323616	0.95454	0.339028	0.160255	0.129832	1.01334	0.128123
30	3	0.0995807	0.248053	0.97822	0.253576	0.151442	0.282918	1.18947	0.237852
30	4	0.0102011	0.0876512	1.0217	0.0857897	0.0959137	0.03824	1.25554	0.0304571
30	5	0.634905	1.04147	1.33386	0.780799	0.0600182	0.547656	2.39983	0.228206
30	6	0.50981	0.491937	2.33011	0.211122	0.470487	0.587408	2.33273	0.251812
30	7	0.0388642	0.267095	1.45507	0.183561	0.878634	0.855885	1.62129	0.527904
30	8	0.49172	0.478127	1.17617	0.406511	0.203675	0.00516271	0.819958	0.00629631
30	9	0.00377965	0.158014	0.740812	0.213298	-0.0471177	-0.108207	0.465994	-0.232208
31	0	0.148368	0.121838	0.89743	0.135763	0.346499	0.277324	0.89743	0.30902
31	1	0.321572	0.422677	0.951822	0.444071	0.225346	0.128897	1.40226	0.0919212
31	2	0.590347	0.599069	1.34315	0.446019	0.639485	0.601737	1.52269	0.39518
31	3	5.16192e-05	-0.0984817	1.29709	-0.0759252	0.0560246	-0.0991714	1.36282	-0.0727694
31	4	-0.226429	-0.235369	1.1651	-0.202017	-0.5768	-0.632751	1.16064	-0.545175
31	5	-0.300323	-0.22707	1.46576	-0.154916	-0.161444	-0.168508	1.38972	-0.121254
31	6	0.429613	0.532178	1.52311	0.349402	0.978851	0.660693	2.71146	0.243667
31	7	0.402541	0.442114	1.33849	0.330309	-0.34702	0.0550886	0.441271	0.124841
31	8	-0.188132	-0.210912	0.60362	-0.349413	0.164324	-0.0121185	0.524175	-0.0231193
31	9	0.231065	0.282889	0.563731	0.501816	0.413103	0.261901	0.636624	0.411391
32	0	0.0887136	0.145553	0.925704	0.157235	0.301873	0.408574	0.925704	0.441366
32	1	0.456905	0.499411	1.02462	0.487413	0.325833	0.294823	0.817838	0.360491
32	2	-0.0530521	-0.0228683	0.774567	-0.029524	-0.402183	-0.314438	0.751733	-0.418285
32	3	-0.297639	-0.276631	0.71442	-0.387211	-0.269921	-0.12967	0.560325	-0.23142
32	4	-0.00258445	0.0102096	0.956581	0.010673	0.422631	0.373668	1.1323	0.330008
32	5	0.193921	0.483006	0.87852	0.549796	-0.291311	0.0217067	0.534349	0.0406228
32	6	-0.351343	-0.469578	0.62374	-0.752843	-0.139967	0.00299416	0.953053	0.00314165
32	7	-0.11355	0.164362	0.742587	0.221337	-0.0145677	0.307298	1.04286	0.294667
32	8	0.0288155	0.255002	0.664628	0.383676	-0.128791	-0.0296125	0.462941	-0.0639661
32	9	-0.0735662	0.0631906	0.703747	0.0897916	0.195226	0.305979	0.493866	0.619559
33	0	0.478893	0.579792	1.16471	0.4978	0.854638	0.877839	1.16471	0.753697
33	1	0.628423	0.885917	1.24638	0.710793	0.253973	0.399439	1.17391	0.340265
33	2	0.268927	0.322097	0.985574	0.326812	0.336012	0.458957	0.705499	0.650542
33	3	-0.0974022	-0.0413045	0.917228	-0.0450319	0.0579777	0.0488969	1.23507	0.0395902
33	4	0.550615	0.488464	1.23344	0.396017	0.265132	0.264631	1.03774	0.255008
33	5	0.114548	0.195036	1.03885	0.187742	-0.0843522	0.226026	0.93353	0.24212
33	6	-0.0690033	-0.0171214	0.819021	-0.0209047	0.0212095	0.544575	1.22089	0.446049
33	7	-0.0123701	0.237712	1.46328	0.162452	0.305303	-0.0837796	0.910085	-0.0920569
33	8	0.131605	0.309743	0.802834	0.385812	-0.0332632	0.199883	0.790273	0.252929
33	9	0.196332	0.236184	0.86129	0.274221	-0.0575546	0.126492	0.903266	0.140038
34	0	0.0868399	0.0634301	1.0786	0.058808	0.24147	0.229357	1.0786	0.212644
34	1	0.525611	0.623267	0.903154	0.6901	0.571666	0.57258	0.882177	0.649054
34	2	0.27055	0.28428	0.926116	0.306959	-0.171974	-0.172096	0.839599	-0.204974
34	3	-0.437663	-0.332126	0.848022	-0.391647	-0.0799491	-0.240998	1.01994	-0.236287
34	4	0.383635	0.419695	0.897638	0.467555	0.766919	0.80157	1.20691	0.664152
34	5	0.79193	0.773949	1.0873	0.711806	-0.0425477	-0.132675	1.05754	-0.125457
34	6	-0.362847	-0.334853	0.898807	-0.372553	-0.0868346	-0.161442	1.07905	-0.149616
34	7	0.825491	1.02522	1.48507	0.690354	1.4138	1.30417	2.13263	0.611532
34	8	0.966106	1.07493	1.91406	0.561597	0.483214	0.567948	1.1819	0.480537
34	9	0.225188	0.371972	0.990111	0.375687	0.275888	0.175665	0.568625	0.308929
35	0	0.257112	0.298784	1.09459	0.272965	0.615995	0.535816	1.09459	0.489513
35	1	0.720421	0.747003	1.12365	0.664801	0.53339	0.764628	1.20724	0.63337
35	2	0.175373	0.252657	1.09916	0.229863	0.0598138	-0.0474947	0.781464	-0.0607765
35	3	0.347375	0.343448	0.672795	0.510479	0.410213	0.235307	0.62159	0.378556
35	4	0.183164	0.179793	0.763318	0.235542	-0.122897	0.0844236	0.974824	0.0866039
35	5	-0.129687	-0.240438	1.03943	-0.231318	-0.329109	-0.402126	0.72593	-0.553945
35	6	-0.608989	-0.732895	0.737695	-0.993494	-0.765504	-0.589788	0.75299	-0.783262
35	7	-0.478782	-0.545811	0.604284	-0.903236	0.218272	-0.0169973	0.535198	-0.031759
35	8	0.135933	0.13403	0.789224	0.169825	-0.233487	-0.105279	0.516861	-0.20369
35	9	-0.203687	-0.0978111	0.748275	-0.130715	0.153662	0.137354	0.687525	0.19978
36	0	-0.0342786	-0.0477834	0.665771	-0.0717716	0.0476422	-0.0813695	0.665771	-0.122218
36	1	0.200351	0.327554	0.861158	0.380365	0.13956	0.253483	1.09544	0.231399
36	2	0.120647	0.239139	0.996542	0.239969	0.404607	0.445278	0.804964	0.553165
36	3	0.224124	0.476547	0.845821	0.563413	0.0237363	0.177938	0.78586	0.226424
36	4	0.232887	0.480185	0.893619	0.537349	0.396639	0.655685	0.927683	0.706799
36	5	0.187725	0.304685	0.995017	0.306211	-0.282683	0.166366	0.855289	0.194515
36	6	0.198107	0.769055	0.900674	0.853866	0.672194	0.662908	1.15635	0.573276
36	7	0.425351	0.351959	1.25042	0.281472	0.265335	0.0115931	0.678764	0.0170798
36	8	0.143952	0.230639	1.01549	0.227122	0.114434	0.202931	0.774541	0.262002
36	9	0.320664	0.188984	0.68218	0.27703	0.381833	0.29868	0.455818	0.655261
37	0	-0.144014	-0.142191	1.02361	-0.138911	-0.148013	-0.0740467	1.02361	-0.0723386
37	1	0.333917	0.428349	1.11535	0.384049	0.384137	0.503192	1.3843	0.363499
37	2	0.237704	0.320173	1.01159	0.316503	0.439558	0.276788	1.02979	0.268782
37	3	0.177519	0.18339	1.1229	0.163317	-0.0959878	-0.0713231	1.01165	-0.0705019
37	4	0.309981	0.507003	1.03425	0.490212	0.544515	0.795588	1.32752	0.599303
37	5	0.118817	0.222773	1.2138	0.183533	-0.507063	-0.469184	1.31138	-0.35778
37	6	-0.197577	-0.427006	1.25199	-0.341063	0.454283	0.163428	1.02485	0.159465
37	7	0.61914	0.824789	0.716683	1.15084	0.661779	0.493875	0.89625	0.551046
37	8	0.421879	0.461219	0.851187	0.541854	0.211455	0.276081	0.670272	0.411894
37	9	0.212762	0.241162	0.802974	0.300336	0.146114	0.123144	0.586993	0.209788
38	0	0.193471	0.214074	0.787058	0.271993	0.629748	0.513633	0.787058	0.652599
38	1	0.615611	0.615258	0.950935	0.647004	0.256981	0.352513	1.09708	0.32132
38	2	0.197588	0.340816	0.941075	0.362156	0.347894	0.279782	0.529934	0.527956
38	3	0.492765	0.532225	0.76848	0.692569	0.319542	0.322244	0.662572	0.486354
38	4	0.0450166	0.220826	0.947939	0.232954	-0.035871	0.0169127	0.924211	0.0182996
38	5	-0.352196	-0.180619	0.877881	-0.205744	-1.06436	-0.8	0.861299	-0.92883
38	6	-0.822355	-0.693094	0.896875	-0.772788	0.0128262	-0.0728472	0.424311	-0.171684
38	7	0.333498	0.110623	0.958159	0.115454	0.418146	0.0954556	0.516094	0.184958
38	8	0.309092	0.333585	0.650914	0.512487	-0.0424947	-0.0426695	0.541381	-0.0788159
38	9	-0.191578	-0.353205	0.794447	-0.444592	-0.241821	-0.187054	0.700702	-0.266952
39	0	0.0274878	-0.0491273	0.986185	-0.0498155	0.15681	-0.0109855	0.986185	-0.0111394
39	1	0.180263	0.227306	1.01264	0.224469	0.0447326	-0.0243701	0.898378	-0.0271268
39	2	0.064595	-0.0115391	0.847963	-0.013608	0.133336	-0.06105	0.803996	-0.0759332
39	3	0.0762945	0.124524	1.00067	0.12444	0.409285	0.285597	1.34161	0.212876
39	4	0.422186	0.556974	1.31747	0.422762	0.121127	0.295595	0.917712	0.3221
39	5	0.317154	0.267282	0.794371	0.33647	0.479783	0.323225	1.35348	0.238811
39	6	0.730122	0.824218	1.43727	0.573461	0.857386	0.803938	1.6315	0.49276
39	7	0.523119	0.354577	1.15184	0.307836	0.199143	-0.00990394	0.251759	-0.039339
39	8	0.154104	0.232695	0.555869	0.418615	0.17114	0.234162	0.455425	0.514162
39	9	0.253587	0.446796	0.699806	0.638457	0.3487	0.564826	0.660771	0.854799
40	0	0.0551188	0.0890384	0.825091	0.107913	0.125406	0.0871534	0.825091	0.105629
40	1	0.233863	0.358368	0.882432	0.406115	0.251769	0.374065	0.708748	0.527783
40	2	0.282467	0.292353	0.758168	0.385605	0.716866	0.509104	0.688926	0.738982
40	3	0.551453	0.568832	0.738595	0.770154	0.0765161	-0.00431253	0.500112	-0.00862312
40	4	-0.00655434	-0.0130328	0.71683	-0.0181811	-0.197415	-0.24355	0.753578	-0.323191
40	5	-0.0109172	0.168281	0.869962	0.193435	0.192311	0.418941	0.986936	0.424486
40	6	-0.0129876	-0.00858864	1.108	-0.00775146	0.0577204	-0.274556	0.950983	-0.288708
40	7	0.397432	0.377155	1.12106	0.336426	0.393212	0.481158	1.67508	0.287244
40	8	0.377007	0.581614	0.83619	0.695553	0.461165	0.412692	0.75423	0.54717
40	9	0.218918	0.207514	0.909926	0.228056	0.0596804	0.0447143	0.740381	0.0603936
41	0	-0.186145	-0.219442	1.14451	-0.191734	-0.0749607	-0.142631	1.14451	-0.124622
41	1	0.666996	0.749924	1.25844	0.595918	0.84521	0.951894	1.92186	0.495298
41	2	0.485915	0.41534	1.64361	0.252699	0.48938	0.179035	1.53727	0.116463
41	3	0.770446	0.727644	1.34659	0.540362	0.63215	0.685996	1.87768	0.365343
41	4	0.511035	0.440962	1.24861	0.353161	0.446374	0.338039	1.64624	0.20534
41	5	0.223712	0.413285	1.27012	0.325391	0.122223	-0.112095	2.31141	-0.0484962
41	6	0.65298	0.542332	1.70492	0.318099	0.0602325	0.264588	4.40322	0.0600898
41	7	-0.304875	-0.160748	1.49062	-0.10784	0.535886	0.354851	0.730892	0.485504
41	8	0.414666	0.366963	0.961811	0.381533	0.452356	0.343667	0.616634	0.557327
41	9	0.299124	0.477124	0.659095	0.723909	0.271877	0.217899	0.772618	0.282027
42	0	-0.130261	-0.168259	1.16192	-0.144812	0.110784	0.00163118	1.16192	0.00140387
42	1	0.339761	0.413126	1.05982	0.389809	0.227864	0.0599157	1.00359	0.0597011
42	2	0.24412	0.358436	0.962466	0.372414	0.0509447	0.448289	0.997246	0.449527
42	3	0.212067	0.268593	1.06345	0.252569	0.379953	0.359232	0.814768	0.440901
42	4	0.239285	0.408707	0.948905	0.430715	0.12918	0.26833	0.761019	0.352593
42	5	0.20392	-0.0288186	0.784411	-0.0367392	-0.0505422	-0.148099	0.874755	-0.169303
42	6	0.155511	0.139961	1.11677	0.125327	0.330875	0.477586	0.566477	0.843081
42	7	0.160441	0.311552	0.988508	0.315174	0.456912	0.167798	0.756029	0.221946
42	8	0.296416	0.360443	0.812894	0.443407	0.374139	0.152974	1.14735	0.133328
42	9	0.473384	0.647781	1.09469	0.591746	0.225677	0.233286	0.942248	0.247585
43	0	-0.186701	-0.190817	0.865142	-0.220561	-0.167152	-0.0788743	0.865142	-0.0911693
43	1	0.136503	0.182689	0.748814	0.243971	0.224285	0.144319	1.01062	0.142803
43	2	0.200567	0.240225	0.992687	0.241994	0.154985	0.306483	0.778978	0.393442
43	3	0.228054	0.258511	0.835725	0.309325	0.38726	0.310842	0.511162	0.608109
43	4	0.090407	0.109042	0.79295	0.137514	0.0831974	-0.0757501	0.847634	-0.0893665
43	5	0.262006	0.331703	0.915962	0.362136	-0.138763	-0.439317	0.657362	-0.668303
43	6	-0.362481	-0.390246	0.751493	-0.519294	-0.116587	-0.176434	0.706061	-0.249885
43	7	0.360899	0.338316	0.610048	0.554572	0.574787	0.391445	0.346499	1.12971
43	8	0.304521	0.15392	0.73664	0.208949	-0.151349	-0.0119149	0.421938	-0.0282385
43	9	-0.124114	-0.0343968	0.771562	-0.0445807	0.248154	0.273797	0.501604	0.545843
44	0	0.0680665	0.126794	0.85362	0.148536	0.271008	0.268655	0.85362	0.314725
44	1	0.290207	0.477096	0.920126	0.518511	0.300199	0.309053	1.05241	0.293661
44	2	0.253458	0.103804	0.867803	0.119617	0.196562	-0.0889549	0.776607	-0.114543
44	3	0.199385	0.255036	0.888308	0.287103	-0.000848217	0.0312074	0.765896	0.0407463
44	4	0.0313938	0.0136479	0.765577	0.0178269	0.203656	-0.018635	0.549024	-0.0339421
44	5	0.12183	0.214431	0.938633	0.22845	0.453538	0.00435009	0.670172	0.006491
44	6	0.284997	0.373068	0.890249	0.41906	0.0481939	0.0565578	1.07717	0.0525059
44	7	0.74228	1.02752	1.4125	0.727445	0.870311	0.908438	1.71742	0.528955
44	8	0.507852	0.708731	0.832137	0.8517	0.0712899	0.207856	0.858237	0.24219
44	9	0.0803041	0.0983193	0.793264	0.123943	-0.360673	-0.0575767	0.935203	-0.061566
45	0	0.327694	0.366128	0.967614	0.378382	0.492087	0.522423	0.967614	0.539909
45	1	0.571495	0.856626	1.03219	0.829912	0.620698	0.873371	0.968943	0.901364
45	2	0.361116	0.441469	0.954793	0.462371	0.53182	0.285834	0.860076	0.332336
45	3	0.53923	0.625237	0.858011	0.728705	0.0931912	0.276947	0.955252	0.289921
45	4	0.131798	0.127355	0.703817	0.180949	0.286611	0.374205	0.753373	0.496706
45	5	0.0369868	0.0987101	0.760159	0.129855	-0.473288	-0.449972	0.955279	-0.471037
45	6	-0.31326	-0.271876	0.871212	-0.312066	-0.263883	-0.158236	1.84557	-0.0857383
45	7	-0.618404	-0.470609	1.23469	-0.381156	-0.183577	-0.0923423	2.12077	-0.0435418
45	8	0.669562	0.704228	1.77379	0.397019	0.723652	0.854477	2.26425	0.377378
45	9	0.0955524	0.0721242	1.73	0.0416902	-0.278585	-0.237333	1.81433	-0.130811
46	0	0.089403	0.125572	0.794563	0.15804	0.273057	0.254893	0.794563	0.320796
46	1	0.413817	0.499419	1.08907	0.458574	0.20582	0.306269	1.13655	0.269473
46	2	0.169386	0.34438	0.990204	0.347787	0.149012	0.293927	0.972948	0.302099
46	3	-0.0972999	-0.0157134	0.814533	-0.0192914	0.0787101	-0.0678461	0.982145	-0.0690795
46	4	0.312098	0.211498	0.952273	0.222098	0.127866	0.226053	0.875257	0.25827
46	5	0.0715788	0.242576	0.964322	0.251551	-0.042817	0.120409	1.34738	0.0893653
46	6	0.366011	0.400764	1.01509	0.394807	0.191053	0.269747	2.01665	0.13376
46	7	-0.800637	-1.00377	1.15921	-0.865901	-0.566777	-0.664707	2.07282	-0.320677
46	8	0.0372197	0.133632	1.73075	0.0772103	0.349097	0.471164	1.2652	0.372402
46	9	0.39896	0.445234	0.967163	0.460351	0.499519	0.240953	0.931278	0.258733
47	0	0.332058	0.326268	1.19182	0.273755	0.447553	0.618214	1.19182	0.518712
47	1	0.225119	0.175184	1.21563	0.144109	0.165804	0.202294	0.977835	0.20688
47	2	-0.00271877	0.0637183	0.889539	0.0716308	-0.01188	-0.0175613	0.742835	-0.023641
47	3	0.181517	0.359421	0.868455	0.413863	0.339955	0.385017	0.812241	0.474018
47	4	0.356564	0.39473	0.854627	0.461874	-0.0529887	0.128102	1.04985	0.12202
47	5	-0.199467	-0.209089	0.799497	-0.261526	-0.790958	-0.650265	0.867799	-0.749327
47	6	-0.377674	-0.0133926	0.852068	-0.0157178	0.428162	0.210087	1.20023	0.175039
47	7	-0.291657	-0.474259	1.10619	-0.428733	0.163911	-0.0228784	1.53555	-0.0148991
47	8	0.28939	0.340271	1.30297	0.26115	-0.251737	-0.434209	1.31126	-0.331139
47	9	0.450264	0.492001	1.32508	0.3713	0.715931	0.803987	1.50964	0.532569
48	0	-0.0271602	0.0467599	0.944209	0.0495229	0.197106	0.272782	0.944209	0.2889
48	1	0.301214	0.288586	0.914604	0.315532	0.23245	0.121221	1.15145	0.105276
48	2	0.273392	0.460463	0.900689	0.511234	0.447942	0.441244	0.780446	0.565374
48	3	0.390685	0.473371	0.769748	0.614968	0.26123	0.158308	0.839494	0.188575
48	4	-0.0706096	-0.185763	0.948765	-0.195795	-0.587206	-0.602602	0.997204	-0.604292
48	5	-0.214891	-0.32116	1.01897	-0.31518	0.368503	0.347452	1.20292	0.288839
48	6	0.509065	0.590035	0.992815	0.594305	0.274817	0.180283	1.18559	0.152062
48	7	0.165166	-0.139133	0.901657	-0.154308	0.423572	0.0238717	0.930502	0.0256546
48	8	0.290373	0.260242	0.790251	0.329316	0.123315	-0.0996418	0.743242	-0.134064
48	9	0.263352	0.351741	0.855717	0.411049	0.155887	0.0231237	0.71812	0.0322003
49	0	0.187261	0.292149	1.01859	0.286816	0.512395	0.551705	1.01859	0.541634
49	1	0.0360096	0.140873	1.28334	0.10977	-0.23815	-0.386707	1.20824	-0.320059
49	2	-0.0413932	0.037822	1.19792	0.031573	0.0390749	0.116083	1.07966	0.107518
49	3	0.313586	0.240653	0.902442	0.266669	0.280628	0.264218	0.545772	0.484118
49	4	0.20757	0.313569	0.939671	0.333701	0.302305	0.239317	0.730115	0.327779
49	5	0.0747031	0.106752	0.722143	0.147827	-0.100136	-0.157414	0.510311	-0.308466
49	6	0.208446	0.254147	0.651155	0.390302	0.311762	0.452963	0.908732	0.498455
49	7	-0.0483292	0.0276213	0.813312	0.0339615	-0.155375	0.0261436	0.682305	0.0383165
49	8	0.318519	0.231469	0.888063	0.260644	0.353206	0.21946	1.06498	0.20607
49	9	0.243854	0.392828	1.08639	0.361589	0.724776	0.57605	1.05321	0.546946
50	0	0.297674	0.333254	0.738956	0.45098	0.476786	0.363064	0.738956	0.49132
50	1	0.339631	0.301692	0.777245	0.388156	0.236355	0.276496	0.701017	0.394422
50	2	0.155135	0.16078	0.871154	0.184559	0.207018	0.280256	1.08053	0.259371
50	3	0.0951653	0.0194536	1.12442	0.0173011	-0.0783791	-0.134698	0.972051	-0.13857
50	4	0.0468953	0.19696	1.00736	0.195522	-0.0285621	0.0389862	1.08354	0.0359804
50	5	-0.0973945	0.0599533	0.803764	0.0745907	-0.396378	-0.274534	0.772267	-0.355491
50	6	-0.0209984	-0.079789	0.679305	-0.117457	0.247252	0.0858968	0.694716	0.123643
50	7	0.210591	-0.0337423	0.737831	-0.0457317	0.70232	0.232414	0.675982	0.343817
50	8	0.705449	0.741898	0.940016	0.78924	0.404667	0.545402	0.913986	0.596729
50	9	0.171846	0.459688	0.776032	0.592357	0.0701773	0.244625	0.681821	0.358781
51	0	0.162186	0.335819	0.842313	0.398687	0.305503	0.609548	0.842313	0.72366
51	1	0.167724	0.317251	0.77751	0.408035	0.179131	0.293411	0.541894	0.541454
51	2	0.216368	0.197793	0.924772	0.213884	0.069225	0.193391	1.022	0.189228
51	3	-0.092543	0.0212893	0.934007	0.0227935	-0.0588138	0.0776587	1.03308	0.0751723
51	4	-0.00593964	0.082993	1.02815	0.0807204	0.0505623	-0.00107756	1.11623	-0.000965355
51	5	0.0479163	0.30739	0.989156	0.310759	-0.102128	0.435516	0.708515	0.614689
51	6	0.268725	0.481164	0.911091	0.528119	0.502028	0.59809	0.934538	0.639985
51	7	0.84091	0.834202	0.743681	1.12172	1.13002	0.658139	0.916533	0.718075
51	8	0.85071	0.970265	1.21404	0.799203	0.637209	0.779197	1.38733	0.561651
51	9	0.159366	0.361499	1.04144	0.347115	0.116123	0.140756	0.762032	0.184711
52	0	0.128205	0.20295	1.17083	0.173338	0.106421	0.269422	1.17083	0.230112
52	1	-0.0688762	-0.0216131	1.0752	-0.0201014	0.143003	0.0959272	1.04048	0.0921951
52	2	0.226468	0.29003	1.10102	0.26342	0.237984	0.26858	1.09382	0.245543
52	3	0.304653	0.303912	1.00509	0.302372	0.385582	0.103364	0.849653	0.121654
52	4	0.21615	0.275403	0.954077	0.288659	-0.0273324	0.0570159	1.06626	0.0534728
52	5	0.0967996	0.157839	1.05262	0.14995	0.290861	0.00236362	1.15529	0.00204591
52	6	0.6431	0.719537	1.08282	0.664505	0.659203	0.44717	0.932948	0.479309
52	7	0.263965	0.00737292	0.757928	0.00972773	0.119286	-0.0617225	0.565131	-0.109218
52	8	0.271591	0.596472	0.923528	0.645862	0.158783	0.0191804	1.41838	0.0135228
52	9	0.242573	0.246211	1.07828	0.228337	0.412981	0.163908	0.505916	0.323982
53	0	0.159248	0.168902	1.1145	0.15155	0.328347	0.358815	1.1145	0.321953
53	1	0.0739487	0.150541	1.05341	0.142908	-0.0263322	-0.217871	1.35298	-0.16103
53	2	0.27024	0.140595	1.2455	0.112882	0.589782	0.556117	1.44351	0.385254
53	3	0.825241	0.924388	1.56368	0.591162	0.618486	0.601625	1.46932	0.409459
53	4	0.57381	0.819196	1.10513	0.741266	0.552296	0.603363	1.56134	0.386439
53	5	0.267728	0.148368	1.35456	0.109532	-0.258782	-0.128585	1.74358	-0.0737477
53	6	-0.144041	0.0289465	1.26589	0.0228664	0.56362	0.333645	2.75885	0.120936
53	7	0.921272	1.02074	1.19421	0.854745	0.535344	0.891151	3.20721	0.277859
53	8	0.15475	0.040313	1.11619	0.0361167	0.219545	0.23135	0.546161	0.423593
53	9	-0.0803635	0.0667369	1.02972	0.064811	-0.208115	-0.0246398	0.854125	-0.028848
54	0	-0.0375522	-0.0305246	0.916071	-0.0333212	0.145181	0.0453848	0.916071	0.0495429
54	1	0.138384	0.10477	0.833556	0.12569	0.0999037	0.0337944	0.643324	0.052531
54	2	0.181391	0.0984644	0.945823	0.104105	0.221157	0.116495	0.805746	0.144581
54	3	0.412859	0.498197	0.768447	0.648317	0.303332	0.391286	0.807223	0.484732
54	4	0.316665	0.285136	0.901594	0.316258	0.433191	0.207772	0.775937	0.267769
54	5	0.234872	0.315017	0.871277	0.361557	0.179478	-0.0249384	0.891007	-0.027989
54	6	0.454333	0.287254	0.666813	0.430787	0.26036	0.390242	0.608942	0.640852
54	7	0.470564	0.468264	0.686222	0.682379	0.612659	0.671297	1.09456	0.613301
54	8	0.138546	0.350677	0.911924	0.384546	-0.056822	0.155598	0.876225	0.177578
54	9	-0.319861	-0.226113	0.756553	-0.298873	0.0210096	0.167577	0.639549	0.262024
55	0	0.291477	0.307334	0.890383	0.34517	0.504889	0.333627	0.890383	0.374701
55	1	0.201093	0.117808	0.95383	0.12351	0.181166	-0.0554609	0.980351	-0.0565725
55	2	0.576017	0.681546	1.03498	0.658509	0.72373	0.911955	1.17706	0.774771
55	3	1.26546	1.4623	1.37915	1.06029	1.00037	1.17891	1.54336	0.763865
55	4	0.598841	0.57087	1.4301	0.399183	0.585183	0.426269	1.29717	0.328615
55	5	0.385156	0.300863	1.13079	0.266066	0.113375	-0.284379	1.95566	-0.145413
55	6	0.631705	0.485509	1.37452	0.35322	0.662294	0.751388	3.42106	0.219636
55	7	0.146437	0.315385	1.93185	0.163255	0.535271	0.560929	2.02556	0.276926
55	8	0.560129	0.676097	0.957021	0.70646	0.382234	0.466411	0.694358	0.671716
55	9	0.165404	0.293837	0.800434	0.367097	0.162512	-0.0234672	0.630782	-0.0372033
56	0	0.347597	0.419499	1.09886	0.381759	0.72121	0.78764	1.09886	0.71678
56	1	0.84334	0.820238	1.27389	0.643887	0.409279	0.519442	1.32633	0.391639
56	2	-0.121227	-0.249457	1.35438	-0.184185	-0.127109	-0.230994	0.98154	-0.235339
56	3	-0.167744	-0.22318	0.980777	-0.227554	-0.142263	-0.217714	0.583351	-0.373213
56	4	0.0103849	-0.235723	0.852937	-0.276367	0.206153	-0.0232923	0.921805	-0.0252682
56	5	0.175306	0.242381	0.942015	0.2573	-0.0986957	-0.28377	0.927829	-0.305844
56	6	-0.0226436	-0.256209	0.804654	-0.318409	0.248478	0.0682516	0.746016	0.0914881
56	7	0.716148	0.870948	0.917876	0.948873	0.62533	0.823229	1.33708	0.615693
56	8	0.201362	0.291538	0.848877	0.343439	0.0874682	0.122855	0.562496	0.218411
56	9	0.172196	0.288676	0.638734	0.451951	0.522712	0.393183	0.977207	0.402353
57	0	0.0230298	0.0616035	0.925451	0.0665659	-0.0966247	0.00593987	0.925451	0.00641836
57	1	-0.238053	-0.148918	0.780355	-0.190834	0.00288924	-0.124531	0.789801	-0.157674
57	2	0.139907	0.228556	0.799698	0.285803	0.053781	0.145116	0.753266	0.19265
57	3	-0.00125979	0.0899018	0.821431	0.109445	0.0057794	0.125391	0.775766	0.161635
57	4	-0.021674	0.0261957	0.642124	0.0407953	0.0511655	0.101922	0.704733	0.144625
57	5	0.109853	0.152655	0.777225	0.19641	0.00447965	0.0464957	0.823814	0.0564395
57	6	0.423864	0.529569	0.760795	0.696074	0.651761	0.630169	0.778938	0.80901
57	7	0.651726	0.892465	0.736666	1.21149	0.566985	0.573142	0.533537	1.07423
57	8	0.184536	0.232915	0.664007	0.350772	-0.0144653	0.0387918	0.491411	0.0789395
57	9	0.200573	0.152611	0.810218	0.188358	0.231441	0.188602	0.818027	0.230557
58	0	0.405054	0.469649	0.796828	0.589398	0.408096	0.438775	0.796828	0.550651
58	1	0.603371	0.851244	1.04168	0.817182	0.955545	1.0841	1.56484	0.692784
58	2	0.299291	0.24306	1.26005	0.192897	-0.15562	-0.420426	1.30991	-0.320958
58	3	0.0283681	-0.066683	1.01848	-0.0654729	-0.0429772	0.0908585	0.744114	0.122103
58	4	-0.185115	-0.18319	0.718157	-0.255083	-0.0671454	-0.307707	0.787505	-0.390736
58	5	-0.00855418	-0.155312	0.874339	-0.177633	-0.243387	-0.26962	0.742235	-0.363254
58	6	0.293618	0.803875	0.858317	0.936572	0.408503	0.635286	1.55717	0.407974
58	7	-0.148291	-0.221497	1.33033	-0.166498	-0.203798	-0.228675	2.10589	-0.108589
58	8	-0.161589	-0.183665	1.18118	-0.155493	0.0867729	-0.0774241	0.864293	-0.0895808
58	9	0.0908252	0.125318	0.653078	0.191888	0.118597	-0.0602958	0.474514	-0.127068
59	0	0.168625	0.182091	0.924659	0.196928	0.365848	0.293599	0.924659	0.317522
59	1	0.529994	0.761489	0.943642	0.806968	0.460258	0.668541	0.992241	0.673769
59	2	0.115052	0.102919	0.802286	0.128283	0.112911	0.160916	0.757872	0.212326
59	3	0.176569	0.375553	0.801254	0.468707	0.0601631	0.133589	0.979558	0.136377
59	4	0.256451	0.356353	0.95294	0.373951	0.475766	0.493024	0.974934	0.5057
59	5	0.712615	0.703987	1.10807	0.63533	0.502115	0.635358	1.45205	0.437559
59	6	0.214766	0.278214	1.60558	0.173279	0.0246527	-0.144324	1.3512	-0.106812
59	7	0.147907	0.0167104	0.85767	0.0194835	0.449347	0.26513	1.28746	0.205933
59	8	-0.0111721	0.0453015	1.37533	0.0329387	-0.192215	0.151518	1.01598	0.149135
59	9	-0.0214408	0.122634	0.990816	0.123771	-0.137719	-0.0499614	0.915215	-0.0545898
60	0	0.213869	0.246629	0.987714	0.249696	0.489322	0.289317	0.987714	0.292915
60	1	0.457875	0.505165	1.13351	0.445665	0.149876	0.219994	1.16855	0.188262
60	2	0.0950376	0.0688509	1.06365	0.0647309	0.409301	-0.0887067	0.916301	-0.0968095
60	3	0.399532	0.306586	0.937523	0.327017	0.00711058	-0.010021	0.761926	-0.0131522
60	4	0.104247	0.384196	0.817373	0.470037	0.120878	0.128385	1.00145	0.1282
60	5	-0.0253918	-0.124639	1.11133	-0.112153	-0.391199	-0.651703	1.16496	-0.559419
60	6	0.0562221	0.10844	1.0382	0.10445	0.618313	0.683518	1.06854	0.639676
60	7	0.199639	-0.0221461	1.34265	-0.0164943	0.122709	-0.0861886	0.844722	-0.102032
60	8	-0.0426449	0.188405	1.24528	0.151295	0.0862092	0.158448	1.09681	0.144463
60	9	0.0238361	0.103207	0.847558	0.12177	0.0438495	-0.0102967	0.760384	-0.0135414
61	0	0.0875423	0.0840222	0.593671	0.14153	0.102051	0.0607528	0.593671	0.102334
61	1	0.113383	0.284813	0.758009	0.375738	0.235378	0.228837	0.462627	0.494646
61	2	0.122905	0.29541	0.689448	0.428474	-0.17502	0.211611	0.821847	0.257483
61	3	0.0193039	0.0986433	0.764055	0.129105	0.342741	0.225694	0.895302	0.252086
61	4	0.304589	0.492049	0.906779	0.542634	0.247602	0.192471	0.892983	0.215537
61	5	0.244533	0.19574	0.852215	0.229684	0.399207	0.18825	0.895653	0.210182
61	6	0.365236	0.334216	1.04702	0.319207	-0.022025	0.0826026	1.13731	0.0726299
61	7	0.305866	0.204364	0.799959	0.255468	0.580465	0.310025	0.6911	0.448597
61	8	0.383603	0.312437	1.03616	0.301534	0.0582923	0.111731	0.96424	0.115875
61	9	-0.0404871	0.097966	1.03995	0.0942026	0.122246	-0.00127652	0.762147	-0.00167491
62	0	0.212491	0.316664	0.760606	0.416331	0.369442	0.428403	0.760606	0.563239
62	1	0.121261	0.141261	0.940983	0.150121	0.149136	-0.05909	0.811499	-0.0728159
62	2	0.553653	0.653842	0.864394	0.756417	0.495021	0.76674	1.05518	0.726644
62	3	0.43973	0.529574	1.0073	0.525738	0.441234	0.348013	1.16252	0.29936
62	4	0.293381	0.301749	0.949833	0.317686	0.186585	-0.0987214	0.754638	-0.13082
62	5	0.3604	0.312097	0.800142	0.390052	0.38596	-0.0181737	1.57746	-0.0115209
62	6	-0.296684	-0.381075	1.24522	-0.30603	-0.258714	-0.419191	2.15226	-0.194768
62	7	0.451036	0.515945	1.43581	0.359341	0.516374	0.656744	1.35962	0.483034
62	8	0.0476367	0.087937	0.8811	0.0998037	-0.10229	-0.0905068	0.515732	-0.175492
62	9	0.132455	0.198729	0.763409	0.260317	0.193289	0.628562	0.734218	0.856098
63	0	0.42741	0.50142	1.03559	0.484189	0.429245	0.519688	1.03559	0.501829
63	1	0.49048	0.51077	1.23626	0.413159	0.688298	0.4817	0.998455	0.482445
63	2	0.438703	0.381836	0.997336	0.382856	0.503155	0.384288	1.20277	0.319503
63	3	0.627012	0.653458	1.16189	0.562408	0.341555	0.236786	1.00207	0.236297
63	4	-0.183606	-0.128235	1.01756	-0.126023	-0.117669	-0.0868951	1.1801	-0.0736337
63	5	-0.0855801	-0.175428	1.00536	-0.174493	-0.815318	-0.68993	1.0872	-0.634593
63	6	-0.444019	-0.446869	0.68685	-0.650607	0.135803	0.120355	0.851855	0.141286
63	7	0.224949	0.371587	0.612655	0.606519	0.45046	0.417451	0.550151	0.758793
63	8	0.242812	-0.0307639	0.608877	-0.0505256	-0.0700174	-0.0357753	0.550461	-0.0649916
63	9	-0.0639479	-0.185536	0.812641	-0.228312	0.164311	-0.0383714	0.727227	-0.0527641
64	0	-0.0405735	-0.0368181	0.756144	-0.0486919	-0.0395056	0.0246467	0.756144	0.0325953
64	1	-0.0601093	-0.186105	0.798428	-0.23309	0.134935	-0.0868845	1.03608	-0.0838591
64	2	0.599556	0.909107	1.36071	0.668114	0.653379	0.920965	1.29092	0.713419
64	3	0.451972	0.640085	1.05789	0.605056	0.331899	0.358673	0.874066	0.410349
64	4	0.26626	0.437185	0.842828	0.518712	0.267335	0.425177	0.800395	0.531209
64	5	0.18588	0.286035	0.881277	0.324569	0.130827	-0.149074	0.617383	-0.241462
64	6	0.402147	0.780098	0.834996	0.934253	-0.123346	0.168331	1.57295	0.107016
64	7	-0.401713	-0.531851	0.943526	-0.563684	0.125226	0.0202306	1.04852	0.0192944
64	8	0.389861	0.348485	1.21278	0.287345	0.764342	0.466262	0.915263	0.509429
64	9	0.758521	0.904716	1.32342	0.683619	0.600302	0.547341	0.845599	0.647282
65	0	0.106921	0.0722043	0.935387	0.0771919	0.189758	0.0613505	0.935387	0.0655884
65	1	0.338048	0.441297	0.983066	0.448899	0.288694	0.50543	0.87372	0.57848
65	2	0.0861436	0.244789	0.86088	0.284347	0.164301	0.273874	0.930992	0.294174
65	3	0.163037	0.146188	0.852464	0.171489	0.0103454	0.0325376	0.87023	0.0373896
65	4	0.0550424	0.146856	0.907996	0.161736	0.206025	0.143411	0.767997	0.186734
65	5	-0.108121	-0.103255	0.701889	-0.147111	-0.406363	-0.412894	1.00701	-0.41002
65	6	-0.169845	-0.344875	1.00243	-0.34404	0.262767	0.180706	0.611399	0.295561
65	7	0.156364	0.111894	0.705606	0.158579	-0.0968154	-0.312971	0.346381	-0.903545
65	8	-0.000585745	-0.0282004	0.663644	-0.0424933	0.117102	-0.062956	0.667832	-0.0942692
65	9	0.197937	0.358344	0.697173	0.513996	0.372115	0.117462	0.604105	0.19444
66	0	-0.0275384	0.0623206	1.20482	0.0517261	0.224481	0.268308	1.20482	0.222696
66	1	0.540545	0.591217	1.04812	0.564076	0.406491	0.365574	1.24866	0.292772
66	2	0.0414187	0.00975886	1.28075	0.00761965	-0.00864896	0.149437	1.16584	0.12818
66	3	0.20683	0.526641	1.10021	0.478675	0.401607	0.410924	0.724067	0.567521
66	4	0.467152	0.470239	1.05575	0.445406	0.210686	0.157075	0.671418	0.233945
66	5	0.219686	0.347345	0.951509	0.365047	0.117015	0.274591	0.737938	0.372105
66	6	-0.0371876	0.229692	0.699903	0.328176	0.0106678	0.349967	0.93683	0.373565
66	7	0.147751	0.0409331	1.05552	0.0387802	0.424545	0.143674	0.501515	0.28648
66	8	0.409251	0.687402	0.71953	0.955349	0.295663	0.519769	0.7638	0.680504
66	9	0.086813	0.199109	0.846873	0.23511	-0.0297411	0.119466	0.694283	0.17207
67	0	0.0443499	0.0211858	1.26941	0.0166895	0.210359	0.0833423	1.26941	0.0656545
67	1	0.359459	0.396134	1.28648	0.307922	0.467874	0.219085	1.76722	0.123972
67	2	0.88704	0.933628	1.41333	0.660586	0.90276	0.952712	1.64214	0.580165
67	3	0.498309	0.621351	1.26088	0.49279	0.161772	0.278742	1.09798	0.253867
67	4	0.244456	0.0885213	0.968109	0.0914374	0.307178	0.420122	1.12912	0.372078
67	5	0.274869	0.347026	1.29718	0.267523	-0.201795	-0.046136	1.94505	-0.0237197
67	6	-0.556044	-0.680272	1.47481	-0.461262	-0.168446	-0.32359	2.48188	-0.130381
67	7	1.01815	1.20697	1.7903	0.674172	1.24377	1.33884	2.24354	0.596752
67	8	0.547216	0.794191	1.19833	0.662747	0.661785	0.79562	1.22567	0.649133
67	9	0.42455	0.470563	0.965648	0.487303	-0.103327	-0.055993	1.09349	-0.0512059
68	0	0.0325605	0.06875	0.955229	0.0719722	0.213313	0.134425	0.955229	0.140726
68	1	-0.0135097	-0.0323171	0.908933	-0.0355549	-0.0894938	-0.359585	1.05459	-0.340971
68	2	0.304082	0.413774	1.30018	0.318244	0.206595	0.455877	1.18724	0.383979
68	3	0.254932	0.347358	1.08982	0.31873	0.501588	0.451851	1.14359	0.395117
68	4	0.266444	0.26775	1.02773	0.260526	0.286554	0.355102	1.64184	0.216283
68	5	0.522031	0.603154	1.3944	0.432553	0.384042	0.408332	1.78108	0.229261
68	6	0.490807	0.531629	1.39434	0.381277	-0.26781	-0.00831508	1.6881	-0.00492571
68	7	-0.359991	-0.230405	1.28057	-0.179923	0.228408	0.557641	1.22507	0.455192
68	8	0.224857	0.528521	0.697927	0.757273	0.303419	0.34172	0.597547	0.571871
68	9	0.221632	0.0104352	0.725624	0.014381	0.381788	-0.0106672	0.702097	-0.0151933
69	0	0.18866	0.142257	0.89718	0.15856	0.27526	0.358144	0.89718	0.399189
69	1	0.169822	0.254126	0.828899	0.306583	0.0545841	0.141749	0.951582	0.148961
69	2	0.0862425	0.112537	0.906176	0.124188	0.232481	0.205689	0.981988	0.209462
69	3	0.346514	0.421229	0.811944	0.518791	0.687887	0.58122	0.717314	0.810273
69	4	0.56866	0.771684	1.06943	0.721587	0.230151	0.200314	0.865345	0.231485
69	5	0.303149	0.325002	0.887502	0.366198	-0.197154	0.0997543	0.830289	0.120144
69	6	-0.215269	-0.0482917	0.854798	-0.0564948	0.260455	0.216754	0.377797	0.573731
69	7	0.403972	0.235463	0.45512	0.517366	0.42903	0.130849	0.341042	0.383674
69	8	0.181678	0.232647	0.4726	0.49227	-0.0673903	0.127099	0.516403	0.246124
69	9	0.00446753	-0.00500215	0.752406	-0.0066482	0.17485	0.225662	0.94947	0.237671
70	0	0.287883	0.3425	1.14068	0.300259	0.602383	0.608818	1.14068	0.533732
70	1	0.52039	0.614212	1.19171	0.515403	0.258472	0.363757	1.88815	0.192652
70	2	0.678076	0.883684	1.47939	0.597331	0.82422	1.13982	2.03757	0.559403
70	3	0.567436	0.63384	1.81869	0.348514	0.387546	0.447418	2.21103	0.202358
70	4	-0.0617994	-0.0969641	1.67891	-0.0577543	0.202227	0.151392	2.39101	0.0633172
70	5	0.691891	0.739635	1.94389	0.380492	-0.00379525	-0.181565	2.75957	-0.0657948
70	6	-0.214933	-0.495497	2.17673	-0.227633	-0.0861156	-0.884252	5.10773	-0.173121
70	7	0.41994	0.705566	3.23966	0.21779	0.770778	1.16887	6.77105	0.172628
70	8	-0.0181295	-0.200261	2.55281	-0.0784473	0.129145	-0.190769	1.02517	-0.186084
70	9	0.306356	0.336874	0.763656	0.441133	-0.0961104	-0.316087	0.654491	-0.482951
71	0	0.203149	0.238202	0.855073	0.278576	0.0880035	0.212046	0.855073	0.247985
71	1	-0.302925	-0.242716	0.867124	-0.279909	-0.20927	-0.294908	0.759801	-0.388139
71	2	0.617861	0.462026	1.08128	0.427295	1.06795	0.901583	1.53046	0.589094
71	3	0.801057	1.1282	1.61748	0.697507	0.420968	0.700611	1.38533	0.505737
71	4	0.359347	0.270267	0.866607	0.311868	0.116924	0.208425	0.766161	0.272039
71	5	-0.044091	0.0469689	0.743065	0.0632096	0.0736838	-0.13785	1.02698	-0.134228
71	6	0.320878	0.37238	0.895133	0.416005	0.205023	0.31782	1.27623	0.24903
71	7	0.0733203	0.0481513	0.831705	0.0578947	0.395804	0.272883	0.794724	0.343369
71	8	0.132664	0.139644	1.20032	0.116339	-0.121002	-0.0731073	1.23136	-0.0593712
71	9	0.0251452	0.0951633	1.04447	0.0911114	0.118792	0.33048	1.57912	0.209281
72	0	0.101244	0.183176	1.17102	0.156425	0.00138787	0.103697	1.17102	0.0885534
72	1	0.521353	0.591922	0.953893	0.620532	0.911962	1.01985	0.909101	1.12183
72	2	0.70526	0.760568	1.17186	0.649027	0.610263	0.785651	1.21441	0.646941
72	3	0.102699	0.169979	1.15129	0.147642	0.0158121	-0.110267	1.42112	-0.0775919
72	4	0.335423	0.367879	1.03311	0.35609	0.139742	0.20924	1.3198	0.158539
72	5	0.248464	0.169668	1.23498	0.137385	0.270542	-0.0328859	2.1373	-0.0153867
72	6	0.49359	0.370282	1.81673	0.203818	0.476059	0.190556	2.73597	0.0696483
72	7	-0.321428	-0.352058	1.05561	-0.333512	0.0619076	0.0928638	1.61909	0.0573554
72	8	0.37673	0.465222	0.975682	0.476817	-0.00261906	-0.00659543	0.734598	-0.00897829
72	9	-0.0220441	0.0969664	0.978665	0.0990803	0.190227	0.20552	0.981759	0.209339
73	0	0.31147	0.382119	0.967588	0.394919	0.351621	0.316221	0.967588	0.326814
73	1	0.384408	0.289726	0.835559	0.346745	0.618815	0.402395	0.74782	0.538091
73	2	0.365821	0.421815	0.971388	0.434239	0.00879799	0.0209112	1.14886	0.0182017
73	3	0.147111	0.211034	1.134	0.186096	-0.0287272	0.0754999	1.18697	0.0636072
73	4	0.447988	0.537426	1.0379	0.517803	0.816745	0.862685	1.37224	0.62867
73	5	0.431726	0.710547	1.51867	0.467876	0.043163	0.102787	2.25917	0.0454975
73	6	-0.375525	-0.631931	1.4772	-0.42779	0.213349	0.221434	3.09985	0.0714339
73	7	0.149377	0.316794	2.01321	0.157358	-0.253402	-0.144244	3.68734	-0.0391187
73	8	0.337256	0.371098	1.78578	0.207807	0.699593	0.818001	1.18537	0.690083
73	9	0.402184	0.541352	1.54495	0.350401	0.130138	0.0637505	1.48749	0.0428578
74	0	0.0222761	0.0604499	1.44621	0.0417988	-0.122278	-0.0338924	1.44621	-0.0234353
74	1	0.602967	0.762373	1.16508	0.654352	0.785934	1.06515	1.4783	0.720525
74	2	-0.208549	-0.149173	1.62382	-0.0918657	-0.324564	-0.325829	1.37026	-0.237786
74	3	0.137671	0.120121	1.18978	0.10096	0.0837883	0.156785	1.08216	0.144882
74	4	0.126857	0.306992	0.923198	0.332531	0.480355	0.307484	1.02702	0.299394
74	5	0.263469	0.159027	1.05978	0.150057	-0.321264	-0.401265	0.878575	-0.456723
74	6	-0.467261	-0.412015	0.7219	-0.570737	0.270986	-0.151957	1.08325	-0.140279
74	7	0.64239	0.668179	0.711029	0.939735	0.263878	0.420955	0.887648	0.474236
74	8	0.280102	0.384074	0.740291	0.518816	0.360025	0.300125	0.76456	0.392545
74	9	-0.149885	-0.0904048	0.824223	-0.109685	2.409e-05	-0.308382	0.658614	-0.468229
75	0	0.298191	0.296536	1.40101	0.211659	0.44475	0.460495	1.40101	0.328688
75	1	0.615793	0.653292	1.28687	0.507661	0.488966	0.549353	1.16387	0.472007
75	2	0.235828	0.331397	1.23513	0.26831	0.388881	0.531461	0.895186	0.593688
75	3	0.165514	0.187208	1.08348	0.172784	0.201397	0.190296	1.19814	0.158826
75	4	0.401121	0.572207	1.12906	0.5068	0.256038	0.34707	0.864308	0.401558
75	5	0.170429	0.119838	0.730594	0.164028	0.117201	0.0920201	0.657953	0.139858
75	6	-0.328768	-0.269274	0.660843	-0.40747	0.294438	-0.188166	0.902241	-0.208554
75	7	0.451964	0.266168	0.97569	0.272799	-0.221056	-0.530399	0.965398	-0.549409
75	8	-0.0459827	0.0868037	0.939162	0.0924267	-0.191963	0.0772986	1.12939	0.0684429
75	9	-0.234867	-0.286524	0.915899	-0.312833	0.18359	0.0952114	0.855281	0.111322
76	0	0.118565	0.106686	0.687241	0.155238	0.310405	0.26674	0.687241	0.388132
76	1	0.133001	0.214989	0.738995	0.290921	0.132122	0.0191704	0.540446	0.0354714
76	2	0.216768	0.158857	0.857892	0.185172	0.0914034	0.126854	0.812172	0.156191
76	3	0.00878688	0.0602302	0.845025	0.0712762	0.114184	-0.0499623	0.719818	-0.0694097
76	4	0.21681	0.335681	0.814953	0.411902	0.122788	0.119325	0.672358	0.177472
76	5	0.160217	0.268487	0.785461	0.341821	-0.0703075	-0.11004	1.02899	-0.106939
76	6	-0.211481	-0.383279	0.832043	-0.460648	0.0947698	-0.116022	0.598326	-0.193911
76	7	0.375257	0.35386	0.65223	0.542538	0.352107	0.193079	0.758368	0.254598
76	8	0.11132	0.168426	0.700715	0.240363	0.00922356	0.157713	0.445148	0.354294
76	9	0.179143	0.0288069	0.693837	0.0415183	0.0996766	0.0108887	0.442081	0.0246305
77	0	-0.0967735	-0.167312	0.87591	-0.191015	-0.0250625	-0.27999	0.87591	-0.319656
77	1	0.770421	0.879237	0.925773	0.949732	0.966639	1.23785	1.3339	0.927995
77	2	0.931113	1.13688	1.46061	0.778363	0.851412	0.969852	1.34229	0.722537
77	3	0.678364	0.607077	1.36245	0.445577	0.31332	0.443026	1.47234	0.300899
77	4	0.58652	0.812621	1.49026	0.545288	0.679029	0.759938	1.66322	0.456909
77	5	0.242428	0.257333	1.67676	0.153471	0.0287228	-0.0868314	2.18628	-0.0397165
77	6	-0.43455	-0.5313	1.3997	-0.379582	0.0368982	-0.0515003	1.98103	-0.0259967
77	7	0.345028	0.43942	1.47024	0.298876	0.400436	0.345924	0.992384	0.348579
77	8	0.357019	0.423938	1.03602	0.409199	0.175626	0.170291	0.971425	0.1753
77	9	0.104742	-0.00419095	0.887956	-0.00471977	0.189201	0.0452839	0.702498	0.0644612
78	0	0.27471	0.304498	0.629526	0.483694	0.416777	0.40891	0.629526	0.649552
78	1	0.0940982	-0.0190226	0.880234	-0.0216109	0.0825325	-0.0486689	1.1062	-0.0439965
78	2	0.285478	0.441897	0.992882	0.445065	0.218692	0.358997	1.07027	0.335428
78	3	0.206213	0.251293	0.969176	0.259285	0.0921672	0.158839	0.782564	0.202972
78	4	0.223557	0.224495	1.05429	0.212935	0.345741	0.32621	0.805653	0.404901
78	5	0.0768374	0.203037	0.911627	0.222719	-0.366946	-0.384214	1.5414	-0.249262
78	6	-0.200328	-0.298066	1.3064	-0.228158	0.0100875	-0.260369	1.68736	-0.154305
78	7	0.538527	0.66108	1.58248	0.417749	0.898469	0.902965	1.6775	0.538279
78	8	0.454131	0.456128	0.919322	0.496157	0.232502	0.384887	0.671848	0.572879
78	9	0.204122	0.21306	1.06794	0.199506	0.301154	0.443404	1.39392	0.318098
79	0	0.055854	0.02929	0.866577	0.0337996	0.282557	0.164607	0.866577	0.189951
79	1	0.277083	0.274264	0.978852	0.280189	-0.0388914	-0.130926	0.901448	-0.14524
79	2	-0.0210079	-0.108845	1.00687	-0.108102	0.230436	0.101504	0.826127	0.122868
79	3	0.0979696	-0.0207961	0.881472	-0.0235925	0.243204	0.0639306	0.963628	0.0663436
79	4	0.320982	0.167838	1.02728	0.163381	-0.076631	-0.169271	0.848658	-0.199457
79	5	-0.120529	-0.121182	0.828328	-0.146297	0.180647	-0.164809	0.569185	-0.289553
79	6	0.0240877	-0.0619204	0.853338	-0.0725627	-0.586715	-0.307137	0.970613	-0.316436
79	7	-0.255706	-0.261327	1.11275	-0.234849	0.39345	0.119007	1.34705	0.0883459
79	8	0.540404	0.753735	1.19618	0.630119	0.503973	0.512626	0.964666	0.531403
79	9	0.357784	0.440691	0.842125	0.523308	0.152839	0.128438	0.752272	0.170733
80	0	0.124778	0.245765	1.04702	0.234727	0.180736	0.31783	1.04702	0.303555
80	1	0.154268	0.218549	1.01148	0.216068	0.473729	0.397391	1.19695	0.332003
80	2	0.346707	0.380607	1.12112	0.339489	-0.16822	0.0747009	1.01664	0.0734781
80	3	0.0956961	0.249647	0.877835	0.284389	0.30221	0.311754	1.0165	0.306694
80	4	0.0409203	0.180095	0.779179	0.231134	0.15891	0.161125	0.618884	0.260348
80	5	0.411125	0.427069	0.662355	0.644775	0.269261	0.228538	0.691174	0.330652
80	6	0.132254	0.100862	0.988823	0.102002	-0.0914917	-0.524458	1.51844	-0.345394
80	7	0.130553	-0.0207258	0.787486	-0.026319	0.55702	0.537756	1.02652	0.523861
80	8	0.231441	0.186923	0.871058	0.214593	-0.05099	-0.237463	0.74045	-0.320701
80	9	-0.0709963	-0.00263169	0.963782	-0.00273059	0.0597593	0.198414	0.722569	0.274595
81	0	0.328014	0.372846	0.810162	0.460212	0.571767	0.622901	0.810162	0.76886
81	1	0.413293	0.606002	0.99313	0.610194	0.297172	0.317598	1.00626	0.315623
81	2	0.290133	0.315852	1.01411	0.311457	0.263382	0.164841	0.967295	0.170414
81	3	0.385212	0.31766	1.0735	0.295911	0.541999	0.430727	1.00991	0.4265
81	4	0.379349	0.45751	0.942303	0.485523	0.0590013	0.143248	0.710937	0.201493
81	5	0.0999011	0.319465	0.766375	0.416852	-0.129912	0.105403	1.34918	0.0781237
81	6	-0.0547545	0.0188642	0.968154	0.0194848	0.289311	-0.0451634	1.36811	-0.0330115
81	7	0.500467	0.646557	1.16858	0.553286	0.594863	0.511076	1.5339	0.333187
81	8	0.303521	0.484784	1.14327	0.424033	0.175538	0.421799	1.76564	0.238893
81	9	0.251022	0.253949	1.45782	0.174198	0.484374	0.396818	1.34316	0.295435
82	0	0.538232	0.654725	1.18454	0.552727	0.696201	0.924766	1.18454	0.780699
82	1	0.121339	0.133041	1.13543	0.117172	-0.0405265	0.0374377	1.26286	0.0296451
82	2	0.291974	0.239675	1.06622	0.22479	0.519913	0.44696	1.06537	0.419533
82	3	1.01551	1.03937	1.04585	0.993813	0.899327	0.949442	0.956903	0.992203
82	4	0.103043	-0.0200094	1.13899	-0.0175676	-0.115529	-0.355539	1.00113	-0.355139
82	5	0.0645589	0.157596	0.813748	0.193667	-0.494086	-0.585162	1.26826	-0.46139
82	6	-0.790496	-0.892654	1.11604	-0.799839	-0.187692	-0.120334	1.5654	-0.0768709
82	7	0.167351	0.445961	1.38386	0.322259	0.510535	0.224751	1.20318	0.186798
82	8	0.314239	0.263687	0.875674	0.301125	0.299864	0.250549	0.655258	0.382367
82	9	0.52552	0.820542	0.785146	1.04508	0.534439	0.323218	0.700276	0.461558
83	0	-0.100973	-0.0970284	1.31836	-0.0735979	0.0932453	0.0660644	1.31836	0.0501112
83	1	0.411227	0.561357	1.35822	0.413303	0.558265	0.386839	1.28264	0.301596
83	2	0.386356	0.489929	1.2491	0.392226	0.0484052	0.200048	0.989706	0.202128
83	3	0.0145864	0.0579615	0.898642	0.064499	0.0427402	0.0754829	1.01272	0.0745348
83	4	0.190096	0.151803	0.878392	0.17282	0.272966	0.0249707	1.15787	0.0215661
83	5	0.0533497	0.0327003	1.13159	0.0288977	0.00793784	-0.319571	1.15663	-0.276295
83	6	-0.13718	0.0659377	1.36582	0.0482769	-0.23134	-0.246034	0.636008	-0.386842
83	7	0.0861891	-0.0422557	0.750083	-0.0563347	0.174441	0.0488314	0.427443	0.114241
83	8	0.259776	0.370954	0.753931	0.492026	0.394052	0.385392	0.913374	0.421943
83	9	0.0220577	-0.109417	1.24551	-0.0878489	-0.118339	-0.225911	0.992998	-0.227504
84	0	0.0720879	0.115305	0.965119	0.119472	0.524148	0.352777	0.965119	0.365527
84	1	0.441752	0.427093	1.10973	0.384862	0.0431139	-0.0150784	0.88811	-0.0169781
84	2	0.162581	0.272119	0.890931	0.305432	0.0321898	0.144531	0.736626	0.196207
84	3	-0.0155741	0.0080511	0.644059	0.0125006	-0.0445359	-0.00579158	0.552593	-0.0104807
84	4	-0.0938578	-0.104505	0.624863	-0.167244	-0.097398	-0.141863	0.598633	-0.236978
84	5	-0.0513557	-0.170116	0.684401	-0.248562	0.161374	-0.225854	0.768563	-0.293866
84	6	0.0936699	0.192058	0.797212	0.240912	0.159367	0.189711	1.16912	0.162268
84	7	0.449249	0.0396814	0.845719	0.0469203	0.42045	0.0249095	0.456412	0.0545768
84	8	0.429248	0.636355	0.937196	0.678999	0.464702	0.7685	0.958698	0.801608
84	9	0.459079	0.681597	0.835825	0.815478	0.389933	0.67048	0.922678	0.726668
85	0	0.170024	0.194121	1.03154	0.188186	0.380468	0.322988	1.03154	0.313112
85	1	0.499377	0.658454	1.16412	0.565622	0.449477	0.402615	1.28175	0.314114
85	2	0.395516	0.43515	1.19802	0.363224	0.256681	0.378472	1.12696	0.335835
85	3	0.316705	0.314357	1.0938	0.287399	0.403958	0.466101	1.27092	0.366744
85	4	0.151923	0.178822	1.00925	0.177182	-0.160851	-0.309038	1.03326	-0.299091
85	5	-0.0433589	-0.122438	1.04253	-0.117443	-0.328314	-0.334533	1.23267	-0.271389
85	6	0.270131	0.359175	1.30747	0.274709	0.208785	0.260209	2.5564	0.101787
85	7	0.276296	0.638389	1.7591	0.362907	1.06206	1.18661	2.78562	0.425979
85	8	0.545454	0.3961	1.00045	0.395922	0.0841024	0.304135	0.488971	0.62199
85	9	0.142484	0.201175	0.921443	0.218326	0.357615	0.349039	0.838004	0.416512
86	0	0.0606315	0.0827693	1.09577	0.0755351	0.31739	0.242209	1.09577	0.22104
86	1	0.268343	0.391061	1.14974	0.340129	0.148612	0.179644	0.815422	0.220308
86	2	0.10491	0.166006	1.00256	0.165583	-0.00992735	-0.116086	0.631868	-0.183719
86	3	0.161185	0.282667	0.614977	0.459638	0.312504	0.167199	0.44613	0.374777
86	4	0.320288	0.473743	0.72482	0.653601	0.111096	0.131957	0.798576	0.165241
86	5	0.0440323	0.349944	0.872767	0.400959	-0.19067	-0.0259412	1.5745	-0.0164758
86	6	0.467344	0.0534942	1.18974	0.0449628	1.04871	0.63814	0.981438	0.650209
86	7	0.425646	0.494049	0.770787	0.640967	0.236068	0.154352	0.518143	0.297895
86	8	0.357676	0.311722	0.543503	0.573543	0.382911	0.314433	0.791955	0.397034
86	9	0.152706	0.169124	1.2938	0.130719	-0.453307	-0.375821	1.43101	-0.262627
87	0	0.0166931	-0.0498035	1.06885	-0.0465952	0.331455	0.186915	1.06885	0.174874
87	1	0.538109	0.489191	1.04148	0.469707	0.34238	0.211848	1.3222	0.160223
87	2	0.58562	0.748648	1.18899	0.629649	0.491319	0.672906	1.61626	0.416335
87	3	-0.0176195	-0.0724465	1.28737	-0.056275	-0.0347194	-0.184055	1.25944	-0.14614
87	4	0.361912	0.20863	1.36352	0.153008	0.259636	0.279737	1.02922	0.271794
87	5	-0.131787	-0.0650367	0.896253	-0.0725651	-0.335041	-0.599805	1.02107	-0.587426
87	6	0.0980174	0.252864	1.14394	0.221047	0.430689	0.496954	2.83578	0.175244
87	7	-0.892795	-0.939282	2.31744	-0.405309	-0.852333	-1.05727	3.50427	-0.301709
87	8	0.571215	0.592509	1.63627	0.362109	0.563753	0.758329	1.22921	0.616926
87	9	-0.159299	-0.0554014	1.10211	-0.0502685	-0.143585	-0.00706049	1.22289	-0.00577363
88	0	0.396013	0.493399	0.905926	0.544634	0.750039	0.682711	0.905926	0.753605
88	1	0.283954	0.320834	0.960977	0.333863	0.0705686	-0.111627	0.851466	-0.1311
88	2	0.363834	0.497199	1.09481	0.45414	0.423537	0.366607	1.23425	0.297027
88	3	0.566771	0.573077	1.14336	0.50122	0.440529	0.416735	0.953202	0.437195
88	4	0.303436	0.295789	0.855516	0.345743	0.492016	0.274981	0.690977	0.397959
88	5	0.180653	-0.0298955	0.773369	-0.0386562	-0.629686	-0.749699	1.04298	-0.718806
88	6	-0.0911847	-0.00229172	0.955401	-0.0023987	0.237942	0.0371547	1.61604	0.0229911
88	7	0.129806	0.0397833	1.2795	0.0310929	0.632646	0.629208	0.665399	0.94561
88	8	0.705807	0.681516	0.742021	0.91846	0.412161	0.259706	0.707891	0.366873
88	9	0.0929154	-0.0413054	0.655157	-0.0630465	0.245544	0.307872	0.943404	0.326341
89	0	-0.133079	-0.0877607	1.16395	-0.075399	-0.0543807	0.097223	1.16395	0.0835285
89	1	0.279845	0.303146	1.01702	0.298072	0.405804	0.408694	0.935164	0.43703
89	2	0.461041	0.47875	0.774507	0.618136	0.300636	0.448959	0.780827	0.574978
89	3	0.574816	0.840473	1.21946	0.689215	0.272255	0.471425	1.25312	0.376199
89	4	-0.0696275	-0.1415	0.882359	-0.160366	0.204547	0.323882	1.22355	0.264707
89	5	0.3196	0.493071	1.18934	0.414574	0.372311	0.304679	1.44682	0.210586
89	6	-0.0776864	-0.106894	1.05723	-0.101108	-0.0969486	-0.358379	1.10148	-0.325362
89	7	0.556126	0.722598	0.916996	0.788005	0.369836	0.577534	1.07824	0.535628
89	8	0.420214	0.33769	0.703233	0.480197	0.536614	0.539276	0.612167	0.88093
89	9	0.233483	0.15039	0.991236	0.151719	0.208872	0.010276	0.689788	0.0148973
90	0	0.707567	0.673548	0.735926	0.915239	0.872439	0.902591	0.735926	1.22647
90	1	0.743422	0.767645	1.33619	0.574501	0.737473	0.803609	1.64599	0.488221
90	2	0.544068	0.526878	1.22104	0.4315	0.651667	0.677135	1.16507	0.581195
90	3	0.758537	1.01966	1.20375	0.847068	0.360479	0.363531	1.18514	0.306741
90	4	0.0316355	0.103224	0.922795	0.111861	-0.0923644	-0.0170234	1.15079	-0.0147928
90	5	-0.0772761	0.0114623	1.06707	0.0107419	-0.584396	-0.380179	0.954544	-0.398283
90	6	-0.974731	-0.997596	1.05263	-0.94772	0.245851	-0.00601036	1.84684	-0.00325441
90	7	0.7952	0.696751	1.35881	0.512767	0.407191	0.23075	1.44269	0.159944
90	8	0.0750109	0.169168	1.25272	0.135041	0.0918562	0.0379676	0.795773	0.0477116
90	9	0.104187	0.0611921	0.964592	0.0634383	0.136784	0.0859105	0.800583	0.10731
91	0	-0.000217078	0.00956146	0.692444	0.0138083	0.102421	0.118984	0.692444	0.171832
91	1	0.472506	0.551206	0.925788	0.595391	0.506154	0.497494	0.733396	0.678343
91	2	0.423397	0.657541	0.851259	0.772434	0.510896	0.550542	0.909395	0.605393
91	3	0.286632	0.152439	0.924557	0.164878	0.0346951	-0.0350685	0.93036	-0.0376935
91	4	0.0819835	0.0724293	0.706228	0.102558	0.278926	0.282684	0.766494	0.368801
91	5	0.179776	-0.029616	0.740038	-0.0400196	-0.593613	-0.583968	0.785475	-0.743459
91	6	-0.148935	0.053341	0.753794	0.0707634	0.288219	0.397441	1.12547	0.353134
91	7	0.0305841	0.305803	0.861105	0.355129	0.338829	0.371584	0.891636	0.416745
91	8	0.23186	0.319321	0.646284	0.494088	-0.00663306	0.318846	0.746904	0.42689
91	9	-0.0598056	0.142689	0.595344	0.239675	-0.151589	0.0627251	0.439973	0.142566
92	0	-0.0182512	-0.0253691	1.02048	-0.02486	0.323605	0.214614	1.02048	0.210307
92	1	0.63851	0.712364	1.141	0.62433	0.434447	0.312331	1.31232	0.238
92	2	0.281219	0.484776	1.03608	0.467897	0.395969	0.391066	0.733594	0.533082
92	3	0.314305	0.33795	0.926462	0.364775	0.068086	0.0593687	0.984837	0.0602828
92	4	-0.140139	-0.253503	0.979854	-0.258715	-0.262856	-0.368013	1.35152	-0.272295
92	5	0.179144	0.138068	1.01648	0.135829	0.466139	0.369705	1.12968	0.327266
92	6	0.196856	0.175884	1.27021	0.138469	-0.0545504	0.0218873	0.574244	0.038115
92	7	-0.155677	-0.00889875	0.525906	-0.0169208	0.135023	-0.119745	0.573395	-0.208836
92	8	0.691236	0.831411	1.04874	0.792771	0.558253	0.784489	1.1485	0.683054
92	9	0.310703	0.357273	1.04366	0.342327	0.223703	0.333184	0.942954	0.353341
93	0	0.191521	0.228536	0.933949	0.244699	0.493659	0.346542	0.933949	0.37105
93	1	0.420784	0.449965	1.15945	0.388084	0.234979	0.259819	1.29206	0.201089
93	2	0.193901	0.238475	1.06009	0.224958	0.342491	0.148461	0.621785	0.238766
93	3	0.257379	0.171998	0.72549	0.237079	0.0933784	0.0711975	0.661152	0.107687
93	4	0.110138	0.131415	0.796935	0.1649	0.448226	0.306202	0.72492	0.422394
93	5	0.236319	0.22988	0.896429	0.256439	-0.227531	-0.381763	0.601092	-0.635116
93	6	0.0371161	-0.112758	0.787798	-0.14313	-0.207333	-0.185105	0.682625	-0.271167
93	7	-0.0223278	-0.357218	1.02608	-0.348139	0.294147	-0.0790481	0.784229	-0.100797
93	8	0.0748357	0.153672	0.753082	0.204058	0.0288413	0.0555955	0.541699	0.102632
93	9	-0.142372	-0.167588	0.826196	-0.202842	-0.331499	-0.297111	0.951133	-0.312376
94	0	0.648822	0.790731	1.17479	0.673082	1.07248	1.24278	1.17479	1.05787
94	1	0.534589	0.558153	1.20849	0.461861	0.103951	0.0297645	1.01344	0.02937
94	2	0.037373	0.0506041	0.959779	0.0527248	-0.119975	0.0210985	1.07249	0.0196725
94	3	-0.323288	-0.39169	0.925077	-0.423414	-0.00954832	0.0250261	0.849828	0.0294484
94	4	0.332845	0.440096	1.18135	0.372535	-0.0202771	-0.165007	1.15562	-0.142786
94	5	0.212292	0.113075	1.10692	0.102153	0.421945	0.70564	1.31942	0.534811
94	6	0.219926	0.460635	1.63201	0.28225	0.17987	-0.0431583	1.38567	-0.0311461
94	7	0.486792	0.687394	1.34156	0.512386	0.622801	0.585504	1.9373	0.302227
94	8	0.116419	0.152272	0.893544	0.170413	0.00239963	0.0104274	0.315679	0.0330316
94	9	-0.031902	0.0774131	0.750293	0.103177	0.281557	0.172858	0.636448	0.271598
95	0	0.277559	0.434178	1.07613	0.403464	0.395164	0.656783	1.07613	0.610321
95	1	0.29829	0.490521	1.08327	0.452814	0.287187	0.509809	1.30601	0.390356
95	2	0.209195	0.297117	0.981966	0.302573	0.255398	0.3721	0.879338	0.42316
95	3	0.554584	0.664302	0.973096	0.682669	0.600384	0.673085	1.39819	0.481398
95	4	0.611142	0.783637	1.12262	0.698043	0.505463	0.722436	0.951179	0.759516
95	5	0.494112	0.498829	0.798996	0.62432	0.184511	0.343203	1.04454	0.32857
95	6	-0.375776	-0.101367	1.10385	-0.0918305	-0.00145664	-0.0491363	1.01346	-0.0484838
95	7	0.185317	0.0740503	0.652046	0.113566	0.135043	-0.0298794	0.491096	-0.0608422
95	8	0.132629	0.251769	0.506022	0.497546	0.174954	0.247661	0.425558	0.581969
95	9	0.31533	0.409793	0.686094	0.597284	0.413388	0.379234	0.720264	0.526521
96	0	0.0512537	0.0436638	0.985412	0.0443102	0.000776151	-0.037996	0.985412	-0.0385585
96	1	-0.0245915	-0.00228385	0.76603	-0.00298141	0.111758	0.124065	0.729157	0.170148
96	2	0.0323033	0.184397	0.994947	0.185334	-0.0442797	-0.000513123	1.1181	-0.000458925
96	3	0.303343	0.486945	1.00477	0.484632	0.584123	0.658308	1.03341	0.637023
96	4	0.32138	0.433464	1.24841	0.347212	0.105541	0.0583531	1.26403	0.0461645
96	5	0.263417	0.323156	1.03945	0.310891	0.297957	0.099725	0.789647	0.126291
96	6	0.111073	0.711522	0.708071	1.00487	0.0945255	0.341833	0.743683	0.459648
96	7	0.531856	0.276057	0.640313	0.431128	0.448961	0.40217	0.310251	1.29627
96	8	-0.0110828	0.0976181	0.699664	0.139521	-0.217654	-0.062144	0.657099	-0.0945732
96	9	-0.0499948	0.0955977	0.734943	0.130075	0.203197	0.66773	0.629133	1.06135
97	0	0.0787054	0.0577867	0.858172	0.067337	0.367328	0.243563	0.858172	0.283816
97	1	0.521282	0.4125	0.853602	0.483247	0.629659	0.503871	0.928399	0.542731
97	2	0.691661	0.658612	1.15482	0.570316	0.579379	0.488777	1.03872	0.470559
97	3	0.464243	0.55138	1.03957	0.530392	0.429744	0.462085	1.12463	0.410879
97	4	0.475783	0.672209	1.15452	0.582244	0.171787	0.340142	0.820938	0.414334
97	5	-0.268736	-0.162484	1.0317	-0.157492	-0.652826	-0.528417	0.67839	-0.778929
97	6	0.0203999	-0.13095	0.877043	-0.149309	0.472991	0.532813	0.585427	0.910127
97	7	0.291573	0.169019	0.665883	0.253827	0.601487	0.235337	0.196753	1.19611
97	8	0.500993	0.540983	0.530083	1.02056	0.167608	0.2634	0.566769	0.46474
97	9	0.14898	0.361005	0.741274	0.487006	0.433309	0.356318	0.763085	0.466944
98	0	0.233175	0.39294	1.04209	0.377069	0.367655	0.611437	1.04209	0.586741
98	1	0.375995	0.547573	1.00258	0.546166	0.589525	0.623439	0.85264	0.731186
98	2	0.663543	0.844893	1.00975	0.836736	0.508997	0.53178	1.46536	0.362901
98	3	0.591382	0.69168	1.21529	0.569148	0.109709	0.126534	1.3905	0.0909991
98	4	-0.156247	-0.0880177	0.984287	-0.0894228	0.434354	0.317195	1.09776	0.288947
98	5	0.179574	0.115162	1.07492	0.107136	-0.711306	-0.817336	1.87503	-0.435905
98	6	-0.530354	-0.431486	1.49608	-0.288411	0.103757	0.0202226	1.42314	0.0142099
98	7	-0.218246	-0.0276455	1.19974	-0.0230429	-0.646046	-0.422249	1.69515	-0.249093
98	8	-0.0762181	-0.00354774	1.03415	-0.0034306	0.321617	0.435591	1.23883	0.351614
98	9	0.184421	0.24349	1.2206	0.199484	0.526243	0.161287	0.909151	0.177404
99	0	0.118732	0.120108	1.0007	0.120024	0.258056	0.169608	1.0007	0.169489
99	1	0.059622	0.170992	1.12609	0.151846	0.0418354	0.177361	1.14279	0.1552
99	2	0.256579	0.329942	1.07902	0.30578	0.340278	-0.0452302	0.8178	-0.0553071
99	3	0.486697	0.619594	0.932174	0.664676	0.361656	0.48004	1.23555	0.388524
99	4	-0.0323378	0.0152653	1.09138	0.0139872	0.115692	-0.147868	1.1351	-0.130268
99	5	0.412899	0.311673	0.987786	0.315527	-0.045738	0.103867	1.08885	0.0953918
99	6	0.124703	-0.0413003	1.16155	-0.0355561	0.0412392	-0.0475049	1.25568	-0.0378321
99	7	0.0162123	-0.0936021	1.04345	-0.0897043	0.60518	0.300251	0.563055	0.533254
99	8	0.333162	0.483732	0.832185	0.581279	0.238786	0.389592	1.02722	0.379268
99	9	0.525123	0.428593	0.781444	0.548463	0.303417	0.359874	0.545541	0.659665
100	0	-0.117661	-0.138377	0.999322	-0.13847	0.169852	-0.024826	0.999322	-0.0248428
100	1	0.424825	0.490923	1.13151	0.433865	0.278408	0.278894	0.888038	0.314057
100	2	0.295596	0.252615	0.798547	0.316344	0.367497	0.171727	0.951565	0.180468
100	3	0.372601	0.516667	0.895515	0.576949	0.390058	0.40145	0.862355	0.465527
100	4	0.434033	0.387108	0.720096	0.537578	0.163829	0.015269	0.487049	0.03135
100	5	0.186878	0.358348	0.853913	0.419654	0.309293	0.262917	1.01159	0.259905
100	6	0.186932	0.105799	0.856063	0.123588	0.159242	0.166583	1.44041	0.11565
100	7	0.385377	0.637268	1.51112	0.42172	0.324324	0.571319	1.73621	0.329061
100	8	0.0564237	0.206856	0.941206	0.219778	0.248146	0.296933	0.782722	0.379359
100	9	0.0487909	0.163395	0.781244	0.209147	0.114618	-0.00556434	0.842885	-0.00660154
