RUN	Year	DeltaBV	Sel	Var	Beta	DeltaBVRecruits	SelRecruits	VarRecruits	BetaRecruits
1	0	0.0701906	0.117751	0.742256	0.15864	0.208643	0.280995	0.742256	0.378569
1	1	0.109648	0.25232	0.813989	0.309979	-0.0895158	-0.0810386	0.883311	-0.0917441
1	2	0.0669079	0.202751	1.11787	0.181372	0.320072	0.295695	0.872788	0.338793
1	3	0.401173	0.598275	0.916913	0.652489	0.309875	0.352289	0.55325	0.636763
1	4	0.290545	0.192629	0.884717	0.217729	0.160122	0.355404	0.848852	0.418688
1	5	-0.0375778	0.185283	1.01554	0.182448	-0.0492875	0.251724	1.62329	0.15507
1	6	-0.072772	0.00577438	1.3468	0.00428747	0.00377194	0.350124	0.644788	0.543006
1	7	0.107124	0.233056	0.719168	0.324064	0.22875	-0.0890718	0.651608	-0.136695
1	8	0.262012	0.448338	0.759241	0.590508	0.357364	0.361807	0.82145	0.440449
1	9	0.251691	0.479903	0.901683	0.53223	0.0837366	0.258528	0.717608	0.360263
2	0	-0.128357	-0.15518	0.975143	-0.159135	0.00952928	-0.069263	0.975143	-0.0710286
2	1	0.321516	0.41144	0.962522	0.427461	0.3509	0.421198	0.888967	0.473806
2	2	0.519393	0.742639	0.972707	0.763476	0.683638	0.964547	1.33573	0.722111
2	3	0.522536	0.841146	1.06302	0.791283	0.292419	0.560909	1.07976	0.519474
2	4	0.141177	0.505223	0.995131	0.507695	-0.0340123	0.0844822	0.972351	0.0868846
2	5	0.0985715	0.0677088	0.987118	0.0685924	0.0292514	0.072517	1.24797	0.058108
2	6	0.186938	0.501878	1.17343	0.427701	0.413137	0.697449	2.23117	0.312593
2	7	-0.180873	-0.451103	1.18634	-0.380247	0.0952354	0.0235464	1.19596	0.0196882
2	8	0.60327	0.911627	1.15871	0.786762	0.155261	0.241339	0.779094	0.309769
2	9	0.0123188	0.268434	1.13817	0.235848	0.0601993	0.307577	1.26991	0.242205
3	0	0.0360006	0.11367	0.877405	0.129552	0.0836162	0.192288	0.877405	0.219155
3	1	-0.0373699	-0.0435628	0.863469	-0.0504509	-0.151436	-0.186565	0.904294	-0.20631
3	2	-0.00319599	-0.0640118	0.943534	-0.0678427	0.256008	0.121422	0.825923	0.147013
3	3	0.266166	0.509535	0.975894	0.522121	0.0570611	0.272485	0.913622	0.298247
3	4	0.158074	0.400246	0.80731	0.495777	0.0663665	0.365778	0.678929	0.538758
3	5	0.0998713	0.00512163	0.774418	0.00661352	-0.0764051	0.154943	0.7216	0.214722
3	6	-0.125527	-0.0467672	0.831836	-0.0562216	-0.0892334	0.221186	1.0769	0.205391
3	7	-0.115373	0.240203	1.24629	0.192734	0.191478	0.601066	1.44624	0.415607
3	8	0.0443769	-0.0592536	0.969819	-0.0610976	0.137679	0.193212	0.655823	0.29461
3	9	0.19139	0.47418	0.836818	0.566646	-0.12806	0.0947983	0.454392	0.208627
4	0	0.00772188	-0.13834	1.13509	-0.121876	0.183787	-0.119208	1.13509	-0.105021
4	1	0.1238	0.308638	0.982444	0.314153	0.0310204	0.0862701	0.80021	0.107809
4	2	0.164567	0.203636	0.87371	0.233071	0.190533	0.554676	0.886343	0.625803
4	3	0.132245	0.42123	0.802031	0.525205	0.15485	0.187673	0.570204	0.329134
4	4	0.177161	0.140831	0.743243	0.189482	0.175597	0.225671	0.759007	0.297324
4	5	0.15308	0.313944	0.9153	0.342996	0.0955187	-0.036432	0.826275	-0.0440919
4	6	-0.0140406	0.432071	0.87387	0.494434	0.152237	0.450408	0.772169	0.583303
4	7	0.489267	1.43767	0.792091	1.81503	0.49545	1.15441	1.05674	1.09243
4	8	0.384893	0.757146	1.03095	0.734418	0.193745	0.535562	0.899088	0.595673
4	9	0.234663	0.732824	1.12088	0.653791	0.412892	0.587302	0.907214	0.647369
5	0	0.106793	0.0596406	0.888174	0.0671497	0.309373	0.10413	0.888174	0.11724
5	1	0.307129	0.424912	0.983295	0.432131	0.186454	0.170487	1.04687	0.162854
5	2	0.111813	0.0829273	0.866152	0.0957422	0.16572	0.0163071	0.741744	0.0219848
5	3	0.0971219	0.28612	0.748581	0.382217	-0.00839241	-0.0370756	0.675832	-0.0548592
5	4	0.171281	0.280622	1.01153	0.277423	0.0450271	0.25464	1.10014	0.231461
5	5	-0.107926	-0.0842949	0.908526	-0.0927821	0.0219132	-0.337275	0.881869	-0.382455
5	6	0.10721	0.229431	0.757184	0.303006	-0.00368193	0.392963	0.879162	0.446975
5	7	0.0911254	0.10231	0.752201	0.136014	0.134468	0.19532	0.51153	0.381836
5	8	-0.0840518	-0.18928	0.902695	-0.209683	0.0763406	0.101124	0.82607	0.122416
5	9	0.242238	0.275578	0.843098	0.326864	0.0418955	0.2039	1.06065	0.192241
6	0	-0.0792707	-0.060734	0.907295	-0.0669397	-0.112431	0.0782669	0.907295	0.086264
6	1	0.664468	1.20813	0.872065	1.38536	0.821299	1.45187	1.06967	1.35731
6	2	-0.0075522	0.0115705	1.23012	0.00940593	-0.170541	-0.163122	1.02779	-0.158711
6	3	-0.101212	-0.216032	1.04931	-0.205879	-0.0602124	-0.0759092	1.02809	-0.0738354
6	4	-0.116205	0.149903	1.16457	0.128719	0.0556703	-0.0159685	1.3792	-0.0115781
6	5	0.373357	0.267917	1.28294	0.20883	0.128272	0.0529277	0.826749	0.0640191
6	6	0.268755	0.50411	1.04232	0.483644	0.189556	0.577799	1.52864	0.377982
6	7	-0.112689	-0.683043	1.04075	-0.656296	-0.0964696	-0.474673	0.800858	-0.592706
6	8	-0.0685176	0.0861446	0.942816	0.0913695	-0.104876	0.0186567	0.821862	0.0227005
6	9	-0.131062	0.0440536	0.726058	0.060675	0.110996	0.0972769	0.626244	0.155334
7	0	-0.0185974	-0.102113	1.06043	-0.0962937	0.0721351	-0.0143003	1.06043	-0.0134853
7	1	0.197546	0.799462	1.03902	0.769442	0.29113	0.496188	0.791567	0.626843
7	2	0.169718	0.105549	1.01542	0.103946	0.0786568	0.0824675	1.06657	0.07732
7	3	0.0588083	0.205598	1.05598	0.194698	0.0428045	-0.057169	0.626335	-0.0912755
7	4	0.155754	0.21978	0.769748	0.285522	-0.0475104	0.00646068	0.784881	0.00823142
7	5	-0.0103335	0.114248	0.760799	0.150168	0.0115412	-0.143433	0.661406	-0.216861
7	6	-0.0217092	-0.0918807	0.969569	-0.0947645	-0.0800911	0.00369032	1.29305	0.00285397
7	7	0.0599807	0.294137	0.803108	0.366248	0.303561	0.535058	1.18398	0.451916
7	8	0.0770692	0.103821	0.722569	0.143683	0.104511	0.300455	0.546222	0.55006
7	9	0.0154352	-0.0222974	0.769828	-0.0289642	-0.0186768	-0.310761	0.64474	-0.481995
8	0	-0.098911	0.00852987	0.906533	0.00940933	0.0593288	0.0757996	0.906533	0.0836148
8	1	0.347615	0.643556	1.00539	0.640105	0.289446	0.529781	0.802133	0.660465
8	2	0.127397	0.354407	0.87719	0.404025	0.100127	0.189569	0.795832	0.238202
8	3	0.201449	0.222751	0.873328	0.25506	0.301294	0.181403	1.05231	0.172385
8	4	0.539906	0.707476	1.00093	0.706821	0.534663	0.621209	1.07398	0.578416
8	5	0.260957	0.35716	0.930475	0.383847	-0.0101657	-0.0794864	0.867578	-0.0916187
8	6	0.139779	0.243195	0.761469	0.319377	-0.100626	0.346872	0.577272	0.600881
8	7	-0.00913103	-0.11438	1.00288	-0.114051	0.349673	0.692385	0.758917	0.912333
8	8	0.196998	0.192721	0.813092	0.237023	0.327243	-0.0782439	0.943731	-0.0829091
8	9	0.215534	0.234554	1.07166	0.21887	0.0178845	0.244158	1.37695	0.177318
9	0	0.140204	0.298606	0.880086	0.339292	0.411918	0.395166	0.880086	0.449008
9	1	0.407089	0.594383	1.01205	0.587303	0.107262	0.361972	0.771885	0.468945
9	2	0.273065	0.634895	0.91941	0.690546	0.777186	1.0117	1.03423	0.978214
9	3	0.674489	1.27608	1.19826	1.06495	0.215135	0.444628	0.881055	0.504655
9	4	-0.108457	-0.200164	1.00805	-0.198564	-0.25025	-0.189876	1.3608	-0.139533
9	5	-0.129876	0.222151	1.21284	0.183167	-0.244164	-0.168617	0.615533	-0.273936
9	6	0.228444	-0.186525	0.982716	-0.189805	0.386686	0.541113	0.974801	0.555101
9	7	-0.0770879	0.0945073	0.984553	0.09599	0.130998	-0.174228	1.15063	-0.15142
9	8	0.393811	0.711915	0.83442	0.853186	0.487029	0.438607	0.606214	0.723519
9	9	0.512581	1.15741	1.11303	1.03987	0.0829927	0.627045	1.24251	0.504661
10	0	0.0393848	0.0628092	0.937913	0.0669669	0.151909	0.22529	0.937913	0.240203
10	1	0.198476	0.491131	0.875172	0.561183	0.198195	0.332762	0.629638	0.528498
10	2	0.220321	0.394448	0.780185	0.505582	0.214232	0.193696	0.544524	0.355717
10	3	0.146865	0.36724	0.736873	0.498376	0.0767516	0.123403	0.642266	0.192136
10	4	0.0304721	0.0346147	0.999332	0.0346378	-0.25786	-0.165413	0.965397	-0.171342
10	5	-0.170528	-0.260229	0.907037	-0.2869	0.422088	0.381609	0.628641	0.607037
10	6	0.443628	0.75143	0.629593	1.19352	0.227373	0.157911	0.442637	0.356751
10	7	0.263012	-0.297052	1.23294	-0.24093	0.42013	-0.223494	0.676856	-0.330195
10	8	0.376938	0.99133	1.0011	0.99024	0.194173	0.434386	0.933412	0.465374
10	9	0.201828	0.458456	0.925335	0.495449	0.300526	0.807864	1.26777	0.637233
11	0	0.118645	0.224869	1.1407	0.197132	0.10391	0.19365	1.1407	0.169764
11	1	0.31998	0.748088	1.18801	0.629697	0.443733	0.782046	1.25453	0.623377
11	2	0.17082	0.199252	1.05786	0.188354	0.000529257	0.168768	0.652952	0.258469
11	3	0.0287103	0.00324957	0.998762	0.00325359	0.0566426	0.144314	1.3682	0.105477
11	4	0.262469	0.773414	1.06585	0.725633	0.321762	0.465479	1.34354	0.346456
11	5	0.403291	0.468408	1.39363	0.336106	0.523672	0.824848	1.65013	0.49987
11	6	-0.0462106	-0.0315918	1.92591	-0.0164035	0.295502	-0.0171949	3.37549	-0.00509404
11	7	0.778559	1.08548	2.22855	0.487078	0.412817	0.534869	1.99966	0.26748
11	8	0.352001	0.600039	1.14331	0.524826	0.359074	0.210391	0.609097	0.345415
11	9	0.0388103	0.0155451	0.903639	0.0172027	-0.0947315	-0.15815	1.00733	-0.156999
12	0	0.210743	0.415568	1.21049	0.343306	0.554622	0.854758	1.21049	0.706126
12	1	0.695107	1.07672	1.2067	0.892282	0.399245	0.588215	0.922395	0.637704
12	2	0.107846	0.0971263	0.951375	0.10209	0.167171	0.0737388	0.919577	0.0801878
12	3	0.100899	0.532855	1.09598	0.486191	-0.0722976	0.0614049	1.37978	0.0445033
12	4	0.0495238	0.0815493	1.18586	0.0687679	0.179949	0.0917132	1.17092	0.0783257
12	5	0.0313165	0.273215	1.15751	0.236037	-0.20355	0.138996	1.0452	0.132985
12	6	0.00882993	-0.100542	0.944154	-0.106489	-0.017943	0.0973354	1.0062	0.0967355
12	7	0.0985283	0.729185	0.806818	0.90378	0.396873	0.791384	1.16074	0.681792
12	8	0.124276	0.195236	1.18902	0.164199	-0.129635	0.121844	0.555028	0.219528
12	9	-0.0964258	-0.0782756	0.872309	-0.0897338	0.148252	0.10658	0.767932	0.138788
13	0	0.103539	0.285118	1.10231	0.258656	0.273339	0.521294	1.10231	0.472912
13	1	0.324643	0.448276	1.02887	0.435696	0.214468	0.204462	1.02236	0.199991
13	2	0.165457	0.334812	0.848624	0.394536	0.113941	0.184082	0.792841	0.23218
13	3	0.0342746	0.264443	0.804639	0.328648	0.132749	0.21721	0.902244	0.240744
13	4	0.215792	0.351489	1.02926	0.341496	0.0889953	0.213587	1.16426	0.183453
13	5	0.185404	0.358252	1.07832	0.332231	0.175628	0.045237	1.07644	0.0420247
13	6	-0.0930098	-0.220147	1.1954	-0.184162	-0.153536	0.0774827	2.74145	0.0282634
13	7	0.0149045	0.228113	1.6449	0.138679	-0.00723739	0.278014	0.720618	0.385799
13	8	-0.0307364	0.248627	0.784091	0.31709	0.234548	0.447439	0.452942	0.98785
13	9	0.173209	0.149341	0.825735	0.180858	-0.0256421	-0.0928186	1.03257	-0.0898907
14	0	0.224332	0.451401	0.84745	0.532658	0.46187	0.492903	0.84745	0.581631
14	1	0.373516	0.488778	0.739017	0.66139	0.278975	0.271944	0.729766	0.372645
14	2	0.213103	0.6047	0.860204	0.702973	-0.0519758	0.433141	0.858805	0.504353
14	3	-0.134277	-0.161038	0.895561	-0.179818	0.0942338	0.156436	0.816649	0.191558
14	4	0.187997	0.269329	0.909478	0.296136	-0.102247	-0.00447299	0.773162	-0.00578532
14	5	-0.030342	0.1444	0.859653	0.167975	0.00519927	-0.235882	1.12194	-0.210245
14	6	-0.262214	-0.679416	0.91089	-0.745882	0.0852138	-0.552407	1.18485	-0.466225
14	7	0.0882581	-0.293951	1.05368	-0.278975	-0.0059084	-0.358094	0.701262	-0.510643
14	8	0.361088	0.482007	0.839888	0.573895	0.297414	0.535358	0.857743	0.624147
14	9	0.10428	0.140943	0.87533	0.161017	0.0564209	0.217794	1.13634	0.191662
15	0	0.010817	0.0663704	0.869911	0.0762957	0.11858	0.178513	0.869911	0.205208
15	1	0.238295	0.512075	0.887562	0.576946	0.102176	0.231579	0.86506	0.267702
15	2	0.123848	0.293099	1.02306	0.286493	0.349642	0.553245	0.859567	0.643632
15	3	0.251419	0.450917	0.831787	0.542107	0.223827	0.146058	0.511599	0.285493
15	4	0.255978	0.53906	0.755483	0.713531	0.344901	0.44146	0.628597	0.702295
15	5	0.194517	0.273593	0.761748	0.359164	-0.0373611	-0.29807	1.05132	-0.283519
15	6	0.390558	0.594109	1.10704	0.536663	0.32195	0.503462	1.24221	0.405295
15	7	0.115264	0.468822	1.10183	0.425495	0.332334	0.4239	0.723886	0.58559
15	8	0.238542	0.299397	0.509034	0.588167	-0.0959527	0.0126174	0.457046	0.0276064
15	9	-0.0739233	-0.0948138	0.815787	-0.116224	0.174426	0.350421	1.16606	0.300517
16	0	-0.0444375	0.048006	0.742241	0.0646771	-0.0157758	0.0568622	0.742241	0.0766088
16	1	0.118737	0.198747	0.819597	0.242493	0.239079	0.359994	0.978521	0.367896
16	2	0.2539	0.387793	1.10674	0.350391	0.271173	0.329389	1.4706	0.223983
16	3	0.292386	0.38833	1.11732	0.347556	0.0880156	0.208562	0.941033	0.221631
16	4	-0.132692	-0.342289	0.963446	-0.355276	-0.276589	-0.337198	0.880279	-0.383058
16	5	-0.0738043	-0.101312	0.938683	-0.10793	0.186132	0.0188949	0.570503	0.0331198
16	6	0.305371	0.53484	0.778719	0.68682	0.96736	0.857306	0.661044	1.2969
16	7	0.968482	1.12663	0.866746	1.29983	0.297744	0.330412	0.427871	0.772224
16	8	0.242501	0.406886	0.829732	0.490383	0.213975	0.3965	0.968276	0.409491
16	9	0.277631	0.297756	1.1027	0.270024	0.216031	0.233015	0.996852	0.233751
17	0	0.306472	0.666231	1.12593	0.591714	0.465802	0.916097	1.12593	0.813633
17	1	0.152397	-0.0116834	1.05591	-0.0110648	0.200902	-0.086325	0.978413	-0.0882296
17	2	0.299865	0.437496	1.01651	0.43039	0.147811	0.190035	0.782384	0.242892
17	3	0.107002	0.304658	0.874368	0.348433	0.0409848	0.256041	1.13242	0.226101
17	4	0.209165	0.310338	0.922665	0.33635	0.43241	0.297007	1.05891	0.280482
17	5	0.243072	0.399804	1.02024	0.391871	-0.295624	-0.177858	1.22106	-0.145659
17	6	-0.0549611	0.103976	1.28323	0.081027	0.288475	0.35716	1.24476	0.28693
17	7	0.244195	0.302579	1.14376	0.264547	0.291048	0.211123	1.06906	0.197486
17	8	0.0613935	0.258543	0.920092	0.280997	-0.140036	-0.128998	1.48258	-0.0870092
17	9	-0.146685	-0.307476	1.15663	-0.265838	0.097279	-0.218145	1.00795	-0.216426
18	0	0.18267	0.339141	1.02752	0.330059	0.252247	0.516481	1.02752	0.50265
18	1	0.0850989	0.199688	0.983324	0.203075	0.0788437	0.298394	0.92276	0.323371
18	2	0.388375	0.887866	0.947263	0.937296	0.458298	0.943788	0.74449	1.2677
18	3	0.243333	0.410157	0.714903	0.573723	0.0168929	0.222173	0.781227	0.28439
18	4	-0.0241519	0.242799	0.989165	0.245459	-0.0415468	0.135282	1.20413	0.112349
18	5	-0.282525	0.00875214	1.21036	0.007231	-0.637516	-0.509561	1.28801	-0.395619
18	6	-0.537371	-0.476827	1.24069	-0.384325	0.0489898	-0.0847956	1.33236	-0.063643
18	7	0.264808	0.45906	1.03605	0.443086	0.0282419	0.0167631	0.320936	0.0522319
18	8	-0.225207	0.0506481	0.559339	0.0905499	-0.101271	0.120894	0.378664	0.319263
18	9	0.0115719	0.371189	0.699281	0.530815	0.0759916	0.4098	0.574723	0.71304
19	0	0.0574313	0.0307443	1.08045	0.028455	0.203852	0.136826	1.08045	0.126638
19	1	0.245093	0.392107	1.18348	0.331316	0.063526	0.0574244	1.28833	0.0445728
19	2	0.075225	-0.0100626	1.10921	-0.00907187	0.403609	0.239044	1.0836	0.220602
19	3	0.1647	0.169306	0.966855	0.17511	-0.135345	-0.20051	0.934331	-0.214603
19	4	0.142525	0.352818	0.918217	0.384242	0.171824	0.22978	1.03394	0.222236
19	5	-0.184405	-0.125088	0.888225	-0.140829	-0.271895	-0.740532	1.27315	-0.581653
19	6	-0.0291965	-0.301992	1.19506	-0.252701	-0.0881568	-0.237807	1.03504	-0.229757
19	7	-0.1372	-0.379325	0.965541	-0.392862	0.24433	0.186182	1.39969	0.133016
19	8	0.24947	0.517318	1.06493	0.485777	0.109115	0.23681	0.701777	0.337443
19	9	0.0715924	0.269029	0.72744	0.36983	-0.0968354	0.0853996	0.612383	0.139455
20	0	0.168902	0.363584	0.914569	0.397546	0.292255	0.661291	0.914569	0.723063
20	1	0.145847	0.390351	0.906314	0.430702	0.0287701	0.0302608	0.850806	0.0355672
20	2	0.0391723	0.152455	1.14832	0.132764	0.0443382	-0.070566	1.3536	-0.052132
20	3	0.055051	0.0852643	1.14415	0.0745221	0.259179	0.407932	1.05262	0.387541
20	4	0.289248	0.448423	1.05424	0.425351	0.0318372	0.106035	0.903189	0.117401
20	5	0.0908079	0.123495	0.939915	0.131389	-0.120587	-0.142604	1.23669	-0.115311
20	6	-0.465021	-0.679227	1.378	-0.492906	-0.185664	-0.390147	2.08124	-0.187459
20	7	-0.0753682	0.0913746	1.117	0.0818039	0.0184502	-0.25801	0.668458	-0.385978
20	8	0.318901	0.569622	1.10787	0.514161	0.305631	0.81274	1.06818	0.760864
20	9	0.135834	0.202362	1.14156	0.177268	-0.0515466	-0.508567	0.892635	-0.569737
21	0	0.102144	0.195362	0.885196	0.2207	0.165207	0.185789	0.885196	0.209885
21	1	0.155914	0.460867	0.980863	0.469858	0.297798	0.218175	0.92318	0.23633
21	2	0.467755	0.663887	1.05235	0.630861	0.294488	0.521142	1.09757	0.474813
21	3	0.0183486	-0.00330955	1.16509	-0.00284059	0.0187963	-0.160502	1.74765	-0.091839
21	4	0.173279	0.446279	1.23305	0.361932	0.257469	0.374672	1.16237	0.322334
21	5	0.290147	0.174329	0.891475	0.195551	0.050959	-0.0190838	1.06585	-0.0179047
21	6	-0.134161	0.0185064	0.891345	0.0207623	-0.112786	0.145119	1.40454	0.103322
21	7	0.0732779	0.204892	0.857409	0.238967	0.275214	0.251342	0.842323	0.298392
21	8	0.188411	0.399739	0.735223	0.543699	0.240976	0.148008	0.396203	0.373565
21	9	0.142223	0.0647227	0.730351	0.0886186	0.143577	0.0740789	0.554338	0.133635
22	0	0.143645	0.293469	0.98108	0.299129	0.306932	0.468809	0.98108	0.47785
22	1	0.159375	0.273737	0.927706	0.295069	-0.0192835	0.21147	0.668996	0.3161
22	2	-0.00917396	0.137181	0.907861	0.151103	0.218464	0.0609389	0.790068	0.0771312
22	3	0.195597	0.111989	0.810236	0.138217	0.0904043	-0.177415	0.70826	-0.250494
22	4	0.160447	0.308241	0.799433	0.385575	0.26468	-0.042576	0.463286	-0.0919
22	5	0.313659	0.536962	0.798524	0.672443	-0.214308	-0.0605718	0.855037	-0.0708411
22	6	0.00145088	-0.0273242	0.89287	-0.0306026	0.244226	0.487255	1.42217	0.342614
22	7	0.0526422	0.0346012	0.942253	0.0367217	0.0152095	0.259829	0.55928	0.464577
22	8	-0.0342532	0.152789	0.815747	0.187299	0.159712	0.52361	0.789041	0.663603
22	9	0.160747	0.323651	0.986702	0.328013	0.271601	0.46659	1.33053	0.350679
23	0	-0.0496697	-0.0751658	0.855831	-0.0878279	-0.0449811	-0.0295252	0.855831	-0.0344989
23	1	0.244141	0.386506	0.888282	0.435117	0.362085	0.6109	0.847862	0.720518
23	2	0.151471	0.211102	1.00384	0.210294	-0.0127974	-0.0120731	0.901021	-0.0133994
23	3	-0.00193726	0.301505	0.99409	0.303297	-0.0429293	0.378209	0.966797	0.391198
23	4	0.0161068	0.185207	0.901185	0.205515	0.281596	0.391797	0.768817	0.509611
23	5	0.271342	0.368275	0.789684	0.466358	0.0523893	-0.0437211	0.844718	-0.0517582
23	6	-0.156909	-0.00152469	0.618617	-0.00246468	-0.114514	-0.0841282	0.189591	-0.443735
23	7	0.0361579	0.0290563	0.619457	0.0469061	0.0959823	0.141961	0.328633	0.431973
23	8	0.155947	0.641297	0.85618	0.749022	-0.0900244	0.252889	0.725922	0.348369
23	9	-0.167652	-0.171534	0.681331	-0.251764	-0.0446209	0.209034	0.537389	0.388981
24	0	-0.00151303	0.032045	0.988513	0.0324174	-0.0364496	0.0420126	0.988513	0.0425008
24	1	-0.0239255	0.0113855	1.03425	0.0110085	0.181012	0.215678	0.970482	0.222238
24	2	0.26476	0.452276	1.0383	0.435594	0.123993	0.126161	1.18395	0.10656
24	3	0.204436	0.232801	1.02365	0.227422	0.0583972	0.364455	1.33975	0.272033
24	4	0.0334566	0.0347921	1.08959	0.0319313	0.147226	-0.00865352	1.13236	-0.00764206
24	5	0.368472	0.342212	1.13279	0.302097	0.239105	-0.0719883	1.02984	-0.0699023
24	6	0.477431	0.645613	0.942943	0.684679	0.447395	1.08518	1.95484	0.555124
24	7	0.26825	0.978815	1.55931	0.627724	0.529888	1.21312	1.70085	0.713243
24	8	0.0798769	0.224842	0.882665	0.254731	0.120352	0.0307016	0.465177	0.0659999
24	9	0.163794	0.379588	0.59798	0.634784	0.054227	0.155925	0.407985	0.382183
25	0	0.131568	0.241377	1.16754	0.206741	0.165086	0.391984	1.16754	0.335736
25	1	0.209611	0.400558	1.01122	0.396111	0.27854	0.387906	0.942764	0.411457
25	2	0.104755	0.465563	0.932542	0.499241	0.00166861	0.174382	0.827357	0.21077
25	3	-0.210748	-0.409022	0.899737	-0.454601	-0.309291	-0.218544	0.851025	-0.256801
25	4	-0.0986424	0.0288067	0.812078	0.0354728	-0.0439719	-0.0146041	0.670629	-0.0217767
25	5	-0.00110799	-0.114335	0.672416	-0.170036	0.167319	0.23948	0.675473	0.354537
25	6	0.139847	0.23487	0.813204	0.28882	-0.0768846	0.119675	0.448884	0.266606
25	7	-0.0294919	0.135291	0.666533	0.202978	0.085755	0.0743745	0.577845	0.12871
25	8	0.0428474	0.186214	0.97549	0.190893	0.00783872	0.136637	0.830678	0.164489
25	9	-0.0106907	0.294157	0.923457	0.318539	0.154361	0.374854	1.19487	0.313718
26	0	0.0432732	0.00464677	1.1516	0.00403507	0.0957839	0.0207408	1.1516	0.0180104
26	1	0.301944	0.671782	0.95066	0.706647	0.338939	0.532851	0.831186	0.641073
26	2	0.072643	0.242478	0.83893	0.289032	-0.0231018	0.350228	0.649478	0.539245
26	3	0.0590941	0.0339036	0.749986	0.0452057	0.0221499	-0.122746	0.636182	-0.192941
26	4	0.0222457	0.0226106	0.81111	0.0278762	0.1339	0.188481	0.779758	0.241717
26	5	0.0875652	-0.00728354	0.706192	-0.0103138	0.117193	-0.00958275	0.515128	-0.0186026
26	6	0.153453	0.350547	0.774508	0.452606	-0.0489953	-0.0821831	1.29777	-0.0633264
26	7	-0.337058	-0.162509	1.04231	-0.155912	-0.209911	-0.408664	1.294	-0.315814
26	8	0.00413004	0.155264	0.947704	0.163832	0.0992896	0.0865314	0.397252	0.217825
26	9	0.326557	0.569103	0.730335	0.779236	-0.0623885	0.27064	0.961204	0.281564
27	0	0.150048	0.149997	0.910653	0.164714	0.334859	0.259356	0.910653	0.284803
27	1	0.256683	0.424995	1.05611	0.402414	-0.0205085	-0.135478	1.1084	-0.122228
27	2	-0.156208	-0.263731	1.01004	-0.261109	0.000245747	-0.0982794	0.890336	-0.110385
27	3	0.194057	0.326274	0.881043	0.370327	0.289897	0.361834	1.01429	0.356736
27	4	0.189397	0.460418	0.863679	0.53309	0.31964	0.435459	0.740082	0.588393
27	5	0.612566	0.748136	1.01235	0.739006	0.55954	0.522167	1.44425	0.36155
27	6	0.283653	0.445116	1.46618	0.30359	0.202541	0.233452	1.18437	0.19711
27	7	-0.154979	-0.233786	0.888507	-0.263122	-0.271066	-0.637398	0.756916	-0.8421
27	8	0.041298	0.0558496	0.855898	0.0652527	0.216358	-0.0167288	0.675952	-0.0247485
27	9	0.278631	0.452212	0.944071	0.479002	0.0599391	0.150853	0.650875	0.23177
28	0	0.0358558	0.027883	0.99498	0.0280236	-0.174968	-0.0715535	0.99498	-0.0719145
28	1	-0.198925	0.0602179	1.00237	0.0600755	0.0409153	0.216206	0.863339	0.25043
28	2	0.195638	0.287244	0.885804	0.324275	0.232724	0.356124	0.946489	0.376258
28	3	-0.235467	-0.0811109	0.885351	-0.0916144	-0.122785	-0.203538	0.98851	-0.205903
28	4	0.282	0.478482	1.1169	0.428403	0.223637	0.431678	0.525694	0.821158
28	5	0.226507	0.421848	0.884029	0.477188	0.166867	0.497099	0.955936	0.520013
28	6	0.196055	0.301211	0.721	0.417768	0.228577	0.0507089	0.330071	0.15363
28	7	0.208891	0.818109	0.864383	0.946466	0.182652	0.587667	1.06157	0.553582
28	8	0.201441	0.313155	0.683028	0.458481	0.327027	0.352554	0.598184	0.589374
28	9	0.23072	0.419022	0.799689	0.523981	0.12493	0.257418	0.62104	0.414495
29	0	0.0288713	0.0520608	0.833524	0.0624587	0.160091	0.195192	0.833524	0.234177
29	1	-0.0381486	-0.195497	0.830891	-0.235286	-0.0399286	-0.0406079	0.740845	-0.0548129
29	2	0.416251	0.425825	0.829378	0.513427	0.683589	0.564572	0.762338	0.740579
29	3	0.416218	0.529547	0.939072	0.563904	-0.0715535	0.092604	0.752549	0.123054
29	4	-0.0128087	0.261522	0.92486	0.28277	0.0540035	0.122151	0.858164	0.14234
29	5	0.238481	0.153337	0.97479	0.157302	0.461952	0.538939	1.32489	0.406781
29	6	0.454362	0.586205	1.2701	0.461541	0.0607281	-0.0172109	1.25685	-0.0136937
29	7	0.0432773	0.466455	1.40461	0.332088	0.271108	0.580593	0.952301	0.609674
29	8	0.116412	0.357654	1.0364	0.345093	0.105221	0.343127	1.17926	0.290967
29	9	0.0151582	-0.145021	1.1891	-0.121959	-0.0254831	-0.0249288	0.983684	-0.0253423
30	0	0.109916	0.266589	0.898443	0.296724	0.143201	0.456491	0.898443	0.508091
30	1	0.0484996	0.239183	0.96759	0.247194	0.0996696	0.138432	0.756729	0.182934
30	2	0.230877	0.276883	0.893278	0.309963	0.120313	0.05671	1.02869	0.0551282
30	3	0.123287	0.391512	1.00538	0.389416	0.111691	0.260696	1.37374	0.189771
30	4	-0.00301805	0.171478	1.11516	0.15377	-0.0273186	0.0689893	1.24107	0.0555887
30	5	0.120569	0.54075	1.2347	0.437961	-0.258118	-0.109025	1.11846	-0.0974777
30	6	0.501964	0.498593	1.39059	0.358547	0.766953	1.10067	1.75602	0.626799
30	7	0.0608556	0.661196	1.31543	0.502645	0.232668	0.753754	1.15019	0.65533
30	8	0.21395	0.310793	0.989973	0.313941	0.361118	0.247831	1.24684	0.198768
30	9	0.144957	0.420104	1.0042	0.418347	-0.0153258	-0.0136802	1.02055	-0.0134047
31	0	0.108046	0.160145	0.956194	0.167482	0.201865	0.333886	0.956194	0.349182
31	1	0.155125	0.366709	1.00265	0.365739	0.186006	0.111936	1.28637	0.0870171
31	2	0.379265	0.460109	1.12733	0.408141	0.322242	0.376291	0.914031	0.411683
31	3	-0.0138285	-0.145866	1.01446	-0.143787	-0.22779	-0.42909	0.83499	-0.513885
31	4	-0.373724	-0.513257	1.04334	-0.491936	-0.198636	-0.406616	0.817258	-0.497538
31	5	-0.0488627	0.162859	1.29581	0.125681	-0.08053	-0.0723809	1.00605	-0.0719456
31	6	0.201515	0.454381	1.10951	0.409534	0.825258	0.700063	1.31375	0.532872
31	7	0.574944	0.638207	0.857549	0.744223	-0.228399	0.230559	0.27024	0.853164
31	8	-0.134822	-0.0424627	0.769079	-0.0552125	0.101968	0.0825119	1.04749	0.0787712
31	9	0.143293	0.196295	0.784053	0.250359	0.377904	0.269633	0.644002	0.418683
32	0	-0.0100799	0.122127	0.965037	0.126552	0.189692	0.3466	0.965037	0.359157
32	1	0.371547	0.548668	0.970998	0.565056	0.164498	0.388932	0.804377	0.483519
32	2	-0.0179408	0.260387	0.927813	0.280646	0.00685377	0.137913	1.00525	0.137193
32	3	0.0257027	-0.0104977	0.936945	-0.0112042	0.075831	-0.0438298	0.624276	-0.0702091
32	4	0.155834	0.3154	0.918434	0.343411	0.227571	0.386438	1.50343	0.257038
32	5	0.0851539	0.51349	1.07695	0.4768	-0.362013	-0.0907036	0.568053	-0.159674
32	6	-0.3451	-0.54377	0.671007	-0.810379	0.0110686	0.093174	1.15811	0.0804536
32	7	0.230809	0.239887	0.774764	0.309626	0.178719	0.282973	0.678452	0.417086
32	8	-0.013194	0.447486	0.718543	0.622769	-0.114405	0.0322325	0.592594	0.0543922
32	9	-0.0946927	0.0923035	0.807158	0.114356	0.107951	0.407768	0.463106	0.880507
33	0	0.279658	0.542754	1.2244	0.443282	0.602975	0.948488	1.2244	0.774656
33	1	0.464257	0.985281	1.29063	0.763408	0.154277	0.619794	1.16913	0.530132
33	2	0.308333	0.571858	1.05659	0.54123	0.43662	0.902195	0.934505	0.965426
33	3	-0.000776769	0.143071	1.01769	0.140584	-0.16823	0.0122501	0.88337	0.0138674
33	4	0.205129	0.317237	1.161	0.273243	-0.0953562	0.158053	1.19933	0.131785
33	5	-0.272498	0.200425	1.06827	0.187616	-0.230721	0.57284	1.33353	0.429565
33	6	-0.171049	0.095637	1.02073	0.0936951	-0.0975289	0.365226	1.14676	0.318484
33	7	-0.128398	-0.717034	1.16655	-0.614661	0.17937	-0.813825	1.21572	-0.669418
33	8	0.14277	0.429622	0.874468	0.491295	0.0703357	0.0518355	0.973962	0.0532212
33	9	0.126295	0.142968	0.899657	0.158913	0.299954	0.275652	0.756469	0.364393
34	0	0.0370666	0.0437202	1.08437	0.0403185	0.167412	0.285137	1.08437	0.262951
34	1	0.363491	0.793964	0.935773	0.848458	0.356292	0.621804	0.997871	0.623131
34	2	0.262593	0.441505	0.974827	0.452905	0.00690879	0.385458	0.909435	0.423844
34	3	-0.196259	-0.0458557	0.907704	-0.0505183	-0.110283	-0.337987	1.04023	-0.324916
34	4	0.181005	0.459832	0.944316	0.486947	0.249352	0.416913	1.01449	0.41096
34	5	0.131604	0.245972	0.977272	0.251692	-0.16096	0.0638373	0.790364	0.0807695
34	6	-0.362457	-0.343411	0.572622	-0.599716	0.0454153	-0.0555204	0.133919	-0.414581
34	7	0.348802	0.626251	0.907588	0.690017	0.47405	0.402278	0.845638	0.475709
34	8	0.505977	0.876392	1.17091	0.74847	0.253495	0.738237	1.03746	0.711578
34	9	0.132291	0.643733	0.962381	0.668897	0.135037	0.381214	0.785379	0.485388
35	0	0.195806	0.292866	1.14329	0.256161	0.515376	0.560502	1.14329	0.490254
35	1	0.402276	0.37333	1.14541	0.325936	0.112757	0.324148	1.042	0.311081
35	2	0.0366788	0.198852	0.970033	0.204995	0.0666492	0.0228681	0.656673	0.0348242
35	3	0.217653	0.400532	0.709031	0.564901	0.335086	0.260689	0.704361	0.370107
35	4	0.225737	0.421515	0.896576	0.470139	0.205981	0.364841	0.864047	0.422247
35	5	0.256323	0.0649147	0.963665	0.0673624	-0.00367499	0.0505974	0.996645	0.0507677
35	6	-0.327949	-0.494566	0.817998	-0.604606	-0.45036	-0.198777	1.00646	-0.197502
35	7	-0.272882	-0.521013	0.628816	-0.828562	0.0165207	-0.33658	0.843004	-0.399262
35	8	0.0408944	-0.0393405	0.876063	-0.044906	-0.0385431	-0.103773	0.846823	-0.122544
35	9	0.0401419	0.252768	1.03115	0.245132	0.0044546	0.169413	1.21157	0.139829
36	0	-0.0330651	-0.0694224	0.547833	-0.126722	0.0711246	-0.095223	0.547833	-0.173818
36	1	0.193337	0.47844	0.789393	0.606086	0.207383	0.464072	1.05249	0.440929
36	2	0.241186	0.617583	1.02462	0.602743	0.474522	0.680904	0.981407	0.693804
36	3	0.274691	0.49415	0.971908	0.508433	0.0235089	0.195672	0.914904	0.213872
36	4	0.101059	0.37283	0.892782	0.417604	0.0536071	0.593863	1.01261	0.586467
36	5	-0.0691085	0.265646	1.12717	0.235675	-0.590509	0.170129	0.577599	0.294545
36	6	-0.608161	0.144821	0.797347	0.181629	0.157374	0.154691	0.598386	0.258515
36	7	0.342496	0.31045	0.988652	0.314013	0.147211	-0.185459	0.412972	-0.449084
36	8	0.0687811	0.129163	0.879252	0.146901	-0.0588395	0.149835	0.667657	0.224419
36	9	0.144034	0.3139	0.765802	0.409897	0.284956	0.357922	0.886995	0.403522
37	0	-0.098794	-0.120619	1.05237	-0.114616	-0.0190819	0.021527	1.05237	0.0204557
37	1	0.26242	0.429437	1.09599	0.391827	0.239202	0.361627	1.30624	0.276846
37	2	0.154061	0.370819	1.08516	0.341718	0.270077	0.114777	1.03417	0.110984
37	3	0.0986951	-0.0280731	1.03676	-0.0270777	-0.0623986	-0.0695886	1.31627	-0.0528682
37	4	0.133512	0.402933	1.13297	0.355642	0.0862386	0.416362	0.910871	0.457103
37	5	-0.111796	-0.208487	0.917432	-0.227251	-0.452727	-0.48869	1.02307	-0.477672
37	6	-0.21474	-0.213921	1.10663	-0.193309	0.525242	0.476649	1.29461	0.368179
37	7	0.641298	1.04362	0.888521	1.17456	0.488757	0.343969	0.531164	0.647576
37	8	0.291246	0.446836	0.818664	0.545811	0.17	0.322448	0.771054	0.418191
37	9	0.172443	0.154097	0.949203	0.162343	0.112148	0.164108	0.775851	0.21152
38	0	0.126267	0.196587	0.737794	0.266453	0.388851	0.49915	0.737794	0.676544
38	1	0.345701	0.500559	0.898932	0.556838	0.099617	0.317549	0.871549	0.36435
38	2	0.0527829	0.0652607	0.869541	0.0750519	0.0823746	0.218895	0.663462	0.329929
38	3	0.129135	0.352779	0.839377	0.420287	0.000947077	0.202907	0.632308	0.320898
38	4	-0.156298	0.115386	0.696151	0.165749	-0.140966	0.0965088	0.448085	0.215381
38	5	-0.107689	-0.0256867	0.81407	-0.0315535	-0.0369238	0.110976	0.853217	0.130068
38	6	-0.0204922	0.316946	0.737038	0.430027	-0.0397009	-0.0315933	0.264939	-0.119247
38	7	0.0626002	0.150186	1.03662	0.14488	0.134754	0.246892	0.417752	0.591002
38	8	0.143406	0.398067	0.570033	0.698323	-0.0350491	-0.0332957	0.851221	-0.0391153
38	9	-0.145105	-0.413418	0.808688	-0.511221	-0.0375951	-0.0326918	0.972563	-0.033614
39	0	0.0155334	-0.0629165	1.06401	-0.0591315	0.0631133	-0.074689	1.06401	-0.0701957
39	1	0.0502226	0.00749588	0.983914	0.00761843	0.0428933	-0.0220811	0.839185	-0.0263125
39	2	0.105302	0.194204	0.905455	0.214482	0.0348237	-0.0985601	0.729991	-0.135016
39	3	-0.0490334	-0.0263781	0.888061	-0.029703	0.307505	0.098655	0.776011	0.127131
39	4	0.399039	0.601257	1.00501	0.598261	0.249067	0.583858	0.853303	0.684233
39	5	0.381574	0.468498	0.752326	0.622733	0.538577	0.669685	1.20778	0.554474
39	6	0.454103	0.658221	1.15106	0.571841	0.428778	0.671712	0.934935	0.718459
39	7	0.120876	-0.162275	1.10418	-0.146964	-0.165592	-0.605167	1.01427	-0.59665
39	8	0.181645	0.326155	0.772456	0.422231	0.317808	0.574168	0.638358	0.899445
39	9	0.220523	0.628704	0.828335	0.758998	-0.017163	0.526556	0.555936	0.947153
40	0	0.0437244	0.108603	0.859657	0.126333	0.031609	0.173823	0.859657	0.2022
40	1	0.0905592	0.377579	0.965609	0.391026	0.119208	0.405077	0.958021	0.422827
40	2	0.150944	0.346155	0.898628	0.385204	0.468561	0.458638	0.805133	0.569643
40	3	0.348268	0.436804	0.762961	0.572512	0.24422	0.161063	0.552779	0.29137
40	4	0.216984	0.414871	0.862306	0.481118	-0.229382	-0.133041	0.626114	-0.212486
40	5	-0.162665	-0.0682978	0.884619	-0.0772059	-0.00829285	0.634379	0.943401	0.672439
40	6	-0.137504	0.0203732	1.07688	0.0189187	0.177101	-0.0692973	0.325407	-0.212956
40	7	0.0381073	0.0289675	0.688978	0.0420442	-0.321175	-0.244226	0.573972	-0.425502
40	8	-0.0371523	0.298591	0.569722	0.5241	0.226115	0.321275	0.48288	0.665331
40	9	0.188056	0.277763	0.638432	0.435071	0.0741762	-0.0227632	0.481008	-0.047324
41	0	-0.144704	-0.307347	1.11854	-0.274776	0.100395	-0.29155	1.11854	-0.260653
41	1	0.56058	0.746667	1.18274	0.631302	0.40837	0.822368	1.4505	0.566955
41	2	0.262896	0.301848	1.12644	0.267966	0.35132	0.0279855	1.34548	0.0207995
41	3	0.528011	0.49394	1.14462	0.431531	0.438967	0.724599	1.73422	0.417823
41	4	0.390766	0.389073	1.07747	0.361098	0.277262	0.29186	1.30123	0.224295
41	5	-0.0391165	0.0843265	1.20282	0.0701072	-0.641097	-0.97181	2.48248	-0.391468
41	6	-0.479638	-0.377873	1.88078	-0.200913	0.094411	0.351119	2.90903	0.1207
41	7	0.0225383	0.244399	1.25382	0.194924	0.0751749	0.206716	0.469791	0.440016
41	8	0.0983526	0.193972	0.882683	0.219753	0.160479	0.192258	0.966486	0.198925
41	9	-0.00278197	0.401403	0.835835	0.480242	-0.155831	-0.111206	0.596826	-0.186329
42	0	-0.0931229	-0.157996	1.10039	-0.143582	0.0124963	0.0464503	1.10039	0.0422125
42	1	0.201392	0.477879	1.07382	0.445029	0.242204	0.112389	0.921891	0.121911
42	2	0.257104	0.42245	0.963705	0.43836	0.0787759	0.387606	1.16964	0.331389
42	3	0.133484	0.379809	1.0091	0.376384	0.175734	0.307215	0.922495	0.333026
42	4	0.103388	0.228965	0.97295	0.235331	0.127338	0.368378	0.626658	0.587845
42	5	0.101861	-0.144111	0.816682	-0.17646	-0.123002	-0.130086	0.561953	-0.231488
42	6	-0.0888225	0.0285955	0.693623	0.0412262	0.158259	0.365321	0.407718	0.896014
42	7	0.291742	0.980221	0.895091	1.09511	0.259918	0.27421	0.535974	0.511611
42	8	-0.0384724	-0.230533	0.862834	-0.267181	-0.129911	-0.197513	1.3606	-0.145166
42	9	0.0676264	0.269828	1.14162	0.236356	0.147137	0.242716	1.29162	0.187915
43	0	-0.132173	-0.205173	0.827035	-0.248082	-0.0974562	-0.176701	0.827035	-0.213657
43	1	0.111033	0.215969	0.791101	0.272998	0.167452	0.177587	0.992885	0.17886
43	2	0.136876	0.163017	0.999064	0.16317	-0.0893587	0.195225	0.734551	0.265775
43	3	-0.053351	0.0932488	0.787638	0.11839	0.330411	0.1721	0.530359	0.324498
43	4	0.186684	0.209487	0.93628	0.223744	0.156108	0.0546888	1.29739	0.042153
43	5	0.246205	0.377151	1.22361	0.308228	-0.00203021	-0.401421	0.67658	-0.593309
43	6	-0.0791413	-0.0783318	0.736588	-0.106344	-0.0315633	-0.0764783	0.618635	-0.123624
43	7	0.00610686	-0.198665	0.83626	-0.237564	0.116204	-0.0866675	0.561037	-0.154477
43	8	0.175284	-0.0943231	0.848259	-0.111196	-0.0358378	-0.110818	0.778085	-0.142424
43	9	-0.109575	0.0657982	0.846376	0.077741	0.205971	0.319308	0.586258	0.544655
44	0	0.0655803	0.145478	0.835257	0.174171	0.249326	0.288107	0.835257	0.344932
44	1	0.226226	0.517486	0.985865	0.524905	0.118329	0.240451	1.03218	0.232953
44	2	0.12281	0.00828145	0.867573	0.00954554	0.0631614	-0.346203	0.849138	-0.40771
44	3	-0.0298352	-0.0339475	0.968547	-0.03505	0.214766	0.224054	0.987461	0.226899
44	4	0.351138	0.654832	0.950029	0.689275	0.0977203	0.0960726	0.785973	0.122234
44	5	-0.0376709	-0.0750628	0.978579	-0.0767059	0.324389	-0.0915979	0.716499	-0.127841
44	6	0.28983	0.294423	0.845515	0.348217	-0.0477614	-0.00888557	0.820524	-0.0108291
44	7	0.0453501	0.590765	0.966473	0.611258	0.262314	0.478273	1.17308	0.407708
44	8	0.289566	0.661171	0.871652	0.758526	-0.0721872	0.203396	0.820202	0.247983
44	9	-0.0680887	0.0902218	0.737709	0.1223	-0.250352	-0.163461	0.72003	-0.22702
45	0	0.246311	0.412147	0.977445	0.421657	0.370368	0.60937	0.977445	0.623432
45	1	0.349758	1.07619	1.07139	1.00448	0.15757	0.793941	1.1977	0.662886
45	2	-0.0188482	0.0236819	0.901754	0.0262621	0.240648	0.0275931	0.8944	0.030851
45	3	0.261814	0.385296	0.848783	0.453939	-0.0562278	0.330886	0.987633	0.335029
45	4	-0.065682	0.017978	0.712823	0.0252208	0.155181	0.227318	0.634214	0.358424
45	5	0.117572	0.170376	0.800422	0.212858	-0.0956545	0.0115402	0.925258	0.0124725
45	6	-0.0870518	-0.117834	0.977991	-0.120486	-0.0347589	0.153675	1.42647	0.107731
45	7	-0.271595	-0.399778	1.06769	-0.374432	-0.218326	-0.200324	1.55408	-0.128902
45	8	0.0896992	0.114082	1.24715	0.0914743	0.108124	0.355971	0.934296	0.381005
45	9	0.0181148	0.0875329	0.912803	0.0958946	-0.0653376	0.0699782	1.02491	0.0682777
46	0	0.0575131	0.119557	0.726305	0.16461	0.140281	0.369957	0.726305	0.509369
46	1	0.193047	0.495342	1.0281	0.481804	0.108799	0.230684	1.16836	0.197442
46	2	0.128311	0.365891	1.16724	0.313466	0.170672	0.320009	1.19219	0.26842
46	3	0.00776036	0.0689423	0.795499	0.0866654	-0.00336778	-0.0355751	0.813197	-0.0437472
46	4	0.254877	0.205958	0.834291	0.246866	0.407095	0.527559	0.924365	0.570727
46	5	0.314494	0.475234	1.03246	0.460293	-0.140325	0.131954	1.16606	0.113163
46	6	0.32405	0.398714	0.992927	0.401555	0.424292	0.394059	1.71213	0.230158
46	7	-0.471059	-0.371733	1.235	-0.300998	-0.53342	-0.282843	2.06575	-0.13692
46	8	-0.107808	0.240264	1.92758	0.124646	0.515101	0.916059	1.55577	0.588813
46	9	0.449416	0.753841	1.24051	0.607689	0.30422	0.25589	0.78307	0.326778
47	0	0.209397	0.267517	1.08744	0.246006	0.251656	0.452048	1.08744	0.4157
47	1	0.0215211	0.0363573	1.12544	0.032305	0.102773	0.0981032	1.11038	0.0883508
47	2	0.103886	0.137888	1.08609	0.126958	-0.0714473	-0.16638	0.70142	-0.237204
47	3	0.0317895	0.427005	0.91848	0.464904	0.200911	0.430582	0.806255	0.534052
47	4	0.224491	0.312152	0.821	0.38021	-0.051831	0.113765	0.783529	0.145196
47	5	-0.155677	-0.0288582	0.783175	-0.0368477	-0.510324	-0.436493	1.01173	-0.43143
47	6	-0.38542	0.179157	0.938994	0.190796	0.185843	0.17456	0.890241	0.196081
47	7	0.0153957	-0.256741	0.865728	-0.296561	0.0460753	-0.279323	1.17962	-0.236791
47	8	-0.0559384	-0.104154	0.740332	-0.140685	0.135824	-0.141411	0.46942	-0.301247
47	9	0.459246	0.719415	0.801703	0.897359	0.0801402	0.266702	0.733528	0.363587
48	0	-0.021449	0.0728511	1.06937	0.0681253	0.10635	0.33404	1.06937	0.312371
48	1	0.184418	0.337598	0.993227	0.3399	0.196411	0.16915	1.13436	0.149115
48	2	0.14848	0.414975	1.07347	0.386574	0.0805539	0.367219	0.68858	0.533298
48	3	0.0900824	0.0556593	0.701464	0.0793474	0.120875	0.119755	0.86086	0.139111
48	4	-0.114382	-0.136055	0.904336	-0.150447	-0.218881	-0.204711	0.931134	-0.219851
48	5	0.0764439	0.0558044	0.854065	0.0653397	0.250084	0.359719	0.928694	0.387339
48	6	0.138975	0.378708	0.951406	0.39805	0.157222	0.415536	0.917802	0.452751
48	7	0.320348	0.525643	0.865677	0.607205	0.420657	0.679346	1.61652	0.420253
48	8	0.381914	0.290664	0.988693	0.293988	0.21974	0.141033	1.16646	0.120907
48	9	0.259116	0.298924	1.15806	0.258125	0.0346694	-0.00676367	0.954201	-0.0070883
49	0	0.143775	0.29693	0.957998	0.309949	0.29088	0.380363	0.957998	0.39704
49	1	0.0409738	0.182554	1.1368	0.160586	-0.13002	-0.20572	0.694711	-0.296123
49	2	-0.142263	0.0523334	0.938291	0.0557752	0.0130181	0.297805	0.981987	0.303267
49	3	0.273362	0.0562472	0.942124	0.0597026	0.215016	0.150593	0.723749	0.208074
49	4	0.157033	0.367016	0.909621	0.403482	0.267042	0.217438	0.88365	0.246068
49	5	0.105169	0.171989	0.894633	0.192245	-0.0413325	-0.0673348	1.05106	-0.0640639
49	6	0.170499	0.234195	0.971671	0.241022	0.125506	0.378823	0.910759	0.415942
49	7	-0.177933	0.0698295	0.990674	0.0704869	-0.143665	0.394245	0.866437	0.455019
49	8	0.223172	0.319803	1.08491	0.294773	0.20074	0.246814	0.957537	0.257759
49	9	0.120749	0.266581	0.990763	0.269066	0.270875	0.292292	1.18689	0.246266
50	0	0.1736	0.347791	0.665426	0.522659	0.322595	0.271655	0.665426	0.408241
50	1	0.328737	0.495776	0.714318	0.694056	0.141027	0.312065	0.678352	0.460034
50	2	-0.029088	-0.00284957	0.925007	-0.0030806	-0.038784	0.0202376	0.936361	0.021613
50	3	-0.0623344	-0.100918	1.04024	-0.0970138	-0.0332703	-0.219793	1.05249	-0.208831
50	4	0.0926496	0.194959	1.03371	0.188602	0.183507	0.304127	1.31566	0.231158
50	5	0.0942157	0.419461	0.987763	0.424657	-0.260943	-0.148305	1.0295	-0.144055
50	6	-0.105901	-0.213734	0.91264	-0.234193	-0.0025184	-0.0424014	0.415095	-0.102149
50	7	0.011652	-0.0887713	0.615127	-0.144314	0.529356	0.163836	0.647661	0.252966
50	8	0.598864	0.834586	1.21719	0.685664	0.310165	0.677961	1.01685	0.66673
50	9	0.182858	0.577052	0.925951	0.623199	0.064919	0.267568	0.9015	0.296803
51	0	0.0895258	0.43352	0.962088	0.450603	0.272843	0.834768	0.962088	0.867663
51	1	0.211547	0.440793	0.866299	0.508823	0.0754514	0.282399	0.614585	0.459496
51	2	0.130578	0.178546	1.07685	0.165805	0.0435906	0.355792	1.20532	0.295185
51	3	-0.153786	-0.327787	1.12755	-0.290707	0.0173286	-0.0762085	1.47488	-0.0516711
51	4	0.213696	0.429407	1.15002	0.37339	0.305983	0.273775	1.1672	0.234558
51	5	0.149562	0.484531	0.922688	0.52513	-0.126197	0.441464	0.459312	0.961142
51	6	0.00327478	0.0394517	0.807802	0.0488384	0.111606	0.339851	0.528284	0.64331
51	7	0.40674	0.914984	0.687786	1.33033	0.635472	0.723175	1.16236	0.62216
51	8	0.496311	0.577909	0.96014	0.601901	0.269241	0.273393	0.780331	0.350355
51	9	0.0185862	0.211755	0.826124	0.256324	0.115074	-0.0199185	0.590207	-0.0337483
52	0	0.0641436	0.200448	1.05456	0.190077	0.0211094	0.233673	1.05456	0.221583
52	1	-0.0589889	-0.0506052	1.01969	-0.0496279	0.0349852	0.0227038	0.902697	0.025151
52	2	0.0763656	0.11936	1.00977	0.118205	0.173221	0.223356	0.904308	0.246991
52	3	0.185125	0.201609	0.855796	0.235581	0.149182	-0.0200335	0.667877	-0.0299958
52	4	0.0939502	0.121406	0.792174	0.153257	0.0318424	-0.0389622	1.07261	-0.0363247
52	5	0.0384397	0.246777	1.04398	0.236382	0.229936	-0.026932	1.07517	-0.025049
52	6	0.473759	0.731931	1.02479	0.714225	0.38068	0.453352	1.01983	0.444538
52	7	0.20782	-0.128227	0.787996	-0.162726	0.0918481	-0.0841135	0.413643	-0.203348
52	8	0.14655	0.693947	1.01694	0.682385	0.213068	0.145618	1.56059	0.0933094
52	9	0.26913	0.218579	1.06429	0.205375	0.21691	0.172939	0.645964	0.267723
53	0	0.102655	0.161515	1.08676	0.148621	0.24728	0.42634	1.08676	0.392304
53	1	0.112812	0.140247	1.03337	0.135718	0.0209179	-0.108111	1.31808	-0.0820213
53	2	0.0893599	0.0661394	1.0932	0.0605005	0.0493081	0.15051	1.05399	0.1428
53	3	0.204032	0.438886	1.12435	0.390348	0.292375	0.421898	1.05984	0.398077
53	4	0.283117	0.559305	1.09697	0.509863	0.216668	0.469732	1.2059	0.389529
53	5	0.102214	0.136421	1.22709	0.111174	-0.284327	-0.288162	1.25716	-0.229217
53	6	-0.277793	0.0343593	1.29658	0.0265	-0.0785516	0.227153	1.25252	0.181357
53	7	-0.0596169	-0.0442951	0.792118	-0.0559198	0.167848	0.379968	1.26401	0.300605
53	8	0.254647	0.514963	0.801062	0.642849	0.219715	0.433203	0.689838	0.627978
53	9	-0.0652961	0.0931062	1.18378	0.0786513	-0.0734489	0.111707	1.2821	0.0871284
54	0	-0.0295537	-0.0333008	0.930564	-0.0357856	0.0736042	-0.0512454	0.930564	-0.0550691
54	1	0.0866833	0.0953459	0.890746	0.107041	0.0493678	0.117847	0.642497	0.18342
54	2	0.0258818	-0.203095	1.06635	-0.190458	0.0516404	-0.168522	1.03986	-0.162062
54	3	0.139771	0.347767	1.01693	0.341975	0.0847833	0.50871	0.71599	0.7105
54	4	0.120538	0.219012	0.829824	0.263926	0.133066	0.163679	0.85899	0.190548
54	5	0.136519	0.551925	0.944731	0.584215	0.164956	0.185779	1.39073	0.133584
54	6	0.0339932	-0.00519317	0.939396	-0.0055282	0.0519363	0.264402	0.267597	0.988059
54	7	0.135003	0.263541	0.516155	0.510585	0.021671	0.189532	0.259333	0.730845
54	8	-0.0492058	0.235903	0.756435	0.311861	-0.223888	-0.032758	0.93048	-0.0352055
54	9	-0.298761	0.0481526	0.931124	0.0517145	0.0785035	0.224597	0.847747	0.264934
55	0	0.160483	0.23435	0.838616	0.279448	0.314376	0.189001	0.838616	0.225372
55	1	0.112733	-0.0246775	0.963435	-0.0256141	0.102153	-0.0565555	0.721871	-0.0783456
55	2	0.303992	0.515989	0.833019	0.619421	0.252957	0.569522	0.860682	0.66171
55	3	0.395821	0.463676	0.977663	0.474269	0.330484	0.447538	0.72321	0.618822
55	4	0.230559	0.425247	0.94532	0.449844	0.186923	0.376183	0.894004	0.420784
55	5	0.0542019	0.152977	0.837194	0.182726	0.191794	0.0120569	1.13588	0.0106146
55	6	0.419635	0.198134	0.919192	0.215552	-0.21577	0.101667	1.10241	0.0922232
55	7	-0.735414	-0.387051	1.35411	-0.285834	-0.17325	-0.0824316	1.32557	-0.0621855
55	8	0.333223	0.646097	0.8815	0.732952	0.295567	0.483642	0.73211	0.660614
55	9	0.10139	0.255542	0.782646	0.326511	0.221187	-0.0433288	0.74528	-0.0581376
56	0	0.258116	0.449467	1.07348	0.4187	0.624766	0.911207	1.07348	0.848834
56	1	0.731357	0.907414	1.22202	0.742551	0.420175	0.75064	1.37265	0.546854
56	2	-0.030101	-0.12837	1.31246	-0.0978087	-0.286979	-0.348431	0.97465	-0.357493
56	3	-0.245256	-0.300369	1.02518	-0.292991	-0.146231	-0.317705	0.897182	-0.354114
56	4	-0.116964	-0.503803	1.0574	-0.476453	0.0869427	-0.244799	0.947462	-0.258374
56	5	0.178297	0.238885	0.991412	0.240954	-0.162979	-0.180765	0.89583	-0.201785
56	6	-0.1327	-0.248538	0.929523	-0.267382	-0.0122784	0.102385	1.43346	0.0714252
56	7	-0.0373371	-0.0663568	1.09112	-0.0608154	0.051199	0.229474	0.748211	0.306696
56	8	-0.0560232	0.219289	0.728802	0.300889	-0.00663868	0.171391	0.459269	0.373181
56	9	0.0986134	0.330004	0.645565	0.511187	0.194096	0.161872	0.637303	0.253995
57	0	0.0262408	0.0820532	0.940122	0.0872792	-0.130539	-0.0141142	0.940122	-0.0150132
57	1	-0.229017	-0.241471	0.774326	-0.311846	0.0325303	-0.148803	0.80202	-0.185536
57	2	0.22773	0.399073	0.838012	0.476214	0.235008	0.499531	0.929986	0.537138
57	3	-0.00675252	0.0466524	1.01148	0.0461228	-0.101216	-0.210633	0.730274	-0.28843
57	4	-0.00587936	-0.00840575	0.690916	-0.0121661	0.110168	-0.0698706	0.735867	-0.09495
57	5	0.126751	0.377815	0.906074	0.41698	0.0134384	-0.0504662	0.731002	-0.069037
57	6	0.138961	0.278054	0.682499	0.407405	0.221254	0.376643	0.391896	0.96108
57	7	0.424535	0.684659	0.591037	1.1584	0.519312	0.665962	0.540137	1.23295
57	8	0.26806	0.354381	0.60001	0.590626	-0.0083888	0.239735	0.514623	0.465846
57	9	0.100474	0.27344	0.763853	0.357975	0.377336	0.219616	0.735234	0.298702
58	0	0.183929	0.371275	0.742896	0.499767	0.102903	0.314591	0.742896	0.423465
58	1	0.300506	0.727315	0.905933	0.802835	0.515354	0.89109	1.32701	0.671501
58	2	0.0314442	-0.0146949	1.22475	-0.0119983	-0.217955	-0.58182	1.25947	-0.461957
58	3	0.0328335	0.0392914	1.10994	0.0353996	0.0971897	0.457106	1.36093	0.335877
58	4	-0.0434204	0.0622191	0.931491	0.0667951	0.0465116	-0.0872806	0.647256	-0.134847
58	5	0.0989992	0.233447	0.772577	0.302166	-0.230287	-0.146442	1.06081	-0.138047
58	6	0.0694313	0.690652	1.08313	0.637647	0.369365	0.942412	1.22961	0.766432
58	7	-0.00944775	-0.189	1.22536	-0.154241	0.00984527	-0.0514863	1.04509	-0.0492648
58	8	0.155459	0.000145971	0.765175	0.000190768	0.195883	-0.000678826	0.64309	-0.00105557
58	9	0.136878	0.273884	0.677797	0.404079	0.205955	0.0796422	0.582344	0.136761
59	0	0.123571	0.166367	1.00881	0.164915	0.174462	0.171031	1.00881	0.169538
59	1	0.27954	0.606859	1.03169	0.588218	0.216595	0.697846	1.02739	0.679242
59	2	-0.0782605	0.028792	0.996882	0.0288821	0.106972	0.110201	0.999387	0.110269
59	3	0.311848	0.411953	0.993326	0.41472	0.128022	0.0219466	1.38144	0.0158867
59	4	0.239076	0.507171	1.1017	0.460355	0.548613	0.800801	1.225	0.653713
59	5	0.530372	0.741335	1.1287	0.656802	0.256866	0.490473	1.5033	0.326263
59	6	0.290567	0.673537	1.42599	0.472328	0.333807	0.418344	2.40748	0.173769
59	7	0.250487	0.50066	1.03989	0.481453	0.312373	0.564329	1.79513	0.314366
59	8	-0.00184814	-0.00313312	1.40589	-0.00222857	-0.1947	0.0836062	1.05552	0.0792089
59	9	-0.117636	0.11922	0.93393	0.127655	-0.0347973	0.0233969	1.24234	0.018833
60	0	0.0991758	0.177308	0.952648	0.186121	0.140034	0.145577	0.952648	0.152813
60	1	0.113529	0.309305	1.04351	0.296407	0.185545	0.226716	1.09541	0.206969
60	2	0.225061	0.20831	1.00483	0.207309	0.25224	0.0064656	1.00464	0.00643575
60	3	0.214761	0.206387	0.972361	0.212254	-0.0358141	0.12788	0.862999	0.148181
60	4	0.068314	0.464342	0.944933	0.491403	0.29559	0.412535	1.39981	0.294707
60	5	0.159891	0.266864	1.32395	0.201567	-0.238722	-0.390809	1.12749	-0.34662
60	6	-0.0797538	0.0881822	1.17352	0.0751436	0.455648	0.901666	1.14164	0.789796
60	7	0.333897	0.180464	1.12289	0.160714	0.0668635	-0.242809	0.677191	-0.358554
60	8	0.122936	0.636218	1.15114	0.552687	0.288747	0.578528	1.45736	0.396971
60	9	0.0634852	0.19777	1.01138	0.195544	0.0427935	0.189735	0.864809	0.219395
61	0	0.0501952	0.13694	0.687333	0.199234	0.0627533	0.169733	0.687333	0.246944
61	1	0.0679101	0.389746	0.93311	0.417685	0.218357	0.227889	0.484657	0.470208
61	2	0.153131	0.382571	0.847992	0.451149	-0.116086	0.206526	0.86885	0.2377
61	3	0.0307691	0.0711364	0.77762	0.0914797	0.174281	0.0832191	0.851209	0.0977658
61	4	0.157957	0.457878	0.902803	0.507174	0.178793	0.0884824	1.00033	0.0884536
61	5	0.112192	0.0506834	0.815277	0.0621671	-0.138266	-0.140216	0.632651	-0.221632
61	6	-0.163794	0.0302719	0.925945	0.032693	-0.0437534	0.242888	0.563909	0.430722
61	7	0.118411	0.0732884	0.591076	0.123991	0.142601	-0.0810711	0.514182	-0.15767
61	8	0.138075	0.247667	0.972023	0.254795	0.0932524	0.140894	0.976716	0.144253
61	9	0.113642	0.351773	1.26237	0.278661	0.120828	0.246608	1.23854	0.199112
62	0	0.104602	0.283194	0.712503	0.397463	0.209782	0.370103	0.712503	0.51944
62	1	0.107104	0.244866	1.02692	0.238448	0.0252613	-0.0562833	1.01263	-0.0555811
62	2	0.161768	0.359247	0.964936	0.372301	0.0221508	0.198232	1.12679	0.175927
62	3	0.0281024	0.284777	1.0558	0.269726	0.0776209	0.356473	1.28048	0.278391
62	4	-0.0363594	0.0545673	0.95817	0.0569495	0.1227	-0.218417	0.691001	-0.316087
62	5	0.283474	0.395506	0.911668	0.433827	0.292275	0.0678426	1.18304	0.0573462
62	6	-0.0463585	-0.341287	0.891112	-0.38299	-0.0328669	-0.262222	0.827998	-0.316694
62	7	0.183265	0.491775	0.850724	0.578067	0.222424	0.4347	0.666832	0.651888
62	8	0.172953	0.323151	0.754328	0.428396	0.171495	0.0980907	0.635503	0.154351
62	9	0.212311	0.370019	0.793683	0.466205	0.21655	0.423867	0.662428	0.639869
63	0	0.317576	0.547916	1.01664	0.538948	0.364104	0.680402	1.01664	0.669266
63	1	0.52982	0.884646	1.1128	0.794973	0.753347	1.02203	1.33013	0.768366
63	2	0.406097	0.46358	1.03002	0.45007	0.385232	0.341593	0.908126	0.376151
63	3	0.403625	0.490776	0.935909	0.524385	0.0822379	0.104895	0.874802	0.119907
63	4	-0.232819	-0.144621	0.889058	-0.162668	-0.178824	-0.0375752	1.28758	-0.0291827
63	5	-0.0822473	-0.0403796	1.02626	-0.0393466	-0.44007	-0.223704	1.31336	-0.170329
63	6	-0.0759135	0.0642752	0.995734	0.0645506	0.181811	0.250398	1.39826	0.179078
63	7	0.116366	0.570563	0.801809	0.711594	0.397207	0.642928	0.801905	0.80175
63	8	0.300748	0.28937	0.73957	0.391267	0.0948778	0.242279	0.618198	0.391912
63	9	0.0764714	0.253382	0.923215	0.274457	0.216219	0.284501	0.67278	0.422874
64	0	-0.00362192	-0.0515463	0.800687	-0.0643776	-0.00539456	-0.0528841	0.800687	-0.0660484
64	1	-0.0555066	-0.203908	0.839993	-0.242749	0.0111353	-0.161371	1.04944	-0.153768
64	2	0.32467	0.842674	1.29235	0.652047	0.474047	0.865636	1.2879	0.67213
64	3	0.34921	0.685471	1.08159	0.633763	0.225885	0.589349	1.0334	0.570299
64	4	0.156029	0.48504	1.01146	0.479545	0.00155164	0.470122	0.940216	0.500015
64	5	-0.0471646	0.11088	0.936682	0.118376	0.249231	0.048263	0.809086	0.0596512
64	6	0.399319	1.03327	0.997453	1.03591	-0.171071	0.221335	1.55615	0.142233
64	7	-0.429372	-0.57407	1.04533	-0.549176	0.00822765	-0.148393	0.940986	-0.157699
64	8	0.281755	0.287607	1.1549	0.249032	0.245093	0.135211	0.573099	0.235929
64	9	0.207159	0.566214	1.19242	0.474844	0.500367	0.534572	1.14469	0.467003
65	0	0.0849871	0.0722985	0.782381	0.0924083	0.238506	0.0726079	0.782381	0.0928038
65	1	0.323568	0.568223	0.989337	0.574348	0.291627	0.617364	1.02251	0.603772
65	2	0.127926	0.329763	0.955394	0.345159	-0.0315688	0.184092	0.689207	0.267106
65	3	-0.0799898	0.0320229	0.740245	0.0432599	-0.129341	-0.067142	0.873482	-0.0768671
65	4	-0.00895822	0.124495	0.9957	0.125032	0.26956	0.204687	0.826307	0.247713
65	5	0.0678027	0.123961	0.725435	0.170878	-0.0109474	-0.314896	0.813491	-0.387092
65	6	0.200763	0.317364	0.989424	0.320757	0.262547	0.0832523	0.853896	0.097497
65	7	0.539934	0.930232	0.882807	1.05372	0.376089	0.190128	0.748555	0.253994
65	8	0.0166929	-0.0547662	1.08369	-0.050537	-0.0352016	-0.10333	1.32099	-0.0782216
65	9	-0.0171579	0.0525982	0.947776	0.0554964	0.059265	0.123653	0.696447	0.177548
66	0	-0.021771	0.0761196	1.49545	0.0509009	0.222212	0.29086	1.49545	0.194497
66	1	0.393334	0.499978	1.13897	0.438972	0.23434	0.388121	1.18207	0.328341
66	2	0.0654098	0.0616464	0.931534	0.0661773	0.0683526	0.107098	0.89151	0.120131
66	3	0.214721	0.535819	0.97845	0.54762	0.275533	0.406174	0.629582	0.645149
66	4	0.306759	0.237124	0.992732	0.23886	0.226144	0.365733	0.764844	0.47818
66	5	0.156765	0.28223	0.782172	0.360829	-0.103707	-0.0499887	0.526634	-0.0949212
66	6	-0.235806	-0.0580586	0.638678	-0.0909042	0.111995	0.307514	0.626478	0.490862
66	7	0.272872	0.761595	0.765566	0.994813	0.296001	0.394889	0.548034	0.720556
66	8	0.284497	0.992932	0.929527	1.06821	0.189112	0.687562	1.01405	0.678039
66	9	0.0694867	0.375981	0.889182	0.42284	0.0428623	0.276729	0.800382	0.345747
67	0	0.0346846	0.0299028	1.30592	0.0228979	0.172115	0.118057	1.30592	0.0904015
67	1	0.308124	0.468457	1.25472	0.373356	0.31275	0.130458	1.526	0.0854903
67	2	0.467055	0.562169	1.34911	0.416695	0.462019	0.801409	1.46648	0.546483
67	3	0.27304	0.500465	1.23223	0.406145	0.0652994	0.0133796	1.20232	0.0111282
67	4	0.18135	0.0164356	1.06875	0.0153784	0.199286	0.330368	1.24805	0.264707
67	5	0.0985729	0.278658	1.39511	0.199739	-0.0974849	-0.112779	1.62561	-0.0693763
67	6	-0.293336	-0.550948	1.14589	-0.480805	-0.132492	-0.221836	1.60514	-0.138203
67	7	0.383525	0.910041	1.1383	0.79947	0.572641	1.09715	1.57433	0.696897
67	8	0.320199	0.831763	1.07169	0.776123	0.337422	0.672223	1.17248	0.573333
67	9	0.172722	0.322721	0.93415	0.34547	-0.141186	-0.0137241	1.04027	-0.0131928
68	0	0.0237012	0.0804535	1.10394	0.0728782	0.16024	0.157352	1.10394	0.142536
68	1	0.0131444	0.0539057	0.916318	0.0588287	-0.0463141	-0.218536	0.991617	-0.220384
68	2	0.250989	0.488049	1.16377	0.419367	0.202895	0.602093	1.21266	0.496508
68	3	0.0871869	0.249848	1.0324	0.242007	0.197018	0.145941	0.988619	0.147621
68	4	0.17659	0.114072	0.89459	0.127513	-0.269705	-0.0376774	1.19818	-0.0314455
68	5	-0.214502	-0.150982	1.14063	-0.132367	0.131156	0.116693	1.39471	0.0836681
68	6	0.18817	0.507789	1.07858	0.470795	0.106891	0.304771	1.2848	0.237212
68	7	-0.0181849	-0.157482	0.695607	-0.226395	0.0358882	0.147349	1.14848	0.1283
68	8	0.203869	0.746714	0.637466	1.17138	0.346909	0.296506	0.803391	0.369068
68	9	0.269333	0.245475	0.758207	0.323757	0.154311	-0.0575264	0.564383	-0.101928
69	0	0.13128	0.154861	0.95862	0.161546	0.151204	0.317806	0.95862	0.331525
69	1	0.085555	0.415132	0.892194	0.465293	0.051111	0.24818	0.939639	0.264123
69	2	0.0443711	0.232039	0.943207	0.246011	-0.0459683	0.0168251	0.892407	0.0188536
69	3	0.0502841	0.320854	0.750588	0.42747	0.413636	0.433363	0.626814	0.691373
69	4	0.330003	0.684709	0.758958	0.90217	-0.0181181	0.181944	0.582077	0.312578
69	5	-0.0420699	-0.176983	0.781383	-0.2265	-0.109235	0.142785	0.879982	0.162259
69	6	-0.0826831	0.0110935	0.960042	0.0115552	0.241327	0.213557	0.715129	0.298627
69	7	0.369828	0.431359	0.735714	0.586314	0.266997	0.101234	0.214686	0.471543
69	8	0.106686	0.163047	0.591976	0.275428	0.00797814	0.0963516	0.57434	0.167761
69	9	0.0383952	0.0616786	0.765384	0.0805852	0.2202	0.311765	1.02517	0.30411
70	0	0.219239	0.345255	1.27509	0.270769	0.368653	0.572466	1.27509	0.448961
70	1	0.322344	0.573205	1.23965	0.462394	0.306999	0.61512	1.94324	0.316543
70	2	0.413076	0.877688	1.39	0.631428	0.408257	0.712713	1.65572	0.430455
70	3	0.231191	0.39232	1.24092	0.316154	-0.0488674	0.161614	1.38526	0.116667
70	4	-0.133419	-0.15382	1.11744	-0.137654	-0.125776	-0.172415	1.50974	-0.114202
70	5	-0.124047	0.0647217	0.980421	0.0660141	-0.493418	-0.502575	1.23114	-0.408219
70	6	-0.366774	-0.710712	0.964174	-0.737121	0.122054	-0.654362	2.22076	-0.294657
70	7	0.152521	0.569799	1.42474	0.399931	0.15079	0.458981	3.43583	0.133587
70	8	-0.178445	-0.40906	1.36251	-0.300224	-0.0962933	-0.481211	1.26787	-0.379541
70	9	0.0789561	0.0721498	0.89218	0.0808691	0.0299429	-0.143862	0.759659	-0.189377
71	0	0.121258	0.212948	0.783281	0.271867	0.0931019	0.246937	0.783281	0.31526
71	1	-0.0916619	-0.0281029	0.843903	-0.0333011	0.00827929	-0.107594	0.62161	-0.173089
71	2	0.379488	0.74294	0.910321	0.81613	0.426281	0.757648	1.10369	0.686469
71	3	0.266407	0.568798	1.01981	0.55775	0.112765	0.718006	0.854766	0.840003
71	4	0.121543	0.232885	0.894153	0.260453	0.11379	0.226737	0.824051	0.275149
71	5	-0.0665506	0.227531	0.913895	0.248969	-0.00401087	0.0964854	0.625752	0.154191
71	6	0.0156734	-0.0272826	0.873173	-0.0312454	-0.111816	0.192269	0.832637	0.230915
71	7	-0.154557	0.0402425	0.780626	0.0515516	0.154407	0.0111066	0.705661	0.0157393
71	8	0.188382	0.23149	0.944551	0.245079	-0.0291643	-0.200024	1.10983	-0.180229
71	9	-0.00100148	-0.103901	0.90379	-0.114962	-0.13684	0.104901	0.935512	0.112132
72	0	0.0825996	0.192993	1.25169	0.154186	0.0390882	0.0508047	1.25169	0.0405889
72	1	0.160954	0.289926	0.988052	0.293432	0.204622	0.523236	0.983223	0.532164
72	2	0.190115	0.625891	0.873611	0.716441	0.227266	0.508728	0.85139	0.597526
72	3	0.0150267	0.0607002	0.970119	0.0625699	0.23671	0.22819	1.36504	0.167166
72	4	0.435618	0.518093	0.96856	0.53491	0.211101	0.281568	1.25027	0.225207
72	5	0.288597	0.335668	1.22002	0.275133	0.522561	0.504722	1.60574	0.314323
72	6	0.554125	0.472151	1.42248	0.331921	0.430983	0.415094	2.12725	0.195132
72	7	-0.0913061	-0.35988	1.04953	-0.342897	-0.0564857	-0.154443	1.88502	-0.0819318
72	8	0.298418	0.47103	1.16775	0.403367	0.276105	0.422488	0.96012	0.440037
72	9	0.106868	0.396372	1.14576	0.345947	0.114214	0.167282	0.919082	0.18201
73	0	0.209636	0.372345	0.993983	0.374599	0.236673	0.334437	0.993983	0.336461
73	1	0.253344	0.222293	0.895439	0.248251	0.482331	0.436982	0.92415	0.472847
73	2	0.367494	0.434499	1.01149	0.429563	0.156747	-0.0499174	1.07346	-0.0465014
73	3	0.254704	0.412752	1.13687	0.363061	0.0321267	0.0887501	1.14919	0.0772282
73	4	0.261037	0.508721	0.966502	0.526353	0.55694	0.752116	1.37149	0.548395
73	5	0.326853	0.814581	1.27841	0.637182	0.0608832	0.383927	1.74616	0.219869
73	6	-0.32565	-0.79652	1.22242	-0.651595	0.0736063	0.146157	2.09412	0.069794
73	7	0.253908	0.532858	1.6042	0.332163	-0.0836663	0.0690163	2.72382	0.0253381
73	8	0.223587	0.396788	1.47199	0.269559	0.134438	0.443027	1.04183	0.42524
73	9	-0.202626	-0.0329685	1.26119	-0.0261409	0.0737693	0.0355368	0.95965	0.037031
74	0	0.0176108	0.0719989	1.54243	0.0466789	-0.0677386	-0.0223979	1.54243	-0.0145212
74	1	0.373154	0.700799	1.15063	0.609059	0.440763	0.872273	1.34788	0.647143
74	2	-0.13883	-0.17859	1.39232	-0.128268	-0.155967	-0.174938	1.38611	-0.126207
74	3	0.0110076	-0.202913	1.06041	-0.191353	0.153591	0.161588	1.11449	0.144988
74	4	0.142491	0.576558	0.973896	0.592012	-0.0755386	-0.11746	1.01027	-0.116266
74	5	-0.0813605	-0.191322	0.956264	-0.200073	-0.0235758	-0.0576512	1.22221	-0.0471697
74	6	-0.142397	0.247913	1.12477	0.220411	0.223423	0.00264591	1.08741	0.00243321
74	7	0.420953	0.509099	0.950177	0.535794	0.104071	0.685434	1.0052	0.681886
74	8	0.124586	0.499539	1.01784	0.490786	0.226858	0.379196	0.953594	0.39765
74	9	0.0236543	0.176624	0.969618	0.182159	0.179104	-0.266396	1.02151	-0.260787
75	0	0.174082	0.241674	1.21547	0.198832	0.210096	0.255503	1.21547	0.210209
75	1	0.330241	0.538535	1.19734	0.449775	0.477685	0.593005	1.20032	0.494039
75	2	0.328899	0.550898	1.14241	0.482226	0.181522	0.373175	1.23054	0.303261
75	3	-0.0789262	0.189213	1.11143	0.170243	-0.0091874	0.023482	1.09795	0.0213871
75	4	0.216842	0.633887	0.978885	0.64756	-0.0974407	0.339655	0.971643	0.349567
75	5	-0.103339	-0.150212	0.820156	-0.18315	0.115163	0.00921137	0.651951	0.0141289
75	6	-0.133049	-0.192383	0.97154	-0.198018	0.529228	-0.000779077	1.17633	-0.000662296
75	7	0.627847	1.05746	1.36177	0.776534	-0.0502771	-0.0226226	0.363061	-0.0623107
75	8	0.0697268	0.185157	0.992337	0.186587	0.0806076	0.335705	1.32223	0.253894
75	9	0.0367432	-0.120698	1.02358	-0.117917	0.161264	-0.125316	1.00637	-0.124523
76	0	0.0671054	0.144084	0.794796	0.181285	0.194516	0.224052	0.794796	0.281899
76	1	0.0559941	0.129722	0.874885	0.148273	0.027839	-0.20474	0.962484	-0.21272
76	2	0.111464	-0.039911	0.96305	-0.0414423	0.118468	0.0987352	0.972047	0.101574
76	3	0.124858	0.310949	0.932699	0.333386	0.0720995	0.0376343	1.24509	0.0302261
76	4	0.0475058	0.265432	1.01291	0.262049	0.0789545	-0.0476031	0.779227	-0.0610901
76	5	0.132489	0.369881	0.957271	0.386391	-0.0943963	-0.0491455	1.26747	-0.0387744
76	6	-0.152129	-0.520914	1.20231	-0.43326	0.11221	-0.224158	0.874402	-0.256355
76	7	0.290092	0.389571	0.923922	0.42165	0.250604	0.430769	1.46964	0.293112
76	8	-0.0132805	-0.0648428	0.974196	-0.0665603	-0.222904	-0.20097	0.541431	-0.371183
76	9	-0.0711463	-0.154229	0.932814	-0.165338	0.0785657	0.00698605	0.597567	0.0116908
77	0	-0.0649719	-0.170373	0.961794	-0.177141	-0.0712155	-0.403555	0.961794	-0.419586
77	1	0.511675	0.74865	0.929444	0.805482	0.688162	1.03506	1.36826	0.756478
77	2	0.381457	0.823552	1.37466	0.599094	0.326174	0.783275	1.24728	0.627984
77	3	0.194737	0.377669	0.94387	0.400128	-0.0494965	0.192204	0.60061	0.320014
77	4	0.277983	0.59857	0.95778	0.624955	0.558249	0.731882	1.1365	0.643978
77	5	0.310939	0.481411	1.11818	0.43053	0.0305229	0.102508	1.53945	0.0665874
77	6	-0.3397	-0.447926	1.07328	-0.417341	-0.0645536	-0.110974	1.02866	-0.107881
77	7	0.0729813	0.202659	0.906566	0.223546	0.0282919	-0.00231637	0.378466	-0.00612042
77	8	0.12763	0.129001	0.935715	0.137863	0.0661501	0.185602	1.01308	0.183205
77	9	0.0429554	-0.229873	0.852834	-0.26954	0.115727	-0.268708	0.844393	-0.318226
78	0	0.168012	0.374354	0.774444	0.483384	0.276422	0.400145	0.774444	0.516687
78	1	0.157423	0.200242	0.867269	0.230888	0.0723884	0.0468839	0.852391	0.0550028
78	2	0.0848238	0.284888	0.905478	0.314627	0.0525663	0.408199	0.964275	0.423322
78	3	0.063052	0.229858	1.02481	0.224293	0.197975	0.319268	1.04703	0.304926
78	4	0.393819	0.621205	1.07875	0.575857	0.31768	0.685031	1.01626	0.674069
78	5	-0.0543313	0.12318	1.00543	0.122515	-0.560182	-0.403976	1.76606	-0.228744
78	6	-0.286902	-0.369148	1.1367	-0.324754	0.119215	-0.263092	0.902108	-0.291641
78	7	0.457577	0.452319	0.990744	0.456545	0.598646	0.588253	1.55631	0.377979
78	8	0.419409	0.646334	1.3753	0.469959	0.479773	0.563021	1.08156	0.520564
78	9	0.256629	0.365996	1.19529	0.306199	0.0119248	0.217068	0.801479	0.270834
79	0	0.0441565	0.0159736	0.873305	0.018291	0.106148	0.0644934	0.873305	0.0738498
79	1	0.071866	0.168308	1.05369	0.159732	-0.0129011	-0.200678	0.859214	-0.23356
79	2	0.0386743	0.0336715	0.973504	0.0345879	0.156461	0.140979	0.824436	0.171
79	3	0.0457035	-0.0597999	0.8524	-0.0701548	0.184516	0.028831	1.01267	0.0284701
79	4	0.229087	0.187568	1.10953	0.169051	-0.0364812	-0.148274	1.17445	-0.126249
79	5	-0.0455081	0.0884506	1.20005	0.073706	0.258063	-0.111028	0.790033	-0.140535
79	6	0.0861031	-0.237617	0.906407	-0.262152	-0.470188	-0.321842	1.183	-0.272056
79	7	-0.215343	-0.20998	1.14321	-0.183675	0.172498	-0.0271107	1.44687	-0.0187375
79	8	0.340491	0.753043	1.15233	0.653499	0.324825	0.520789	0.859448	0.605958
79	9	0.218353	0.428143	0.772026	0.554571	0.121937	0.122689	0.559372	0.219333
80	0	0.0839336	0.23921	1.14548	0.20883	0.211642	0.382825	1.14548	0.334206
80	1	0.22959	0.495861	0.914088	0.542465	0.20962	0.167637	0.931425	0.17998
80	2	0.012196	0.0809791	1.01113	0.080088	-0.178666	-0.0885944	0.792039	-0.111856
80	3	0.0802442	0.276578	0.813354	0.340046	0.242797	0.359214	1.09508	0.328025
80	4	0.0877782	0.140479	0.778836	0.180371	0.00941933	0.0271783	0.67497	0.040266
80	5	0.0485131	0.187837	0.711502	0.264001	0.124819	0.0187823	0.708132	0.0265238
80	6	0.174462	0.164885	1.21723	0.135459	-0.0414544	-0.463514	1.85199	-0.250279
80	7	0.0287304	-0.291126	0.997614	-0.291822	0.31117	0.40595	1.17299	0.34608
80	8	0.117138	-0.0046415	0.949742	-0.00488712	0.0242004	-0.225048	1.11989	-0.200956
80	9	0.100888	0.10621	1.14946	0.0924001	0.00849422	0.109863	1.05556	0.10408
81	0	0.232564	0.416237	0.897531	0.463758	0.406179	0.555701	0.897531	0.619145
81	1	0.345467	0.768327	1.03461	0.742625	0.240324	0.464003	1.22679	0.378225
81	2	0.225204	0.438836	1.10694	0.396439	0.290338	0.190286	0.979872	0.194194
81	3	0.386753	0.422435	1.12245	0.376351	0.452165	0.480028	0.741159	0.647672
81	4	0.232429	0.28842	0.767896	0.375598	0.026833	0.0471054	0.500638	0.0940907
81	5	0.12316	0.388832	0.703637	0.552604	-0.0150023	0.29124	1.11554	0.261075
81	6	0.0400041	-0.0254065	0.953419	-0.0266478	-0.0624823	-0.249633	0.950562	-0.262616
81	7	0.448333	0.842366	1.13126	0.744625	1.07235	1.47573	1.94728	0.757841
81	8	0.434153	0.445475	1.13392	0.392864	0.267343	0.628844	1.51203	0.415894
81	9	0.342395	0.46785	1.30501	0.358504	0.191593	0.0419168	0.848823	0.0493823
82	0	0.37027	0.647636	1.1624	0.557157	0.501281	1.00905	1.1624	0.86808
82	1	0.0661917	0.282693	1.05571	0.267775	0.0431712	0.140984	0.970541	0.145263
82	2	0.178598	0.254255	1.03057	0.246713	0.117912	0.249102	0.823747	0.302401
82	3	0.167803	0.304229	0.844365	0.360305	0.146543	0.410114	0.594609	0.689721
82	4	0.0533578	-0.0217211	0.750941	-0.0289251	0.214499	-0.0107104	0.816766	-0.0131132
82	5	0.344619	0.475242	0.754008	0.630288	-0.15891	-0.21593	0.962182	-0.224417
82	6	-0.434223	-0.563115	0.960092	-0.586522	-0.21983	-0.128238	0.709468	-0.180753
82	7	0.0722879	0.571888	1.03506	0.552518	0.275233	0.0671246	0.928843	0.0722669
82	8	0.11091	-0.0275458	0.828724	-0.0332388	-0.0019169	0.172026	0.895807	0.192035
82	9	0.130478	0.528886	0.867111	0.60994	0.171938	0.00228532	1.02992	0.00221894
83	0	-0.0813071	-0.104219	1.25375	-0.0831256	0.0736296	0.094971	1.25375	0.0757493
83	1	0.346853	0.491777	1.18214	0.416005	0.513017	0.435478	1.08684	0.400682
83	2	0.449471	0.679378	1.13233	0.599985	0.0836316	0.398648	1.01149	0.394119
83	3	-0.0577481	0.140214	1.09078	0.128544	-0.126646	0.0743411	0.983384	0.0755972
83	4	0.0357871	0.0282484	1.04395	0.0270591	0.237195	0.145914	0.870242	0.167671
83	5	0.0949506	-0.0800988	0.886069	-0.0903979	-0.16491	-0.209079	0.848551	-0.246395
83	6	-0.430768	-0.344989	1.24152	-0.277877	-0.229985	-0.312382	1.56204	-0.199983
83	7	0.0764873	-0.0828346	0.899079	-0.0921328	0.161271	-0.114025	0.264221	-0.431551
83	8	0.22804	0.513965	0.70729	0.726668	0.264689	0.273921	0.606489	0.451651
83	9	0.102564	-0.120429	0.932392	-0.129161	-0.00533592	-0.269103	0.98959	-0.271934
84	0	0.0611012	0.170233	0.970057	0.175488	0.233419	0.408012	0.970057	0.420607
84	1	0.221418	0.50651	1.14179	0.443609	0.206058	0.383584	1.21323	0.316167
84	2	0.26393	0.555293	1.08509	0.511748	0.0269109	0.211692	0.876527	0.241513
84	3	0.01688	0.143582	0.73428	0.195541	0.186631	0.241254	0.765013	0.315359
84	4	0.0868518	0.014474	0.727436	0.0198972	-0.224034	-0.191467	0.70481	-0.271658
84	5	-0.222052	-0.118502	0.715441	-0.165634	-0.0230785	-0.343668	0.962807	-0.356944
84	6	-0.0588464	-0.243563	0.950978	-0.256118	0.140093	0.154134	0.527338	0.292286
84	7	0.338182	0.31016	0.921879	0.336443	0.225595	0.174829	0.193541	0.903322
84	8	0.185412	0.726197	0.850319	0.854029	0.194601	0.911551	1.10461	0.825227
84	9	0.0716762	0.458573	0.815141	0.562569	0.0441323	0.426223	0.803512	0.53045
85	0	0.0910999	0.177162	0.936418	0.189191	0.254617	0.283492	0.936418	0.302741
85	1	0.429263	0.711973	1.15153	0.618284	0.496343	0.413148	1.16307	0.355222
85	2	0.291765	0.343612	1.23107	0.279116	-0.00499363	0.107344	0.808056	0.132842
85	3	0.116949	0.135872	0.863166	0.157411	0.177214	0.31989	0.854678	0.374282
85	4	0.0316945	0.153084	0.892585	0.171506	-0.153744	-0.370895	0.730587	-0.507667
85	5	-0.0428604	-0.129607	0.946397	-0.136948	-0.15663	-0.147719	0.615454	-0.240016
85	6	0.0511714	0.264108	0.794254	0.332524	-0.105044	-0.0254347	1.40815	-0.0180625
85	7	-0.0768282	0.447718	1.01333	0.44183	0.503899	0.627805	1.36461	0.460062
85	8	0.298128	0.17754	0.748797	0.237101	0.158897	0.305865	0.491505	0.622303
85	9	0.226348	0.442008	0.92409	0.478317	0.23748	0.319359	1.08676	0.293865
86	0	0.0299152	0.082553	1.05157	0.0785042	0.214204	0.166047	1.05157	0.157903
86	1	0.14335	0.345737	1.08298	0.319247	0.0701315	0.205881	0.849191	0.242444
86	2	0.110682	0.234463	1.05124	0.223035	-0.0442747	-0.117751	0.866174	-0.135944
86	3	0.0551711	0.448189	0.792213	0.565743	0.0357392	0.364626	0.656467	0.555437
86	4	0.0163746	0.249024	0.858443	0.290088	0.0994672	0.164109	1.15761	0.141765
86	5	0.0788599	0.50416	1.14235	0.441335	-0.0286741	0.35706	1.87345	0.190589
86	6	0.380758	0.0666019	1.35224	0.0492529	0.77398	0.525311	0.556195	0.944474
86	7	0.394416	0.193387	0.690627	0.280016	0.190752	-0.0515883	0.698719	-0.0738327
86	8	0.216419	0.436161	0.638608	0.682987	0.321259	0.295676	0.905641	0.326483
86	9	0.225617	0.397319	1.09572	0.362611	-0.212252	-0.285394	1.36947	-0.208398
87	0	0.0121744	-0.0416955	0.866676	-0.0481097	0.207765	0.169764	0.866676	0.195879
87	1	0.319702	0.264658	0.935563	0.282886	0.263655	0.182242	0.965279	0.188797
87	2	0.487164	0.833775	1.05071	0.793535	0.542836	0.637822	1.33233	0.478726
87	3	0.212386	0.165485	1.05702	0.156558	-0.105104	-0.264892	0.981685	-0.269834
87	4	0.222768	0.170658	1.28935	0.13236	0.323632	0.449299	1.05658	0.42524
87	5	-0.0503611	0.0250794	0.982914	0.0255153	-0.301013	-0.61444	1.02515	-0.599366
87	6	0.0616175	0.269323	1.26396	0.213079	0.795469	1.15021	3.03685	0.37875
87	7	0.493367	0.666305	2.34709	0.283885	0.2118	0.257011	3.35724	0.0765541
87	8	0.219016	0.514172	1.42392	0.361095	0.119028	0.513397	1.33516	0.384519
87	9	-0.0611282	-0.188844	0.967028	-0.195283	-0.222523	-0.145422	0.884702	-0.164374
88	0	0.22183	0.414535	0.889196	0.46619	0.414524	0.750696	0.889196	0.844241
88	1	0.132754	0.191953	1.13384	0.169294	-0.0200425	-0.280432	0.943177	-0.297327
88	2	0.140084	0.38834	1.17368	0.330874	0.261071	0.39334	1.21423	0.323942
88	3	0.35978	0.432398	1.04335	0.414433	0.261047	0.316486	0.908521	0.348353
88	4	0.280835	0.458265	0.80351	0.570329	0.332526	0.261599	0.823127	0.317811
88	5	0.0693984	-0.145639	0.814386	-0.178832	-0.467624	-0.741624	0.822186	-0.902014
88	6	-0.197949	-0.0571718	0.709778	-0.0805488	0.249024	-0.0401574	1.11277	-0.0360879
88	7	0.177611	0.0590405	0.909254	0.0649329	0.302328	0.422568	0.430364	0.981885
88	8	0.40583	0.471068	0.746983	0.630627	0.356057	0.322662	0.661229	0.487973
88	9	0.193581	0.0561942	0.741696	0.0757645	0.0659551	0.171401	1.05695	0.162166
89	0	-0.111309	-0.0826616	1.02575	-0.0805864	0.037299	0.0570337	1.02575	0.0556018
89	1	0.262436	0.363056	0.961156	0.377729	0.219159	0.284421	0.819335	0.347136
89	2	0.287627	0.521583	0.724044	0.720375	0.195596	0.306805	0.736836	0.416382
89	3	0.441878	0.970895	1.20595	0.805087	0.440092	1.01084	1.71367	0.589868
89	4	0.153229	0.245156	1.03618	0.236596	0.0730751	0.20855	1.29666	0.160836
89	5	0.0988762	0.407449	1.03349	0.394248	-0.00214761	0.42224	0.879768	0.479945
89	6	-0.227413	-0.0829224	0.868071	-0.0955249	-0.00839811	-0.239179	0.940533	-0.254302
89	7	0.280333	0.450281	0.932726	0.482759	0.0640584	0.313814	0.553216	0.567253
89	8	0.0305561	0.161589	0.73937	0.218549	0.114401	0.325351	0.504078	0.645438
89	9	0.141382	-0.0153877	0.908912	-0.0169298	0.424743	0.282884	0.549786	0.514536
90	0	0.342617	0.454524	0.673445	0.674923	0.600217	0.691524	0.673445	1.02685
90	1	0.494862	0.688786	0.936794	0.735259	0.306884	0.459862	0.817482	0.562534
90	2	0.31742	0.314574	0.869148	0.361933	0.261119	0.652176	1.03548	0.629827
90	3	0.223911	0.765322	1.22068	0.626964	0.239395	0.668735	1.04362	0.640785
90	4	0.0868591	0.403424	0.910695	0.442984	0.0651836	0.316118	0.577828	0.54708
90	5	0.131767	0.402756	0.829461	0.485564	-0.203278	0.0718971	0.925892	0.0776517
90	6	-0.370223	-0.371743	0.895176	-0.415274	-0.148146	-0.15538	1.06531	-0.145854
90	7	0.0998709	0.300069	0.89072	0.336883	0.194741	0.104517	0.459644	0.227388
90	8	0.127267	0.557999	1.28337	0.434794	0.323495	0.630762	1.11185	0.567309
90	9	0.351063	0.521299	1.2033	0.433223	0.274262	0.326197	1.01813	0.320387
91	0	-0.0188736	0.0063923	0.638435	0.0100125	0.0891588	0.0917072	0.638435	0.143644
91	1	0.355933	0.636188	0.947105	0.671719	0.368977	0.453313	0.643661	0.704273
91	2	0.212768	0.514753	0.8832	0.582827	0.0744236	0.263837	0.891013	0.296109
91	3	0.00587907	-0.0206773	1.03571	-0.0199645	0.00413926	0.0302998	1.26268	0.0239963
91	4	0.0203601	0.087493	0.826862	0.105813	-0.0806044	-0.0694697	0.546126	-0.127205
91	5	-0.0219977	-0.146008	0.687616	-0.212339	-0.228536	-0.534274	1.05267	-0.50754
91	6	0.0014781	0.685697	1.28077	0.53538	0.206961	0.878765	1.92233	0.457136
91	7	0.037524	0.459547	1.16244	0.395331	0.30312	0.381041	1.0805	0.352653
91	8	0.21122	0.507418	0.822504	0.616919	0.024531	0.625501	1.16931	0.534932
91	9	-0.0121474	0.304477	0.79403	0.383458	-0.0835	0.0362107	0.621398	0.058273
92	0	0.00655948	-0.0246218	0.99595	-0.0247219	0.365048	0.294904	0.99595	0.296103
92	1	0.616503	0.794478	1.07788	0.737072	0.43844	0.273934	1.05486	0.259688
92	2	0.298702	0.670743	0.900017	0.745256	0.296246	0.375644	0.86156	0.436004
92	3	0.298694	0.549166	0.960133	0.571969	0.245325	0.374651	1.01226	0.370114
92	4	0.120697	0.0408801	1.05053	0.038914	-0.127958	-0.320653	0.889825	-0.360355
92	5	0.0861658	0.102238	0.964496	0.106002	0.174887	0.0623989	1.04571	0.0596714
92	6	0.274251	0.0653902	1.13567	0.0575788	0.461459	0.695476	1.31915	0.527215
92	7	0.214941	0.542814	0.973794	0.557422	0.196437	0.0854038	0.479263	0.178198
92	8	0.365357	0.573647	1.2919	0.444034	0.290024	0.423872	1.34463	0.315234
92	9	0.0667211	0.345637	1.07904	0.320319	-0.133523	-0.0378277	0.747718	-0.0505908
93	0	0.116135	0.22199	0.892824	0.248639	0.394904	0.402813	0.892824	0.451168
93	1	0.353068	0.617955	1.05194	0.587443	0.166175	0.42369	0.803685	0.527184
93	2	0.116246	0.0728154	0.914149	0.0796537	0.0791252	-0.0291277	0.66802	-0.0436029
93	3	0.0304723	-0.0832851	0.754151	-0.110436	-0.0127428	-0.00581197	0.720118	-0.00807085
93	4	0.0744584	0.297702	0.841045	0.353967	0.246703	0.1428	0.730371	0.195517
93	5	0.0759937	-0.156054	0.963002	-0.16205	-0.238156	-0.280792	0.958455	-0.292963
93	6	-0.118689	-0.172863	1.0828	-0.159645	-0.0601883	-0.0717522	0.476629	-0.150541
93	7	-0.0379926	-0.537844	0.810369	-0.663703	0.109214	-0.298397	0.974168	-0.306309
93	8	0.16034	0.197408	0.821017	0.240444	0.0851186	0.0496942	0.532913	0.09325
93	9	-0.107019	0.0138132	0.786832	0.0175555	-0.320705	-0.472254	0.999357	-0.472558
94	0	0.393257	0.70988	1.13873	0.623397	0.773567	1.2216	1.13873	1.07277
94	1	0.407111	0.456411	1.03038	0.442954	0.0347672	-0.0511313	0.847931	-0.0603013
94	2	-0.024452	0.0850733	0.992888	0.0856827	-0.171199	-0.0518833	0.85059	-0.0609969
94	3	-0.220912	-0.321229	0.757614	-0.424001	-0.0973538	-0.00262117	0.655715	-0.00399743
94	4	0.0703532	0.197173	1.03225	0.191013	0.0790705	0.0474537	1.29116	0.0367526
94	5	0.126068	-0.058309	1.08594	-0.0536947	0.1545	0.3161	1.10261	0.286684
94	6	0.210704	0.71782	1.29943	0.552411	0.0725839	-0.0260385	0.936481	-0.0278046
94	7	0.224754	0.589803	1.1966	0.492898	0.425887	0.468921	1.5744	0.297842
94	8	0.160627	0.213005	0.885328	0.240595	0.0833702	0.0560116	0.400369	0.1399
94	9	-0.0301872	0.17667	0.846373	0.208738	0.0556187	0.0637972	0.716426	0.0890492
95	0	0.174951	0.447231	0.97971	0.456494	0.334425	0.711206	0.97971	0.725936
95	1	0.25839	0.551466	1.01704	0.542225	0.214997	0.527298	1.46341	0.360321
95	2	0.192909	0.479549	1.09497	0.437955	0.205301	0.458774	0.972602	0.471698
95	3	0.463037	0.949771	1.08872	0.872378	0.376484	0.794304	1.45708	0.545134
95	4	0.333773	0.601568	0.993312	0.605618	0.362414	0.806132	0.848221	0.95038
95	5	0.285967	0.177795	0.778029	0.228519	0.166033	0.458252	0.430912	1.06345
95	6	-0.206585	0.249889	0.745473	0.335208	-0.103875	-0.1321	0.512047	-0.257985
95	7	0.048357	0.124942	0.813953	0.1535	0.0878982	-0.0236855	0.415462	-0.0570101
95	8	0.0525419	0.346702	0.657461	0.527335	0.0564965	0.252221	0.685348	0.368019
95	9	0.041723	0.0239392	0.827668	0.0289237	0.022593	0.0750478	0.779468	0.0962808
96	0	0.0460459	0.0752838	0.953459	0.0789586	0.0522608	0.0445023	0.953459	0.0466746
96	1	-0.0237669	0.00548391	0.817437	0.00670866	-0.0301679	0.0701505	1.08286	0.0647824
96	2	-0.0809227	0.0899483	1.16515	0.0771986	-0.0193301	-0.00890642	1.04794	-0.00849901
96	3	0.325101	0.697667	1.04141	0.669927	0.390814	0.592169	0.946378	0.625721
96	4	0.163431	0.416823	1.13876	0.366033	-0.00602481	-0.0379219	0.733547	-0.0516966
96	5	0.0394649	0.166305	0.812831	0.204599	0.368603	0.400695	0.584169	0.685922
96	6	0.158276	0.311348	0.682027	0.456504	0.0628381	0.0554885	0.429043	0.129331
96	7	0.554987	0.346952	0.724328	0.478998	0.292575	0.276776	0.48698	0.568353
96	8	-0.0121034	0.0763761	0.815516	0.0936537	0.108306	0.310129	1.20445	0.257486
96	9	0.17673	0.46028	1.10314	0.417246	0.119886	0.758786	0.862662	0.879588
97	0	0.062222	0.0552117	0.813616	0.0678596	0.359668	0.269827	0.813616	0.331639
97	1	0.431658	0.302826	0.78981	0.383417	0.354663	0.409639	0.708238	0.578391
97	2	0.369346	0.436382	1.05687	0.412899	0.412471	0.389993	1.02185	0.381653
97	3	0.398151	0.625388	0.988569	0.632619	0.401111	0.275192	0.813406	0.33832
97	4	0.512602	0.785624	1.04227	0.753762	0.230491	0.621607	1.06576	0.583251
97	5	-0.139306	-0.123137	1.049	-0.117385	-0.37599	-0.269529	0.396462	-0.679836
97	6	0.0099827	-0.0207269	0.684919	-0.0302618	0.307794	0.605236	0.687505	0.880337
97	7	0.28714	0.0348575	0.76458	0.0455904	0.51533	0.236488	0.21946	1.07759
97	8	0.3832	0.410696	0.635365	0.646393	-0.0126622	0.234079	0.651819	0.359117
97	9	0.0514947	0.42847	0.834081	0.513703	0.291721	0.262491	0.779332	0.336815
98	0	0.170845	0.468737	1.15763	0.404912	0.284548	0.744873	1.15763	0.643448
98	1	0.211923	0.385008	1.06197	0.36254	0.0970512	0.191814	0.803239	0.238801
98	2	0.0971043	0.402217	0.795973	0.505315	0.268044	0.299108	1.05812	0.282679
98	3	0.36635	0.533963	0.932414	0.572667	0.17674	0.15892	0.96676	0.164384
98	4	0.0040939	0.0130011	0.844207	0.0154004	0.171481	0.0653854	0.892328	0.073275
98	5	0.126865	0.212714	0.872799	0.243715	-0.406324	-0.565323	1.26995	-0.445152
98	6	-0.291121	-0.210019	1.04869	-0.200268	0.28815	0.00928272	1.0268	0.00904045
98	7	0.334385	0.563957	0.955591	0.590166	0.165327	0.245465	1.62383	0.151164
98	8	0.0850384	0.171385	0.882958	0.194103	0.117687	0.078529	0.326785	0.240308
98	9	0.128387	0.192598	0.738188	0.260906	0.416044	0.263089	0.844628	0.311485
99	0	0.0817318	0.100692	0.945595	0.106485	0.148041	0.081733	0.945595	0.0864356
99	1	-0.0234359	0.126197	1.16958	0.107899	-0.058869	0.164681	1.20671	0.136471
99	2	0.16898	0.566662	1.00713	0.562649	0.177439	0.164553	0.842398	0.195339
99	3	0.238311	0.524466	1.02699	0.510682	0.439443	0.576495	1.69005	0.34111
99	4	0.252047	0.360809	1.19763	0.301269	0.0237342	-0.288257	0.903412	-0.319076
99	5	0.0356466	0.225241	0.941339	0.239277	-0.279065	0.0213148	1.15708	0.0184211
99	6	-0.128605	0.0310474	0.986727	0.0314651	-0.146213	0.114385	0.934891	0.122352
99	7	-0.101891	0.373572	0.851614	0.438663	0.283716	0.652862	0.582534	1.12073
99	8	0.0148987	0.0411508	0.721411	0.057042	0.0360453	0.261931	0.881372	0.297186
99	9	0.227196	0.48522	0.728529	0.666027	0.200446	0.399951	0.592577	0.674934
100	0	-0.0560224	-0.104734	0.866795	-0.120829	0.218321	-0.0316293	0.866795	-0.03649
100	1	0.354487	0.54485	1.01861	0.534896	0.301281	0.293169	0.853694	0.343413
100	2	0.329219	0.302839	0.944645	0.320585	0.173202	0.0334071	0.701999	0.0475886
100	3	0.129975	0.343549	0.832741	0.412553	0.148392	0.17985	1.14511	0.157059
100	4	0.150684	0.276969	0.862369	0.321172	0.092407	0.0915871	0.632136	0.144885
100	5	0.154915	0.471854	0.828735	0.569367	0.182652	0.176535	0.975256	0.181014
100	6	0.136938	-0.053365	0.739356	-0.0721777	0.121715	0.033506	1.09076	0.0307181
100	7	0.209127	0.574955	1.18115	0.486777	0.139821	0.454871	1.6387	0.277581
100	8	0.0171312	0.25412	1.00419	0.25306	0.107705	0.247482	0.946294	0.261528
100	9	0.0210938	0.227824	0.870611	0.261682	0.131129	0.072022	0.939199	0.0766845
