RUN	Year	DeltaBV	Sel	Var	Beta	DeltaBVRecruits	SelRecruits	VarRecruits	BetaRecruits
1	0	0.0254722	0.122509	0.89839	0.136365	0.00252098	0.253999	0.89839	0.282727
1	1	-0.041159	0.179926	0.866636	0.207614	-0.0312312	-0.151531	0.822918	-0.184139
1	2	0.0293556	0.426106	1.14306	0.372777	0.158873	0.619917	0.817021	0.758753
1	3	0.184926	0.691671	0.974918	0.709466	0.16071	0.518388	0.983468	0.527102
1	4	0.110877	0.356957	0.985042	0.362377	-0.0261911	0.191177	0.729159	0.262188
1	5	-0.0669708	0.12335	0.8209	0.150262	0.00984929	0.179514	1.06711	0.168224
1	6	0.086431	0.211838	1.18594	0.178625	0.0638479	0.708978	1.35144	0.52461
1	7	0.0330719	0.170763	1.01686	0.167932	0.0607109	-0.302395	0.998335	-0.302899
1	8	-0.00385692	0.31408	1.04079	0.301772	0.0416387	0.151919	0.810327	0.187478
1	9	0.000119281	0.570488	0.840546	0.678711	-0.0690607	0.170423	0.508866	0.334907
2	0	-0.0360967	-0.13105	0.871032	-0.150454	0.0357989	-0.194237	0.871032	-0.222997
2	1	0.0797983	0.421639	0.914574	0.461022	0.0606625	0.378556	0.719924	0.525828
2	2	0.111774	0.45198	0.894436	0.505324	0.189467	0.50792	0.692258	0.733714
2	3	0.170034	0.700115	0.830244	0.843263	0.0335343	0.54466	0.965497	0.564124
2	4	-0.0148387	0.327594	1.02499	0.319607	-0.0109119	0.299009	0.857155	0.348839
2	5	0.0517827	0.270558	1.01074	0.267683	-0.0113612	0.573914	1.00231	0.572593
2	6	0.0112728	0.417303	1.27895	0.326287	0.0949617	0.531935	1.1744	0.452942
2	7	-0.0791783	-0.322639	0.903045	-0.357279	-0.0480736	0.0974093	0.233372	0.4174
2	8	0.0121483	0.529068	0.728685	0.726059	0.045145	0.346423	0.790711	0.438116
2	9	0.0593056	1.102	1.16237	0.948063	-0.0854173	0.381669	1.27199	0.300057
3	0	0.000204828	0.114754	0.804404	0.142657	-0.0321454	0.219752	0.804404	0.273186
3	1	-0.0658596	0.0684548	0.909239	0.075288	-0.0619897	-0.0549791	0.862374	-0.0637532
3	2	-0.0216548	-0.0907087	0.897161	-0.101106	0.0733977	0.080526	0.643794	0.12508
3	3	0.098808	0.575131	0.864317	0.665416	0.0233877	0.459149	0.982959	0.467109
3	4	-0.0472437	0.4951	0.882634	0.560934	-0.0114821	0.344694	0.658135	0.523743
3	5	0.0799738	0.389012	0.827943	0.469853	0.0358016	0.288788	0.537781	0.537
3	6	0.0197945	0.368099	0.628871	0.585333	-0.0641282	0.121818	0.960061	0.126886
3	7	-0.0202399	-0.106362	1.08226	-0.0982779	0.0808982	0.457628	1.36598	0.335018
3	8	-0.0155213	-0.227382	0.980226	-0.231969	-0.0290169	-0.255607	0.973019	-0.262695
3	9	-0.0180113	0.392968	0.970313	0.404991	-0.0389141	0.475387	0.946085	0.502478
4	0	0.000803466	-0.160089	1.3046	-0.122712	0.0807718	-0.131584	1.3046	-0.100861
4	1	0.039161	0.254699	1.05555	0.241296	-0.0370445	0.0462995	0.91446	0.0506304
4	2	0.0221203	0.217651	0.9679	0.224869	0.0466825	0.422156	1.11131	0.379873
4	3	-0.00850857	0.60379	0.973051	0.620513	0.0158768	0.459182	0.994381	0.461776
4	4	0.0558238	0.089583	0.846436	0.105836	0.0754779	0.139039	0.79243	0.175458
4	5	0.0313456	0.233946	0.867049	0.269818	-0.0401678	0.221919	0.856808	0.259006
4	6	-0.0281364	0.571688	0.922438	0.619758	-0.0119831	0.477502	1.24609	0.383201
4	7	0.104102	1.42648	0.887304	1.60765	0.151659	1.09105	1.25587	0.868759
4	8	0.152189	0.706488	1.1046	0.63959	0.0844199	0.48434	0.785356	0.616714
4	9	0.0661094	0.859985	1.16303	0.739434	0.130069	0.732984	1.23163	0.595133
5	0	0.00428306	0.0541295	0.9437	0.0573588	0.0595323	-0.0604945	0.9437	-0.0641035
5	1	0.0695595	0.394998	0.910408	0.433869	0.0390666	0.40579	0.994247	0.408138
5	2	0.001266	0.0608669	0.889529	0.068426	0.0675773	-0.117853	1.1489	-0.102579
5	3	0.0711405	0.359736	1.02567	0.350731	0.0182756	0.0493421	0.729508	0.0676375
5	4	0.0514639	0.257037	1.02581	0.25057	-0.0173875	0.21498	1.08862	0.19748
5	5	-0.0331573	-0.0652633	0.87103	-0.0749266	0.056022	-0.337649	0.980765	-0.344271
5	6	-0.0242156	0.166281	1.01649	0.163583	-0.16063	0.427043	1.2368	0.34528
5	7	0.0144253	0.238588	0.869069	0.274533	0.0937656	0.377512	0.762689	0.494975
5	8	0.0250808	0.10271	0.911414	0.112693	0.0594608	-0.164667	0.806356	-0.204212
5	9	0.031842	0.175897	0.823387	0.213626	-0.0792788	0.0736093	0.640389	0.114945
6	0	-0.02178	-0.0664898	0.901437	-0.0737598	0.00555615	0.126973	0.901437	0.140856
6	1	0.218359	1.02661	0.856342	1.19883	0.177817	1.01508	1.05586	0.961374
6	2	-0.0961683	-0.304473	1.17513	-0.259097	-0.206816	-0.260711	1.21606	-0.214391
6	3	-0.113497	0.0812445	1.08234	0.0750636	-0.0210146	-0.0294596	0.592236	-0.0497431
6	4	-0.0391405	-0.157095	0.765629	-0.205185	-0.0462049	-0.322865	0.94996	-0.339872
6	5	0.017309	-0.176039	1.01795	-0.172936	0.0266671	0.261993	0.967817	0.270705
6	6	-0.0536868	1.13628	1.32847	0.855333	-0.0424825	0.792079	1.75289	0.45187
6	7	-0.108842	-0.588451	1.16253	-0.50618	-0.118297	-0.652327	1.33964	-0.486941
6	8	0.00299162	0.229466	0.870094	0.263725	-0.0448677	-0.0292232	0.658075	-0.0444071
6	9	-0.0596996	0.0258118	0.728398	0.0354364	-0.000896846	0.089624	0.921825	0.0972246
7	0	-0.00430282	-0.123389	1.20748	-0.102187	0.0408649	0.010571	1.20748	0.0087546
7	1	0.00916036	0.816245	1.15333	0.707731	-0.051318	0.344596	1.08294	0.318205
7	2	0.000767501	0.0878904	1.12907	0.0778433	0.0361244	0.0618385	0.945904	0.0653751
7	3	0.0173622	0.0264538	1.07116	0.0246964	-0.0225687	-0.218394	0.653374	-0.334255
7	4	-0.0350526	-0.0139281	0.873155	-0.0159514	0.00186944	-0.0620092	0.937328	-0.0661553
7	5	0.0648283	0.343356	0.855159	0.401511	0.0504385	0.0143966	0.760673	0.0189261
7	6	0.0414058	0.0343511	1.10167	0.031181	-0.0401859	-0.0572551	1.7904	-0.0319789
7	7	0.0261055	0.370535	1.03748	0.35715	0.129092	0.530443	1.3132	0.403933
7	8	0.0197909	0.0665524	0.888732	0.0748847	0.0269952	0.231665	0.614645	0.376908
7	9	-0.00572842	-0.0293019	0.842525	-0.0347787	0.0230874	-0.338141	0.767697	-0.440462
8	0	-0.0372375	0.0410098	0.940677	0.0435961	0.0105999	0.18987	0.940677	0.201844
8	1	0.0742959	0.626916	1.01268	0.619065	0.0650192	0.536644	0.900257	0.596101
8	2	0.0140376	0.279563	0.958512	0.291664	-0.0126435	0.352948	0.90739	0.388971
8	3	0.0610382	0.0467631	0.984143	0.0475165	0.181784	0.347426	0.935014	0.371573
8	4	0.2595	0.415564	1.03511	0.401468	0.243255	0.664864	0.929784	0.715074
8	5	0.137406	0.459177	0.897862	0.511412	-0.0691821	0.0139035	0.537998	0.025843
8	6	-0.0105465	-0.518019	0.848095	-0.610802	0.114913	0.302186	0.442598	0.682754
8	7	0.189726	0.486769	0.948737	0.51307	0.2138	0.793267	1.07029	0.741168
8	8	0.0937265	0.350408	0.973906	0.359796	0.0323733	-0.145509	1.00297	-0.145079
8	9	0.0435151	0.638953	1.28501	0.497236	0.0678593	0.300052	1.723	0.174145
9	0	0.0259354	0.242609	0.729877	0.332398	0.0514941	0.314669	0.729877	0.431126
9	1	0.0878707	0.51744	0.943397	0.548486	0.0930972	0.576298	0.869319	0.662931
9	2	0.117776	0.518744	0.987999	0.525046	0.279354	0.840712	1.15574	0.727425
9	3	0.314958	1.42685	1.2536	1.1382	0.171813	0.929077	1.19488	0.777545
9	4	0.00331821	-0.141725	1.05364	-0.13451	-0.102426	-0.0795728	1.17696	-0.067609
9	5	-0.0429006	0.256199	1.09999	0.232911	-0.0182441	-0.0795234	0.827545	-0.0960955
9	6	0.148721	-0.0301194	1.12338	-0.0268113	0.0536001	0.307549	0.861207	0.357113
9	7	-0.160654	0.589637	0.999581	0.589884	0.0671328	0.124362	0.925891	0.134316
9	8	0.134333	0.675041	0.808347	0.835089	0.0726268	0.325717	0.805015	0.40461
9	9	0.0346035	0.470443	1.2484	0.376837	-0.0293599	0.50146	1.05196	0.476689
10	0	0.013085	0.0595901	0.998221	0.0596963	0.0271825	0.218474	0.998221	0.218863
10	1	0.039353	0.623319	0.918787	0.678415	0.0566497	0.448604	0.772365	0.580819
10	2	0.0201175	0.344801	0.932449	0.36978	0.0340784	0.45457	0.864454	0.525846
10	3	0.0629126	0.381679	0.874526	0.436441	0.0199442	0.228219	0.631839	0.361198
10	4	0.019244	0.152167	1.08148	0.140703	-0.0227762	0.035428	0.905985	0.0391044
10	5	-0.0133488	-0.147051	0.859104	-0.171167	0.0558654	0.61736	0.61406	1.00537
10	6	0.0234647	0.247323	0.642701	0.384818	-0.0295129	0.181122	0.742942	0.24379
10	7	0.0693358	0.740745	1.38351	0.535412	0.158347	-0.0480152	0.968395	-0.0495823
10	8	0.124267	1.00796	1.25356	0.804083	0.146379	0.275811	1.02835	0.268206
10	9	0.0837338	0.339666	1.06122	0.320072	-0.0516778	0.162244	1.40989	0.115076
11	0	0.0163471	0.198474	1.00195	0.198087	0.0486532	0.259066	1.00195	0.258561
11	1	0.153987	0.805129	1.08074	0.744979	0.174646	0.792236	1.07487	0.737054
11	2	0.0806365	0.281813	1.00784	0.27962	-0.0572365	0.525155	0.645638	0.81339
11	3	-0.0721216	0.304892	1.00139	0.304468	-0.0185697	0.271309	1.40429	0.193201
11	4	0.0226233	0.75445	0.924105	0.816411	0.0847806	0.620711	1.14603	0.541617
11	5	0.120752	0.286313	1.15541	0.247802	0.0357398	0.476062	1.00722	0.47265
11	6	-0.0952543	-0.00647258	1.56855	-0.00412648	0.130851	0.00401907	1.87728	0.00214089
11	7	0.259545	0.395837	1.0236	0.386711	0.135397	0.108985	0.945906	0.115217
11	8	0.0809939	0.343949	1.03166	0.333395	0.163087	0.0427517	0.505465	0.0845788
11	9	0.121044	0.0732424	0.97083	0.0754431	-0.00110491	-0.285344	0.808417	-0.352966
12	0	0.0587647	0.351754	1.13464	0.310014	0.0798684	0.559953	1.13464	0.493509
12	1	0.0812207	0.837125	1.06805	0.783789	0.104296	0.456966	0.802109	0.569705
12	2	0.0425747	-0.0201331	0.968687	-0.0207839	0.0358361	0.0793061	0.615912	0.128762
12	3	0.02506	0.571989	0.903908	0.632796	-0.0191099	0.160118	0.990319	0.161683
12	4	0.0485205	0.114765	1.04342	0.109989	0.064087	0.229713	0.890483	0.257964
12	5	-0.00619275	0.286123	1.06628	0.268338	-0.113925	0.156882	0.606839	0.258524
12	6	-0.0529889	-0.222087	0.736433	-0.301571	-0.128071	-0.109688	0.931433	-0.117762
12	7	-0.149799	0.455687	1.00456	0.453617	0.050988	0.308139	0.641657	0.480224
12	8	0.0124249	0.195295	1.18723	0.164496	-0.0829056	-0.0426105	0.679489	-0.0627097
12	9	-0.060494	-0.331054	0.898992	-0.36825	0.0113812	0.0444333	0.438334	0.101369
13	0	-0.00159818	0.251492	1.12666	0.22322	0.065034	0.358155	1.12666	0.317892
13	1	0.0916097	0.27162	0.955752	0.284195	0.0177497	-0.0145828	1.04499	-0.0139549
13	2	0.0264552	0.362735	0.92606	0.391697	0.0294266	0.112259	0.852927	0.131616
13	3	0.0198409	0.39554	0.871159	0.454039	0.0678137	0.330133	0.942492	0.350276
13	4	0.0652908	0.368035	1.11994	0.328621	0.0272235	0.0475581	1.38521	0.0343328
13	5	0.0319356	0.365858	1.20409	0.303846	0.0464534	0.180056	1.12692	0.159778
13	6	-0.0203896	-0.304352	1.26927	-0.239785	-0.136767	-0.224779	2.52766	-0.0889277
13	7	-0.069074	0.184867	1.33863	0.138101	0.0104955	0.324165	0.60086	0.539501
13	8	-0.00454711	0.245427	0.860518	0.285208	0.0630988	0.429496	0.503087	0.853721
13	9	0.0380267	-0.185831	0.884801	-0.210026	-0.0111247	-0.319831	0.994697	-0.321536
14	0	0.0709422	0.374801	0.775391	0.48337	0.147879	0.619578	0.775391	0.799053
14	1	0.0653704	0.389701	0.769298	0.506568	0.0446073	0.0661168	0.678385	0.097462
14	2	0.0312266	0.45013	0.852987	0.52771	-0.103588	0.489946	0.803387	0.60985
14	3	-0.0890341	0.0499981	0.895385	0.0558398	-0.0189775	-0.103858	0.933128	-0.111301
14	4	0.00706916	0.421676	1.0464	0.40298	-0.110587	-0.0117041	0.799088	-0.0146469
14	5	-0.071177	0.060037	0.992786	0.0604732	-0.0564841	-0.215139	1.21037	-0.177746
14	6	-0.0815803	-0.261603	1.00463	-0.260399	0.065615	-0.0795453	0.372622	-0.213475
14	7	0.0488068	-0.00543867	0.838503	-0.00648616	0.0177381	-0.265053	0.65921	-0.402076
14	8	0.0588145	0.194322	0.907916	0.214031	0.0936639	0.121501	0.823778	0.147492
14	9	0.0625299	0.172507	0.828147	0.208305	-0.0375623	0.303391	1.07021	0.283487
15	0	-0.0133116	0.058546	0.903075	0.0648296	-0.0324971	0.0557558	0.903075	0.06174
15	1	0.035328	0.695562	0.993935	0.699806	0.083858	0.228348	1.00195	0.227903
15	2	0.109979	0.596149	1.17614	0.506869	0.20982	0.723878	1.05641	0.685223
15	3	0.144231	0.355926	0.964122	0.369171	-0.0132478	0.0545685	0.689651	0.0791248
15	4	-0.0427275	0.505728	0.957914	0.527947	0.0186348	0.208602	0.766105	0.27229
15	5	0.0262749	0.326693	0.927257	0.352322	0.0687016	-0.183047	0.910312	-0.201081
15	6	0.148078	0.243682	1.00747	0.241875	0.0657073	0.27536	0.743857	0.370178
15	7	-0.114026	0.0829183	0.890028	0.0931638	-0.154812	0.0620114	0.71111	0.0872037
15	8	-0.0168387	0.107448	0.708068	0.151748	0.0205952	0.040583	0.816426	0.049708
15	9	0.0673146	0.32347	0.972205	0.332718	0.127652	0.433626	1.20879	0.358728
16	0	-0.0237396	0.0603152	0.818526	0.0736876	-0.0152743	0.193917	0.818526	0.23691
16	1	-0.0370431	0.457032	0.916336	0.498761	0.0263432	0.455302	0.975036	0.466959
16	2	0.108899	0.237579	1.08665	0.218635	0.13649	0.0762994	1.35126	0.0564653
16	3	0.140572	0.484559	1.11078	0.436234	0.0383156	0.0780659	0.535039	0.145907
16	4	-0.0615645	-0.411085	0.90588	-0.453797	-0.102689	-0.443869	0.9792	-0.453297
16	5	-0.0233029	-0.0132735	1.01936	-0.0130214	0.0298739	-0.020355	0.663394	-0.0306832
16	6	-0.0315153	0.38763	0.725671	0.534167	0.054889	0.000572769	0.384256	0.00149059
16	7	0.0580335	0.0915799	0.685927	0.133513	0.0568145	-0.0540236	0.487109	-0.110906
16	8	0.0977633	0.40065	0.782892	0.511756	0.0240658	0.549807	1.08138	0.508431
16	9	0.0764231	0.128349	1.17934	0.108831	0.00811239	0.136954	1.30353	0.105064
17	0	0.0886353	0.71528	1.05174	0.680092	0.11419	0.769376	1.05174	0.731527
17	1	0.00750887	-0.178685	0.961782	-0.185785	0.0463524	-0.0995912	0.735988	-0.135316
17	2	0.0913001	0.139901	0.940515	0.14875	0.0375785	-0.0831296	0.732448	-0.113496
17	3	0.0280688	0.164055	0.824439	0.19899	-0.0410458	0.146244	1.08563	0.134709
17	4	-0.021634	0.239364	0.83946	0.285141	0.112016	0.142737	0.937475	0.152257
17	5	0.080528	0.12511	0.819398	0.152685	-0.0664301	-0.104444	0.791505	-0.131956
17	6	0.0161187	0.106007	1.19315	0.0888465	0.270196	0.54824	1.27361	0.430463
17	7	0.327669	0.217666	1.07301	0.202856	0.217066	-0.151754	0.82945	-0.182958
17	8	0.0692678	0.36157	0.936524	0.386077	0.00351425	0.133337	1.27776	0.104352
17	9	0.0251246	-0.18543	1.08033	-0.171642	0.0315204	-0.420792	0.767258	-0.548436
18	0	0.0381406	0.328205	0.973161	0.337257	0.0421905	0.53676	0.973161	0.551564
18	1	0.0131427	0.342366	1.00066	0.34214	0.0271669	0.212773	1.03964	0.20466
18	2	0.0973846	0.763925	1.0367	0.736882	0.106058	0.964083	0.956996	1.0074
18	3	0.0131326	0.520559	0.76489	0.680568	-0.0573076	0.398299	0.57122	0.697277
18	4	-0.0704628	0.195798	0.92829	0.210923	-0.0242621	0.0856663	0.622751	0.137561
18	5	-0.0361245	0.325593	0.820551	0.396798	-0.186976	-0.233205	0.828388	-0.281516
18	6	-0.179247	-0.0938668	0.904972	-0.103723	-0.0173976	0.0675367	1.24697	0.0541606
18	7	0.032976	0.167098	1.08156	0.154496	0.00215077	0.17392	0.342324	0.508056
18	8	-0.039158	0.33935	0.752511	0.450956	-0.0647597	0.135811	0.783763	0.17328
18	9	-0.0545312	0.435905	0.927859	0.469797	-0.0549715	0.51061	1.07641	0.474362
19	0	0.0255801	-0.0411624	0.972457	-0.0423283	0.064601	-0.109171	0.972457	-0.112263
19	1	0.048577	0.205571	1.16836	0.175948	-0.0053225	-0.101714	1.08391	-0.0938404
19	2	0.0530842	-0.00685003	1.05213	-0.00651064	0.2581	0.280425	1.14122	0.245724
19	3	0.122827	0.00833632	1.07684	0.00774147	-0.0568726	-0.27643	0.909367	-0.30398
19	4	0.0431382	0.328204	0.952957	0.344406	-0.00750274	0.216083	0.925581	0.233457
19	5	-0.0806102	0.199496	0.940621	0.21209	-0.142903	-0.226701	1.45834	-0.155452
19	6	-0.0438564	-0.326174	1.22686	-0.265861	0.0364826	-0.175728	1.13828	-0.15438
19	7	0.0163107	-0.329556	1.11201	-0.29636	0.14961	0.241551	1.65859	0.145637
19	8	0.0304069	0.476775	1.00686	0.473526	-0.101123	0.138307	0.724451	0.190913
19	9	-0.0149899	0.0823864	0.883356	0.0932652	-0.0165223	0.18653	1.02714	0.181602
20	0	0.0188906	0.344473	0.960676	0.358574	-0.0311272	0.632066	0.960676	0.657939
20	1	-0.0415133	0.430151	0.88005	0.48878	-0.00722378	0.312254	0.738523	0.422809
20	2	-0.0158706	0.0784753	1.066	0.073617	-0.0450858	-0.160395	1.09391	-0.146626
20	3	-0.106104	0.108165	0.949462	0.113923	-0.00367015	0.0646824	0.696888	0.0928161
20	4	0.0573125	0.169282	1.02973	0.164394	0.00229747	0.359389	0.888845	0.404332
20	5	0.0320809	0.538885	0.933359	0.577361	0.0263404	0.246244	0.906623	0.271605
20	6	-0.0523911	0.140581	1.21352	0.115846	0.0260168	-0.117687	1.2706	-0.0926236
20	7	0.0239227	-0.105294	0.77475	-0.135907	-0.0513602	-0.493816	0.719711	-0.686131
20	8	0.0111061	0.991546	1.19445	0.830127	0.0481535	0.88925	1.39878	0.635733
20	9	0.0358593	0.0502048	1.16313	0.0431637	-0.0017715	-0.21021	1.00796	-0.208549
21	0	0.0169061	0.32009	0.917195	0.348988	0.0628942	0.485121	0.917195	0.528919
21	1	0.0864739	0.494244	0.973715	0.507585	0.0998122	0.200439	1.2163	0.164794
21	2	0.133855	0.477186	1.11314	0.428687	0.0957558	0.673311	1.29514	0.519874
21	3	0.0274576	0.0109098	1.05893	0.0103026	0.0181112	-0.129688	0.998145	-0.129929
21	4	0.0738278	0.555602	1.03671	0.535927	0.00947261	0.515689	1.07003	0.481937
21	5	0.111831	0.257219	0.878086	0.292932	0.211257	0.435527	1.2587	0.346013
21	6	0.0284006	0.0336963	0.994683	0.0338764	-0.131171	-0.000396644	1.12509	-0.000352543
21	7	0.0281227	-0.0935948	0.801879	-0.116719	0.202609	0.0594821	0.769183	0.0773315
21	8	0.106202	0.390242	0.798398	0.488781	0.111814	0.0398554	0.543803	0.0732902
21	9	0.0759887	0.212172	0.907335	0.23384	0.0148414	-0.0729065	0.702599	-0.103767
22	0	0.017684	0.391128	1.17659	0.332425	0.065933	0.634912	1.17659	0.53962
22	1	0.0264811	0.336724	1.12416	0.299535	-0.0336845	0.300775	1.05952	0.283878
22	2	-0.0185697	0.25942	1.06871	0.242742	0.0176107	0.0569378	0.946138	0.0601792
22	3	0.0436072	0.329006	0.906194	0.363063	-0.020963	-0.0948628	0.713648	-0.132927
22	4	-0.0229235	0.194116	0.985163	0.19704	-0.00642514	0.137399	0.944497	0.145473
22	5	0.0127634	0.617598	0.918783	0.672191	0.0173906	0.690327	1.42144	0.485653
22	6	0.00850901	0.209563	1.11082	0.188656	0.0404188	0.40141	0.949499	0.42276
22	7	0.0505624	0.217004	0.767796	0.282632	-0.000792758	0.373107	0.737908	0.505628
22	8	-0.00365165	0.408615	0.739411	0.552623	0.0294978	0.382335	0.926366	0.412726
22	9	0.0293655	0.544564	1.0637	0.511952	0.137889	0.329829	0.98441	0.335052
23	0	-0.0134161	-0.109476	1.02127	-0.107196	0.000234564	0.0714005	1.02127	0.0699133
23	1	0.0380084	0.329026	0.916004	0.359197	0.061184	0.49622	0.610138	0.813291
23	2	0.0254558	0.128739	0.885209	0.145434	0.0185167	-0.0296539	0.899411	-0.0329704
23	3	-0.0181412	0.510003	0.964569	0.528736	-0.0274022	0.459131	1.10737	0.414615
23	4	0.0267221	0.20509	1.05876	0.193708	0.0722775	0.551673	1.02323	0.539148
23	5	0.070396	0.196689	0.862591	0.228021	-0.0460052	-0.271877	0.914373	-0.297337
23	6	-0.118859	-0.0534402	0.710813	-0.0751818	-0.0397549	-0.0664693	0.322751	-0.205946
23	7	0.0373599	0.565994	0.944858	0.599026	-0.00334395	0.537578	1.0897	0.493325
23	8	0.0117801	0.687099	1.03723	0.662435	-0.0144303	0.480166	0.857916	0.559689
23	9	-0.033518	0.192761	0.922326	0.208994	-0.047461	0.313942	1.04132	0.301484
24	0	0.000556014	0.0561421	1.0346	0.0542648	-0.0707716	-0.0816227	1.0346	-0.0788933
24	1	-0.0760776	0.186051	1.05537	0.176289	0.0326917	0.124183	0.849504	0.146182
24	2	0.0261977	0.175318	1.03097	0.17005	-0.080204	0.165291	1.29232	0.127903
24	3	-0.0286617	0.181981	0.913347	0.199247	0.0455443	0.272365	0.987627	0.275777
24	4	0.0649464	-0.0293578	0.974853	-0.0301151	0.023635	-0.0199053	0.911451	-0.0218391
24	5	0.0670491	0.207866	0.991522	0.209643	0.0414444	0.112623	1.633	0.0689672
24	6	-0.0854369	-0.0560963	1.33387	-0.0420551	-0.100489	0.542515	0.869141	0.624197
24	7	-0.0538693	1.14522	1.11112	1.03069	0.0304246	0.807723	1.0925	0.739336
24	8	0.00926449	0.37568	1.01476	0.370216	0.0558466	0.14607	0.721681	0.202403
24	9	0.0321371	0.326817	0.904314	0.361398	-0.0709895	0.203974	0.674385	0.30246
25	0	0.0300983	0.141028	1.21761	0.115824	0.0898925	0.359376	1.21761	0.295149
25	1	0.122014	0.506933	1.051	0.482336	0.0782917	0.349042	1.09037	0.320114
25	2	0.0637525	0.68621	1.00514	0.682701	0.0656196	0.406224	0.916173	0.443392
25	3	-0.0444525	-0.303881	0.911288	-0.333463	-0.131519	-0.0886131	0.597584	-0.148286
25	4	-0.0755633	0.231735	1.04879	0.220955	0.00806625	0.189018	1.21768	0.155228
25	5	0.0206146	-0.133251	1.01676	-0.131054	0.0133048	0.25175	0.885703	0.284237
25	6	0.0147497	0.121211	0.904253	0.134045	0.0329504	0.220028	0.462474	0.475763
25	7	-0.00987403	0.129936	0.819714	0.158514	-0.048604	-0.0930645	0.470377	-0.197851
25	8	0.00815865	0.443785	1.20884	0.367116	0.0533034	0.12475	0.797131	0.156499
25	9	0.0372913	0.38501	1.11574	0.345072	0.0123464	0.482697	1.33777	0.360823
26	0	0.0202293	-0.00801097	1.03994	-0.0077033	0.0440632	-0.0231436	1.03994	-0.0222548
26	1	0.0736442	0.781829	0.94674	0.825812	0.0972542	0.649632	0.838176	0.775054
26	2	0.0260603	0.237686	0.898591	0.26451	-0.0488017	0.335997	0.553247	0.607319
26	3	0.0124275	0.18472	0.707144	0.26122	0.14534	-0.161132	0.570634	-0.282373
26	4	0.110795	0.160618	0.946972	0.169612	0.0161748	0.228114	0.718776	0.317365
26	5	0.0168819	-0.0618662	0.768978	-0.0804525	0.0760189	-0.00966593	0.69257	-0.0139566
26	6	0.0908117	0.333226	0.95104	0.350381	-0.0596578	-0.0418972	1.32019	-0.0317357
26	7	-0.157677	-0.0973289	1.55786	-0.0624761	-0.0640726	-0.217041	1.53429	-0.141461
26	8	-0.0136662	0.272426	1.09819	0.248068	-0.0268784	0.299798	0.644171	0.465401
26	9	0.0775979	0.292384	0.884154	0.330694	-0.0262478	0.211772	0.89234	0.237322
27	0	0.0460278	0.142727	1.00113	0.142566	0.0605528	0.173162	1.00113	0.172966
27	1	0.0382284	0.0629614	1.13999	0.0552299	0.0109375	-0.11852	1.29218	-0.0917203
27	2	-0.0349072	-0.153758	1.0747	-0.143071	0.0609288	-0.184472	1.02839	-0.179379
27	3	0.131977	0.331257	0.919555	0.360236	0.0924844	0.409551	0.997192	0.410705
27	4	0.0634856	0.438619	0.94335	0.464959	0.124955	0.295541	0.703354	0.420189
27	5	0.163292	0.341523	0.946413	0.360861	0.0908196	0.262052	1.0623	0.246684
27	6	0.0466314	0.336066	1.03747	0.323929	0.0144047	0.329482	1.01333	0.325149
27	7	-0.0285852	-0.272344	0.802938	-0.339185	0.00035074	-0.228254	0.255819	-0.89225
27	8	0.028686	0.406905	1.0389	0.391669	0.0536128	0.0722991	0.875155	0.0826128
27	9	0.0868331	0.421302	0.964819	0.436664	-0.00336294	0.121885	0.539155	0.226066
28	0	0.0111848	-0.00995009	1.00842	-0.00986704	-0.100855	-0.00784678	1.00842	-0.00778129
28	1	-0.111389	0.193577	1.03907	0.186297	-0.0160887	0.254093	0.830806	0.305839
28	2	0.0220524	0.326816	0.892688	0.366103	0.0673614	0.117294	0.639727	0.18335
28	3	-0.0334651	0.138166	0.789269	0.175055	-0.0343005	-0.0785239	0.706127	-0.111204
28	4	0.0068828	0.47199	0.843118	0.559816	0.100952	0.353736	0.437789	0.808006
28	5	0.18508	0.369166	0.915116	0.403409	0.131364	0.606978	0.881996	0.688187
28	6	0.104455	0.378707	0.750952	0.504303	0.0757713	0.229737	0.408187	0.562822
28	7	0.109988	0.947349	0.969691	0.97696	0.0413456	0.757818	1.28102	0.591575
28	8	-0.00685922	0.372141	0.882482	0.421698	0.048321	0.367625	0.832882	0.441389
28	9	0.0730416	0.440581	0.906273	0.486146	0.1045	0.40264	0.820309	0.49084
29	0	0.00377189	0.0774208	0.852781	0.0907862	0.00589896	0.146691	0.852781	0.172015
29	1	-0.0693394	-0.121717	0.784501	-0.155152	-0.0549929	0.0224285	0.609067	0.0368244
29	2	0.101831	0.295484	0.731331	0.404035	0.200929	0.499976	0.552655	0.90468
29	3	0.134453	0.589179	0.848908	0.694043	-0.0295728	0.264428	0.864273	0.305955
29	4	-0.0310391	0.290871	1.03586	0.280801	-0.0396167	0.411093	1.28107	0.320899
29	5	-0.00156243	0.406299	1.13997	0.356413	0.104154	0.510906	0.937816	0.544782
29	6	0.1095	-0.00714031	0.944689	-0.00755837	0.118291	-0.135299	1.1217	-0.12062
29	7	0.117713	0.821038	1.25227	0.655639	0.0801465	0.728071	1.13893	0.639257
29	8	0.0432547	0.243348	1.00077	0.24316	0.08079	0.209233	0.730325	0.286493
29	9	0.0685003	-0.071264	0.912882	-0.0780648	0.000888225	-0.374443	0.962498	-0.389033
30	0	0.0100439	0.165237	0.797756	0.207127	-0.011562	0.205078	0.797756	0.257068
30	1	-0.0100625	0.255554	0.89388	0.285893	0.056321	0.14121	0.621415	0.227239
30	2	0.0485031	0.176166	0.866338	0.203346	-0.0319477	0.142632	0.489665	0.291285
30	3	0.019728	0.0283165	0.830827	0.0340823	0.0380416	-0.0472672	1.06722	-0.04429
30	4	-0.0387006	0.080542	1.18641	0.0678874	-0.0704826	-0.138286	1.00419	-0.137708
30	5	0.140975	1.08178	1.2019	0.900058	0.174617	1.02957	1.27007	0.810637
30	6	0.011116	0.0284221	1.10008	0.0258363	-0.116367	0.151974	0.516462	0.29426
30	7	-0.0958813	0.748907	1.0175	0.736025	0.0798191	0.688526	0.85853	0.801983
30	8	0.0611399	0.227009	0.868193	0.261472	0.0584088	0.138838	1.08912	0.127477
30	9	0.038069	0.254213	1.13298	0.224376	0.0140531	-0.356538	1.06955	-0.333353
31	0	0.0286303	0.180599	1.04861	0.172227	0.0462329	0.418782	1.04861	0.399368
31	1	0.0232671	0.261361	1.08845	0.240122	-0.0178767	-0.000990665	1.13155	-0.000875494
31	2	0.043495	0.188535	1.12575	0.167476	0.111055	0.287118	0.711081	0.403777
31	3	0.0253302	-0.0576358	0.948568	-0.0607608	-0.0429483	-0.185562	0.610166	-0.304117
31	4	-0.062247	-0.310536	0.954203	-0.32544	-0.050419	-0.305862	0.945793	-0.323392
31	5	-0.048811	0.220559	1.10723	0.199199	-0.0877413	-0.0727423	0.779587	-0.0933088
31	6	0.0920894	0.464112	1.05282	0.440827	0.417532	0.678067	1.16408	0.582492
31	7	0.233615	0.349778	0.758267	0.461287	-0.143976	0.313657	0.229524	1.36656
31	8	-0.0675365	0.119368	0.899237	0.132744	0.035459	0.13651	1.22887	0.111085
31	9	-0.0563897	0.151182	0.909562	0.166214	0.0447237	0.183775	0.621071	0.2959
32	0	-0.0331237	0.24049	1.14379	0.210257	0.00698689	0.436421	1.14379	0.381555
32	1	0.0795273	0.467456	1.11001	0.421129	0.0284892	0.394165	1.03552	0.380645
32	2	0.0012034	0.34162	1.08917	0.313653	-0.0166423	0.0346715	0.788833	0.0439529
32	3	-0.0456254	-0.109893	0.873932	-0.125746	-0.102725	-0.0889322	0.515829	-0.172407
32	4	-0.0946582	0.00548766	0.958307	0.00572641	0.076929	0.330288	1.15767	0.285303
32	5	0.119274	0.697871	1.02385	0.681614	0.00782521	0.408448	0.675195	0.604933
32	6	-0.0242259	-0.222932	0.658677	-0.338454	0.00386937	-0.011483	1.13429	-0.0101236
32	7	-0.0931019	0.347269	0.833671	0.416554	-0.129029	0.212589	0.881412	0.241192
32	8	-0.0531777	0.428563	0.905161	0.473466	-0.0170052	0.186627	0.810147	0.230361
32	9	-0.0290871	0.309672	0.975432	0.317472	-0.022391	0.379693	0.730425	0.519825
33	0	0.0812534	0.633123	1.27335	0.497209	0.0820793	0.842696	1.27335	0.661792
33	1	0.00482472	1.00049	1.26269	0.792348	-0.0738513	0.914345	1.55345	0.588588
33	2	0.000169965	1.17494	1.22028	0.962845	0.172346	1.92686	1.34685	1.43064
33	3	0.0584097	0.299077	1.13541	0.263409	-0.0116787	-0.013803	1.09446	-0.0126116
33	4	0.0697895	0.593185	1.01242	0.585907	-0.00208817	0.944272	1.28531	0.734665
33	5	-0.0651602	0.793605	1.08181	0.733587	-0.12952	1.0804	1.30307	0.829116
33	6	-0.0927697	0.456901	1.25005	0.365506	-0.0687952	1.1233	2.13039	0.527274
33	7	-0.0191551	0.272908	1.44347	0.189063	0.0878127	-0.533565	1.71571	-0.310988
33	8	0.0025541	0.412433	1.09258	0.377484	-0.0360977	0.307072	0.928626	0.330674
33	9	0.0341725	0.337276	0.907251	0.371756	0.0284851	0.525884	1.08857	0.483098
34	0	-0.000260693	0.0441111	1.01365	0.0435172	0.0209085	0.265669	1.01365	0.262092
34	1	0.0979001	0.752953	0.984244	0.765007	0.131462	0.600516	1.19939	0.500685
34	2	0.0722816	0.0992519	1.0537	0.0941937	-0.0652463	0.213438	0.64492	0.330953
34	3	-0.05605	0.12082	0.910571	0.132686	-0.0639271	-0.0197348	0.994228	-0.0198494
34	4	-0.0923496	0.313082	0.92352	0.339009	-0.0137159	0.349496	0.866233	0.403466
34	5	0.048685	0.306932	1.00762	0.30461	0.0846582	0.546278	1.30466	0.418712
34	6	-0.0374558	0.273025	1.00078	0.272813	-0.0263196	0.0495438	0.93241	0.0531352
34	7	0.0480328	0.604037	1.11135	0.543515	0.125259	0.23477	1.29135	0.181802
34	8	0.150952	0.909005	1.16062	0.783204	0.0451074	0.800191	0.938881	0.852281
34	9	-0.00796005	0.663279	1.0889	0.609127	0.115767	0.628692	1.30806	0.480628
35	0	0.0703764	0.253999	1.13819	0.22316	0.20999	0.346838	1.13819	0.304727
35	1	0.18196	0.201066	1.20707	0.166573	0.0373965	0.358142	1.17731	0.304203
35	2	0.00062823	0.188314	0.957596	0.196653	0.00989428	0.0815985	0.770847	0.105856
35	3	0.0247535	0.457352	0.749844	0.609929	0.0886077	0.0751713	0.537109	0.139955
35	4	0.102066	0.300303	0.880109	0.341211	-0.000752088	0.280285	0.936714	0.299221
35	5	-0.0357182	-0.243485	0.860682	-0.282898	-0.0154374	-0.044678	0.609539	-0.073298
35	6	-0.0867875	-0.755328	0.610825	-1.23657	-0.264027	-0.669918	0.768579	-0.871632
35	7	-0.148782	0.277351	0.742193	0.373692	0.0818813	0.126492	0.655207	0.193057
35	8	0.0497412	-0.0300897	0.906371	-0.033198	-0.0070894	-0.208093	0.915476	-0.227306
35	9	-0.0364641	0.136743	1.00521	0.136034	0.0121715	0.39909	0.998219	0.399803
36	0	-0.00755954	-0.0868765	0.769145	-0.112952	-1.09312e-05	-0.137855	0.769145	-0.179231
36	1	0.00231442	0.509527	0.904307	0.563444	0.0250293	0.474665	1.06857	0.444206
36	2	-0.0197247	0.481778	1.06128	0.453961	-0.0239154	0.528506	0.996534	0.530344
36	3	0.0216715	0.57564	1.06361	0.541213	0.011993	0.356572	1.03993	0.34288
36	4	-0.00644405	0.467541	0.965811	0.484092	-0.0372132	0.655094	0.895098	0.731869
36	5	-0.0975463	0.121573	1.16271	0.104561	-0.0942597	0.57177	1.04364	0.547859
36	6	-0.075756	1.06512	0.999173	1.066	0.0509508	0.225708	0.480082	0.470145
36	7	0.0891124	0.0643	1.06089	0.0606094	0.118427	-0.356116	0.527565	-0.675018
36	8	0.126252	0.25601	1.14011	0.224549	-0.0718643	0.140801	1.01003	0.139403
36	9	0.00181949	0.180471	1.10859	0.162793	0.0558168	0.0895087	1.4185	0.0631008
37	0	-0.0211411	-0.0768498	1.11046	-0.0692054	-0.00550221	-0.0198595	1.11046	-0.017884
37	1	0.0441106	0.329629	1.05695	0.311867	-0.0124715	0.295053	0.982088	0.300434
37	2	0.00861496	0.371157	0.955496	0.388445	0.109273	0.0959766	1.00936	0.0950869
37	3	0.0735807	0.00516019	0.944886	0.00546118	-0.0424256	-0.165527	0.881529	-0.187773
37	4	-0.0599257	0.342837	1.09442	0.313259	-0.0991104	0.324597	1.07527	0.301875
37	5	-0.11806	-0.247492	0.998785	-0.247793	-0.0726278	-0.347083	1.08597	-0.319607
37	6	0.0212012	1.00998	1.36743	0.738591	0.155997	0.728272	2.02505	0.359631
37	7	0.201844	0.745697	1.00937	0.738777	0.0726002	0.274546	0.691651	0.396942
37	8	-0.0127901	0.308708	0.986102	0.313058	-0.0156543	0.380373	0.94282	0.403442
37	9	-0.0426606	0.386463	1.01746	0.379833	-0.0444981	0.21701	0.867097	0.250271
38	0	0.014293	0.147549	0.688331	0.214358	0.0713574	0.283595	0.688331	0.412004
38	1	0.102496	0.227123	0.90145	0.251953	0.0815577	0.178091	1.27329	0.139866
38	2	0.0576912	0.417263	1.05623	0.395049	0.0793585	0.374358	0.704813	0.531145
38	3	0.0565035	0.427234	0.779501	0.548087	-0.0348306	0.296195	0.678331	0.436653
38	4	-0.0537287	0.213118	0.772882	0.275745	-0.0530719	0.290762	0.674081	0.431345
38	5	-0.063549	-0.100483	0.990851	-0.101411	-0.0896775	-0.0612517	1.32349	-0.0462802
38	6	-0.101318	0.0338685	0.907994	0.0373004	0.0493595	0.159318	0.439758	0.362287
38	7	0.118437	-0.0952148	1.14827	-0.0829199	0.0734001	0.0729481	0.699513	0.104284
38	8	0.0804089	0.186517	0.757174	0.246334	0.0108685	0.0667031	0.719952	0.0926493
38	9	-0.0148064	-0.367617	0.884845	-0.415459	-0.0920848	-0.171388	1.24909	-0.13721
39	0	0.00346888	-0.0677732	1.095	-0.061893	0.075055	0.0280299	1.095	0.025598
39	1	0.0652362	0.277627	0.933701	0.29734	0.0380009	0.145615	0.783243	0.185914
39	2	0.0452228	0.21447	1.04246	0.205735	0.00746804	-0.227845	0.785736	-0.289977
39	3	0.0232784	0.108317	0.91384	0.118529	0.0528028	-0.116484	0.466657	-0.249614
39	4	0.0337368	0.268984	0.719218	0.373995	0.0647073	0.158253	0.535357	0.295604
39	5	0.136956	0.360291	0.664027	0.542584	0.114398	0.557124	0.917338	0.607327
39	6	-0.0719578	-0.000867677	0.919951	-0.000943177	-0.0402158	0.186733	0.470138	0.397187
39	7	-0.0542424	-0.318928	0.887968	-0.359166	-0.115904	-0.583149	1.11202	-0.524405
39	8	-0.0476593	0.902263	0.913764	0.987413	-0.0431247	0.556258	0.96529	0.57626
39	9	0.0370822	0.670864	1.19929	0.559383	0.0978452	0.766265	1.07586	0.712234
40	0	0.0118938	0.0918257	0.866235	0.106006	-0.00531025	0.122385	0.866235	0.141283
40	1	0.00753131	0.525297	1.0148	0.517636	-0.0176686	0.289749	0.975248	0.297103
40	2	-0.0089456	0.209767	0.958898	0.218759	0.175664	0.66818	1.08236	0.617334
40	3	0.151573	0.430493	0.988874	0.435336	0.074095	0.124648	0.609649	0.204459
40	4	0.074293	0.387288	0.935373	0.414046	-0.0964511	-0.0239795	0.862088	-0.0278156
40	5	-0.127657	-0.0145649	1.07615	-0.0135343	-0.0402028	0.546715	1.11452	0.49054
40	6	0.0378807	0.14445	0.958009	0.150782	0.102873	-0.109753	0.491673	-0.223224
40	7	-0.0954514	0.0742297	0.649483	0.11429	-0.237656	0.126618	0.641226	0.197462
40	8	-0.0850915	0.382122	0.694699	0.550054	0.0457458	0.505709	0.865663	0.584186
40	9	0.0236812	0.0927856	0.764625	0.121348	-0.0522692	0.0331117	0.788466	0.0419951
41	0	-0.0432193	-0.274571	0.986478	-0.278335	0.0124265	-0.29244	0.986478	-0.296448
41	1	0.0940281	0.529549	1.11489	0.474977	0.0343541	0.491546	1.23045	0.399485
41	2	0.0638179	0.06951	0.977023	0.0711447	0.161041	0.100714	1.24353	0.0809904
41	3	0.148401	0.2119	1.06787	0.198432	0.0706581	0.349348	1.41174	0.247459
41	4	0.0720565	0.187128	1.04981	0.17825	0.0724355	0.101131	1.4096	0.0717448
41	5	0.0503736	0.21746	0.983118	0.221194	0.094956	-0.186323	1.41656	-0.131531
41	6	0.131172	0.25792	1.10777	0.232828	0.0349356	0.485479	2.34726	0.206828
41	7	0.0592319	1.09736	1.42928	0.767767	0.0747974	0.423744	0.843356	0.50245
41	8	-0.0161328	0.331516	1.02866	0.32228	0.0680874	0.635331	0.794855	0.799304
41	9	0.0740137	0.499138	0.737064	0.677198	-0.0115422	0.0743892	0.54997	0.135261
42	0	-0.0330821	-0.104873	1.00893	-0.103945	-0.0107228	0.0654398	1.00893	0.0648606
42	1	0.0664165	0.483788	1.09445	0.442035	0.0740837	-0.139956	1.06294	-0.131668
42	2	-0.00702249	0.219948	1.0727	0.205041	-0.0884458	0.333026	0.98076	0.339559
42	3	0.0204333	0.28912	0.856656	0.337499	0.0610373	0.381092	0.884735	0.430741
42	4	0.00236652	0.475918	0.995988	0.477835	-0.0234765	0.439587	0.868142	0.506353
42	5	0.0382078	0.0362572	0.897433	0.040401	0.146893	0.490556	0.79962	0.613487
42	6	0.143908	0.237348	0.684468	0.346763	0.056351	0.197617	0.680186	0.290534
42	7	0.0711985	0.420732	0.899685	0.467644	0.156333	-0.242106	0.793545	-0.305095
42	8	0.0608385	0.0651326	1.04719	0.0621973	-0.0617339	-0.0417706	1.05629	-0.0395445
42	9	-0.0424753	0.336057	0.971541	0.345901	0.0203634	0.226705	0.663983	0.341432
43	0	-0.0300487	-0.161736	0.819414	-0.197381	0.000790925	-0.223556	0.819414	-0.272824
43	1	0.0264317	0.132265	0.862427	0.153364	0.00927828	0.193834	0.910026	0.212998
43	2	0.0102372	-0.00288438	1.01798	-0.00283343	-0.0386094	0.264141	0.746196	0.353983
43	3	-0.0219309	0.258248	0.793922	0.325281	0.0735213	0.0579414	0.814635	0.0711256
43	4	0.029322	0.00720758	1.00087	0.00720129	0.0676832	0.0157005	0.81125	0.0193534
43	5	0.122297	0.356318	1.10032	0.32383	0.0484864	-0.423379	0.69611	-0.608207
43	6	-0.0584288	-0.0429166	0.644978	-0.0665396	-0.0144579	-0.00967647	0.477994	-0.0202439
43	7	0.121711	0.524872	0.790889	0.663648	0.083597	0.379752	0.737019	0.515253
43	8	0.0765014	0.0190152	1.12539	0.0168965	-0.0293252	-0.249824	1.59319	-0.156808
43	9	-0.0835077	0.0402283	1.13522	0.0354366	0.0651277	0.249325	0.848163	0.293959
44	0	0.00346175	0.132174	0.895961	0.147523	0.0598549	0.294506	0.895961	0.328704
44	1	0.0420113	0.367574	1.11448	0.329817	-0.037561	0.163113	1.03586	0.157465
44	2	-0.0102925	-0.142738	0.915305	-0.155946	0.00793213	-0.401061	1.13029	-0.35483
44	3	-0.0287568	0.0414926	1.15485	0.0359291	0.0143755	0.255651	1.20154	0.212768
44	4	0.0410557	0.487345	0.957088	0.509196	0.0573832	0.2867	1.05489	0.271782
44	5	0.0396045	0.424376	1.06908	0.396954	0.16776	-0.325807	0.997997	-0.326461
44	6	0.121167	-0.039397	1.05627	-0.0372983	-0.0104755	-0.0395788	1.61003	-0.0245827
44	7	0.0211646	0.785124	1.02871	0.763214	0.0646458	0.72479	1.19989	0.604044
44	8	0.0948872	0.678069	1.11362	0.608889	-0.100102	0.244957	1.21824	0.201074
44	9	-0.0550538	-0.0515658	0.952381	-0.054144	-0.104927	0.160414	1.05411	0.15218
45	0	0.0477404	0.420368	1.0528	0.399285	0.0637561	0.572556	1.0528	0.54384
45	1	0.0689946	0.932658	1.12433	0.829522	0.0863652	0.932791	1.20049	0.777011
45	2	0.0522926	0.319554	0.899829	0.355128	0.087513	0.117019	0.816403	0.143335
45	3	0.111223	0.295301	0.986352	0.299387	0.0261295	0.313119	1.16303	0.269226
45	4	-0.0274849	0.0118628	0.903581	0.0131286	-0.029015	-0.0995854	0.547475	-0.1819
45	5	-0.0543333	0.305138	0.800795	0.381043	-0.104834	-0.226743	0.772688	-0.293447
45	6	-0.142772	-0.248242	1.05747	-0.234751	-0.0709191	0.0420804	1.20085	0.0350421
45	7	-0.0489861	0.192278	1.24487	0.154457	-0.032469	0.132893	0.922344	0.144081
45	8	0.04732	0.299553	1.06707	0.280725	0.0567702	0.521331	0.742723	0.701918
45	9	0.0567674	-0.0458919	0.979139	-0.0468697	-0.0351468	0.016164	0.961788	0.0168062
46	0	0.010828	0.110652	0.723698	0.152898	-0.0175809	0.350988	0.723698	0.484993
46	1	0.00407278	0.449248	0.891063	0.504171	-0.0318486	0.26087	0.864396	0.301795
46	2	-0.019135	0.366793	1.16763	0.314134	-0.00473635	0.346706	1.50122	0.23095
46	3	-0.0239602	0.00733352	0.931727	0.00787089	-0.0529289	-0.0665647	0.725131	-0.0917969
46	4	-0.029532	0.100306	1.04785	0.0957258	0.0385862	0.354554	0.95097	0.372834
46	5	0.027626	0.380454	1.03095	0.369031	-0.0703244	0.533963	0.878994	0.60747
46	6	0.0654704	0.717613	0.818015	0.877262	0.0460982	0.574549	1.26766	0.453238
46	7	-0.174201	-0.646767	0.986603	-0.65555	-0.137943	-0.337496	1.12733	-0.299377
46	8	-0.104514	0.240425	1.19114	0.201845	0.0223415	0.221046	0.851323	0.25965
46	9	0.0013645	0.428156	0.804024	0.532516	-0.000216389	0.567663	0.597937	0.94937
47	0	0.0323544	0.217732	0.934629	0.232961	0.0750602	0.431321	0.934629	0.461489
47	1	0.021077	0.035492	0.985813	0.0360028	-0.03332	0.0102066	1.005	0.0101559
47	2	-0.0672397	-0.311748	1.01023	-0.308593	-0.0719519	-0.387278	1.15284	-0.335933
47	3	-0.0267321	0.340848	0.975061	0.349566	0.0357825	0.351346	0.951246	0.369354
47	4	0.0757958	0.266863	0.936136	0.285069	-0.0723799	-0.00622412	0.632413	-0.00984185
47	5	-0.0802179	-0.165445	0.782778	-0.211356	-0.161162	0.207045	0.601982	0.343939
47	6	-0.154568	0.672756	0.806126	0.834555	0.0166588	0.0143316	0.73654	0.0194581
47	7	-0.0529824	-0.152123	0.996112	-0.152717	0.0148895	-0.0616943	0.117829	-0.523593
47	8	0.0292308	-0.105516	0.750542	-0.140586	-0.050874	-0.130417	0.64596	-0.201897
47	9	0.0494552	0.430682	0.803158	0.536236	0.0985915	0.327241	0.843094	0.388143
48	0	-0.0136318	0.0870743	1.1556	0.07535	-0.0102599	0.269574	1.1556	0.233277
48	1	-0.00664964	0.220966	1.08225	0.204173	0.0162472	-0.0240943	1.38008	-0.0174586
48	2	0.0459456	0.517006	1.29866	0.398107	0.131686	0.53335	1.59363	0.334675
48	3	0.161461	0.188366	1.14383	0.16468	0.0711856	0.102697	1.17015	0.0877641
48	4	-0.0568413	-0.343281	1.02737	-0.334135	-0.136891	-0.312788	1.23977	-0.252295
48	5	-0.0510588	-0.0122309	1.01209	-0.0120848	0.0354127	0.0904264	0.665644	0.135848
48	6	0.0435047	0.298749	0.908136	0.32897	0.0564488	0.407697	1.18193	0.344943
48	7	0.0798856	-0.201496	0.867858	-0.232176	0.200338	-0.0616352	1.53751	-0.0400878
48	8	0.215926	0.342449	1.21249	0.282435	0.129678	0.218157	1.70812	0.127718
48	9	0.113485	0.537429	1.14815	0.468082	0.0198751	0.0585232	1.08655	0.0538614
49	0	0.0270506	0.260128	0.880792	0.295334	0.0644137	0.34799	0.880792	0.395088
49	1	0.0156671	0.154402	0.958019	0.161168	-0.00984396	-0.234954	0.632114	-0.371696
49	2	-0.0428895	0.165824	0.966411	0.171587	-0.0377458	0.154678	0.824371	0.187632
49	3	0.0478119	-0.0805375	1.00601	-0.0800562	0.0254888	0.159013	0.645359	0.246394
49	4	0.0342405	0.445939	0.793693	0.561853	0.0923857	0.37898	0.666853	0.568312
49	5	0.0109551	0.0670912	0.779226	0.0860998	-0.109528	-0.23079	0.860761	-0.268123
49	6	-0.0473603	0.341524	1.00506	0.339806	0.0197828	0.512026	0.906934	0.564569
49	7	-0.0477269	0.258171	1.08592	0.237744	0.0126173	0.448654	0.736629	0.609065
49	8	0.10372	0.556447	1.07909	0.515664	0.0303459	0.323375	1.14667	0.282012
49	9	0.0154715	0.186977	0.91967	0.203309	0.0883439	0.108973	0.666825	0.163421
50	0	0.0518689	0.38083	0.628878	0.60557	0.0553419	0.443116	0.628878	0.704614
50	1	0.0179541	0.11433	0.772634	0.147974	-0.0144414	0.381478	0.868409	0.439283
50	2	-0.0298262	0.15228	1.02937	0.147934	0.0478134	0.0333608	0.895499	0.0372539
50	3	0.0547605	-0.157099	0.974252	-0.161251	-0.0184399	-0.0538891	0.929473	-0.0579781
50	4	-0.00460506	0.407294	0.877551	0.464126	-0.0590399	0.263246	0.595431	0.442111
50	5	-0.108772	0.145535	0.878904	0.165587	-0.18916	-0.0125199	0.779425	-0.016063
50	6	-0.205816	-0.086925	0.73236	-0.118692	-0.0498256	0.146222	0.353304	0.413871
50	7	0.068986	-0.249667	0.661018	-0.377701	0.114485	-0.186078	0.658406	-0.282618
50	8	0.0899468	0.685003	1.17468	0.583142	0.0280079	0.494655	0.906756	0.545522
50	9	-0.00853781	0.661241	1.07421	0.615559	-0.0393178	0.302125	1.20448	0.250835
51	0	-0.00740184	0.612568	1.15965	0.528234	0.0147059	0.976953	1.15965	0.842452
51	1	0.0274431	0.496758	1.03588	0.47955	0.00969892	0.266062	0.770915	0.345125
51	2	0.0218187	0.133103	1.15942	0.114801	0.0721273	0.380968	1.41703	0.268849
51	3	0.0154067	0.141463	1.13993	0.124098	-0.0084178	-0.00108978	0.927614	-0.00117482
51	4	-0.00457871	0.264906	0.983316	0.269401	-0.0127663	0.0556173	0.86206	0.0645168
51	5	0.00821696	0.233473	0.89642	0.26045	-0.0610817	0.449686	0.520842	0.863382
51	6	-0.00439059	0.344021	0.860456	0.399812	0.174155	0.539593	1.5581	0.346316
51	7	0.194471	0.459815	0.984068	0.467259	0.20773	0.05612	0.36118	0.15538
51	8	0.161391	0.465322	0.738027	0.630494	0.0626905	0.238638	0.545425	0.437526
51	9	0.0237673	0.310256	0.78807	0.39369	0.0585445	0.131193	0.699204	0.187632
52	0	0.00232606	0.199039	0.893375	0.222794	-0.0204843	0.237843	0.893375	0.26623
52	1	-0.0320011	-0.01719	0.936514	-0.0183553	-0.0131483	-0.0264414	0.949106	-0.0278593
52	2	-0.0126326	0.0621799	0.921866	0.06745	-0.0173514	0.15217	1.0138	0.150099
52	3	0.00340709	0.0199506	0.850422	0.0234597	0.0164032	0.0671036	0.652661	0.102815
52	4	-0.00234882	0.223108	0.927592	0.240524	0.014101	-0.145221	0.94928	-0.15298
52	5	0.0443171	0.426422	1.0446	0.408215	0.223791	0.160501	0.87914	0.182566
52	6	0.259473	0.701919	1.03598	0.677542	0.0822645	0.511559	1.56679	0.326502
52	7	-0.0653051	0.261689	1.19675	0.218666	-0.108108	0.0366976	0.279363	0.131362
52	8	-0.0265512	0.615477	1.1566	0.532145	0.141053	0.101336	1.47537	0.0686853
52	9	0.218073	0.381377	1.14304	0.333651	0.183269	0.154144	1.10517	0.139475
53	0	-0.00818134	0.115206	1.09919	0.10481	0.0538778	0.20842	1.09919	0.189613
53	1	0.0629227	0.233826	1.14506	0.204204	-0.00196563	-0.110993	1.59344	-0.069656
53	2	-0.0120217	-0.0910722	1.20638	-0.0754921	-0.0388456	0.0466937	1.12748	0.0414144
53	3	0.0235824	0.633237	0.965509	0.655858	0.0688134	0.482703	0.93293	0.517405
53	4	0.192212	0.866064	1.08051	0.801532	0.244061	0.75872	1.15807	0.655158
53	5	0.0713664	0.00400765	1.10924	0.00361299	-0.105893	-0.00881453	1.06678	-0.00826271
53	6	-0.0970851	0.0631679	1.12996	0.0559028	-0.0592591	0.385167	1.50383	0.256124
53	7	0.00444195	0.150553	1.17998	0.127589	0.0691067	0.584973	1.18273	0.494594
53	8	0.0290905	0.533648	0.850051	0.627783	0.0323577	0.4652	0.821919	0.565993
53	9	-0.0717242	0.26756	1.27238	0.210283	-0.0914931	0.129577	1.1198	0.115714
54	0	-0.00788426	-0.0398033	0.96931	-0.0410635	0.0312015	-0.155464	0.96931	-0.160386
54	1	0.000834505	0.0943724	1.0273	0.0918648	0.0206439	0.128343	0.715509	0.179372
54	2	0.0422772	-0.123857	1.13244	-0.109372	0.0347265	0.00670438	0.667851	0.0100387
54	3	0.0356674	0.266577	0.914296	0.291566	0.0194573	0.324222	0.73184	0.443023
54	4	0.0761771	0.280134	0.986489	0.28397	0.0479784	0.0759255	0.944735	0.080367
54	5	0.0292081	0.688703	1.1446	0.601696	0.126241	0.235182	1.98537	0.118458
54	6	0.120763	-0.337238	1.26599	-0.266383	0.0124317	0.0355862	0.231376	0.153802
54	7	0.04606	0.329749	0.65119	0.506379	0.0415137	0.347648	0.64099	0.542361
54	8	-0.00855049	0.419227	0.86101	0.486901	-0.092564	0.14265	0.689581	0.206865
54	9	-0.138362	0.23813	1.023	0.232777	0.0301718	0.351002	1.6189	0.216815
55	0	0.0368151	0.198279	0.771407	0.257036	0.0869136	0.0973251	0.771407	0.126166
55	1	0.0410642	-0.132045	0.862033	-0.153178	0.0133836	-0.0421995	0.619782	-0.0680875
55	2	0.0127262	0.207707	0.800794	0.259376	-0.0427198	0.183249	0.683708	0.268023
55	3	0.0505004	0.702446	0.822529	0.854008	0.106818	0.66291	0.949821	0.697932
55	4	0.149874	0.539335	1.06293	0.507402	0.132369	0.774127	0.964892	0.802294
55	5	-0.00270277	0.555366	1.04413	0.531895	0.0712801	0.371214	1.18901	0.312204
55	6	0.0928525	-0.336174	0.962121	-0.349409	-0.174835	0.0041595	0.57044	0.00729175
55	7	-0.218903	0.136729	1.17311	0.116552	-0.00500323	0.039767	1.36704	0.0290899
55	8	0.106901	0.650964	1.01573	0.64088	0.0707595	0.277844	0.556615	0.499167
55	9	0.00120339	0.292192	0.73804	0.395903	0.0574333	-0.158854	0.603658	-0.263153
56	0	0.0658381	0.39384	0.976799	0.403194	0.20521	0.744418	0.976799	0.7621
56	1	0.240466	0.679666	1.09393	0.621307	0.137743	0.76282	1.427	0.534563
56	2	0.03401	-0.2729	1.10242	-0.247547	-0.0674677	-0.348971	0.799397	-0.436543
56	3	-0.0987007	-0.0548708	0.935932	-0.058627	-0.055336	-0.327756	0.763172	-0.429465
56	4	-0.0363792	-0.525893	1.00979	-0.520795	-0.0373403	-0.474594	0.982897	-0.482852
56	5	-0.040243	0.350806	0.924801	0.379331	-0.0472481	0.00574612	0.872912	0.00658271
56	6	-0.00265929	-0.366544	0.907321	-0.403985	0.166301	0.328492	0.754028	0.43565
56	7	0.269715	0.722634	1.04305	0.692806	0.0795203	0.534679	1.04529	0.511512
56	8	-0.0593063	0.38559	1.00513	0.383621	-0.0304127	0.297019	0.776056	0.382729
56	9	0.032681	0.40492	0.927474	0.436584	-0.050082	0.170611	1.27026	0.134312
57	0	0.00841304	0.0882541	0.880776	0.1002	-0.0436815	0.038192	0.880776	0.0433617
57	1	-0.0796254	0.0374368	0.811465	0.0461348	0.0254516	-0.174047	0.912993	-0.190633
57	2	0.0145448	0.226443	0.883464	0.256313	-0.044857	0.296936	0.873309	0.340012
57	3	-0.0064507	0.248527	0.941148	0.264068	-0.072685	-0.0300562	0.596727	-0.0503684
57	4	-0.0711923	-0.172772	0.876179	-0.197189	-0.0222326	-0.0194478	0.930367	-0.0209034
57	5	-0.0341389	0.00356947	1.10844	0.00322027	0.0443179	-0.0356315	0.824617	-0.0432098
57	6	0.181085	0.629558	0.840964	0.748615	0.155917	0.502302	1.25427	0.400472
57	7	0.0746633	0.808537	0.941483	0.858791	0.0646707	0.437205	0.563879	0.775353
57	8	-0.0392568	-0.107002	0.657066	-0.162847	-0.11276	0.157161	0.738054	0.21294
57	9	-0.00192766	0.263176	0.759218	0.34664	0.0671047	0.0513174	0.743115	0.0690572
58	0	-0.00453199	0.388624	0.745737	0.521127	-0.0571284	0.444166	0.745737	0.595606
58	1	0.0162495	0.811744	0.880779	0.921621	0.131082	1.01413	1.1203	0.905225
58	2	0.0479948	0.119677	1.24816	0.0958827	-0.01258	-0.269995	1.16927	-0.230909
58	3	0.0388759	0.147922	1.15437	0.128141	0.013625	0.312466	1.65729	0.18854
58	4	-0.0476969	0.125523	1.07859	0.116376	0.0550109	-0.0142452	1.13279	-0.0125753
58	5	0.108134	0.75097	1.06589	0.704545	-0.0369039	0.388469	1.38233	0.281025
58	6	0.146374	0.729261	1.52997	0.47665	0.248877	1.13	1.59898	0.706704
58	7	0.0388088	-0.19234	1.55923	-0.123355	-0.0531251	-0.0177376	1.14135	-0.0155409
58	8	-0.0160301	-0.103036	0.816875	-0.126134	0.0221246	-0.175065	0.868817	-0.201498
58	9	0.00121727	0.201237	0.809252	0.24867	0.138959	0.158606	0.789408	0.200918
59	0	0.028259	0.132874	1.07258	0.123883	0.0758662	0.196414	1.07258	0.183123
59	1	0.120273	0.654528	1.10384	0.592955	0.0616259	0.682064	1.14211	0.597194
59	2	0.0169427	0.215398	1.08104	0.199251	0.0732388	0.12384	1.6706	0.0741293
59	3	0.0663317	0.266169	1.31087	0.203047	0.0212609	-0.0720439	1.10504	-0.0651955
59	4	0.0701695	0.798161	0.974293	0.819221	0.148964	0.48765	1.05007	0.464398
59	5	0.110921	0.399419	1.05576	0.378323	0.0395519	0.764606	1.27531	0.599545
59	6	-0.0138136	0.0679016	1.21505	0.0558838	0.0126034	0.055181	1.50795	0.0365934
59	7	0.177973	0.252467	1.13651	0.222142	0.293144	0.819695	1.66422	0.492539
59	8	0.103592	0.312615	1.56651	0.199561	-0.0748133	0.173716	1.64923	0.105332
59	9	-0.0895572	0.235355	1.15464	0.203835	-0.0714136	0.0738944	1.23864	0.0596576
60	0	0.00161485	0.217051	1.08336	0.20035	0.00227099	0.369473	1.08336	0.341045
60	1	-0.00808442	0.356895	0.98852	0.36104	-0.00503931	0.127078	0.906691	0.140156
60	2	0.0316847	0.0623048	0.943762	0.0660175	0.0967744	-0.0494563	1.0231	-0.0483395
60	3	0.0737843	0.253039	1.12715	0.224494	0.0144484	0.179882	1.13722	0.158177
60	4	0.0358095	0.697313	0.977821	0.713129	0.0291657	0.372844	1.46116	0.25517
60	5	0.0118487	0.142186	1.25668	0.113144	-0.0960595	-0.106256	1.3491	-0.0787607
60	6	-0.0378134	0.17432	1.31451	0.132612	0.133738	0.580694	1.21168	0.479248
60	7	0.0417824	0.323842	1.05967	0.305608	0.00481913	-0.128148	0.583442	-0.219641
60	8	0.0442033	0.690531	1.10307	0.626007	0.0595437	0.632705	1.32094	0.47898
60	9	0.0122324	0.0217801	1.01136	0.0215355	0.0383512	0.0970047	0.976372	0.0993521
61	0	0.0103566	0.15645	0.899177	0.173992	0.0202722	0.175263	0.899177	0.194915
61	1	0.0506066	0.628339	1.09385	0.574428	0.0773133	0.348598	0.683365	0.51012
61	2	0.000520183	0.376503	0.879723	0.427979	-0.0717576	0.374207	1.09296	0.34238
61	3	-0.0105311	0.022244	0.930013	0.023918	-0.00527855	0.0870508	0.807284	0.107832
61	4	0.00291159	0.369349	0.866619	0.426195	0.0830271	0.129708	0.833938	0.155537
61	5	0.0849258	0.210771	0.699763	0.301204	0.000234507	-0.0146624	0.575727	-0.0254676
61	6	-0.0782868	0.127174	0.712467	0.178498	-0.148078	0.188959	0.422523	0.447216
61	7	-0.0414409	-0.0238193	0.616699	-0.0386239	0.0230578	0.118508	1.01689	0.11654
61	8	-0.0150637	0.405561	0.93903	0.431894	0.0365685	-0.0415191	0.545504	-0.0761115
61	9	-0.0118802	0.415946	1.09538	0.37973	-0.0470805	-0.00788099	0.80844	-0.0097484
62	0	0.00147902	0.304	0.813203	0.37383	0.0643813	0.468639	0.813203	0.576287
62	1	0.0754336	0.304154	1.03727	0.293227	0.0921225	-0.146596	0.960804	-0.152576
62	2	0.0915484	0.321217	0.930855	0.345077	-0.0283686	0.13227	1.03279	0.12807
62	3	0.013871	0.332106	0.949371	0.349817	0.0716467	0.404182	1.24873	0.323674
62	4	0.0377703	0.279897	0.895047	0.312718	0.0532321	0.0173298	0.844515	0.0205204
62	5	0.114712	0.647225	1.05865	0.611367	0.110036	0.108712	1.00296	0.108391
62	6	-0.0520605	-0.411173	0.902498	-0.455594	-0.00431493	-0.412523	1.06816	-0.3862
62	7	0.101457	0.384995	1.11037	0.346726	0.0882996	0.356183	0.690051	0.516169
62	8	0.0405184	0.127849	0.831926	0.153678	-0.0192872	-0.163581	0.920256	-0.177756
62	9	0.00402226	0.214585	0.911491	0.235422	0.00582858	0.481103	0.728769	0.660158
63	0	0.106607	0.579988	0.999297	0.580396	0.110201	0.818389	0.999297	0.818965
63	1	0.108999	0.617143	1.08682	0.567846	0.189499	0.340887	0.961067	0.354697
63	2	0.126292	0.219002	0.938616	0.233324	0.0556232	-0.0482307	0.645356	-0.074735
63	3	0.0565428	0.370417	0.85688	0.432286	0.0273798	0.16693	0.735431	0.226983
63	4	-0.0663662	0.144906	1.01266	0.143095	-0.0463477	-0.0549488	0.835966	-0.0657309
63	5	-0.0505605	0.00308342	0.986721	0.00312491	-0.169334	-0.260907	1.18277	-0.220589
63	6	-0.0517936	0.189118	0.839802	0.225193	0.0124627	0.215703	0.672304	0.320842
63	7	0.0428255	0.517114	0.748751	0.690635	0.163615	0.426023	0.79789	0.533936
63	8	0.100827	-0.0557938	0.880796	-0.0633448	0.10237	-0.104937	0.438402	-0.239363
63	9	0.158781	-0.00487997	1.00792	-0.00484163	0.138832	0.357781	1.15814	0.308926
64	0	0.0080359	-0.0932428	0.892908	-0.104426	0.0120732	-0.108609	0.892908	-0.121635
64	1	-0.0485562	-0.254684	0.903032	-0.282032	-0.00346381	-0.192879	0.99635	-0.193586
64	2	0.0745228	0.860359	1.10271	0.780224	0.0955877	0.420891	0.692878	0.607453
64	3	0.0538982	0.445892	1.06907	0.417082	0.0125132	0.503037	0.841858	0.597532
64	4	0.027666	0.612057	1.04184	0.587475	0.00532699	0.596034	1.13851	0.52352
64	5	0.0422811	0.426684	1.04045	0.410094	0.257274	0.285175	1.02844	0.277288
64	6	0.263697	1.13805	1.25989	0.903293	-0.0717428	0.393211	1.57168	0.250185
64	7	-0.241919	-0.117689	1.0976	-0.107224	-0.117374	0.343425	1.74255	0.197081
64	8	0.0155698	0.103625	1.04953	0.0987343	-0.0368122	0.0389175	0.484449	0.0803336
64	9	-0.0352174	0.411502	1.09424	0.376064	0.142673	0.502543	1.0617	0.473337
65	0	0.00118207	0.0703347	0.756162	0.0930153	0.0373977	-0.0753333	0.756162	-0.0996258
65	1	0.0696073	0.528165	0.966646	0.546389	0.0943209	0.785496	0.991121	0.792532
65	2	0.0417418	0.583445	1.00128	0.582697	-0.0350471	0.242667	1.0131	0.239528
65	3	-0.0223848	0.279951	1.09275	0.25619	-0.0354456	-0.0786411	0.988385	-0.0795653
65	4	-0.00979569	0.244863	1.14236	0.214348	0.041581	0.415652	1.20796	0.344094
65	5	-0.0513378	-0.0109527	0.935158	-0.0117122	-0.0640661	-0.21513	1.00189	-0.214724
65	6	-0.0145686	0.283192	1.31157	0.215918	0.0686214	0.161908	1.3096	0.123632
65	7	0.195499	0.785328	1.0603	0.740668	0.130579	0.00873153	0.857988	0.0101768
65	8	0.0625223	0.0215606	1.16765	0.018465	0.0720112	0.197222	1.66672	0.118329
65	9	0.00413062	0.542563	1.18325	0.458536	0.0488152	0.00525872	0.84839	0.00619847
66	0	-0.00780996	0.0790521	1.73482	0.0455679	0.0761742	0.155546	1.73482	0.0896609
66	1	0.146635	0.320471	1.19014	0.269271	0.117055	0.342911	1.06717	0.321328
66	2	0.0606333	0.00840732	0.965873	0.00870437	0.0233802	0.161637	1.10049	0.146877
66	3	0.00198314	0.305405	0.989172	0.308748	-0.0191741	0.022941	0.756473	0.0303263
66	4	0.016484	0.320733	1.03199	0.310789	0.0471149	0.295932	0.59124	0.500528
66	5	0.0614585	0.377789	0.793341	0.4762	0.0077301	0.496672	0.616758	0.805294
66	6	-0.0663474	0.363286	0.686486	0.529197	-0.0352509	0.135975	0.620921	0.21899
66	7	0.0643081	0.881104	0.808428	1.0899	0.180854	0.501208	0.614837	0.815188
66	8	0.134597	0.978819	1.0904	0.89767	0.0192939	0.686874	1.18762	0.578363
66	9	-0.0368077	0.250874	1.07394	0.233602	-0.0595325	0.405877	0.978049	0.414987
67	0	0.015948	0.0352774	1.22072	0.0288989	0.0837016	0.116276	1.22072	0.0952521
67	1	0.107502	0.362295	1.11974	0.323553	0.100566	-0.0719879	1.10673	-0.0650457
67	2	0.160048	0.471009	1.02973	0.457411	0.0862935	0.576546	1.11457	0.517283
67	3	-0.0411259	0.443685	1.07419	0.41304	-0.0752689	0.127975	0.982078	0.13031
67	4	0.0199717	0.171989	1.02231	0.168236	0.0382051	0.537917	1.56426	0.34388
67	5	0.0109751	0.288648	1.47014	0.196341	-0.110764	0.215297	1.43743	0.149779
67	6	-0.159819	-0.448402	1.14451	-0.391785	-0.0325404	0.038577	1.03792	0.0371677
67	7	0.0453315	1.2408	0.826009	1.50216	0.0619924	1.26937	1.41552	0.896752
67	8	0.0818499	1.09443	1.12487	0.972938	0.21325	0.855568	1.36055	0.628841
67	9	0.183576	0.367842	1.01722	0.361615	-0.00188868	0.111654	1.20697	0.0925074
68	0	0.00842929	0.0865741	1.22032	0.0709435	0.0292611	0.0422767	1.22032	0.0346438
68	1	-0.0158697	-0.169289	1.01853	-0.166209	-0.0290653	-0.410064	1.02667	-0.399413
68	2	0.0787818	0.550702	1.09359	0.503571	0.083431	0.656096	1.21307	0.540857
68	3	0.0637042	0.374386	0.999311	0.374644	0.0377543	0.377381	1.07116	0.35231
68	4	0.00449636	-0.173597	0.847076	-0.204936	0.000527123	0.269986	0.869524	0.310499
68	5	-0.00292243	0.30845	0.927657	0.332504	-0.00713234	0.0134904	1.1853	0.0113813
68	6	-0.0562349	0.221657	0.818547	0.270794	-0.0271222	0.136095	0.920801	0.147801
68	7	-0.000910183	0.414194	0.682835	0.60658	-0.033367	0.292692	1.0724	0.272932
68	8	0.00087891	0.797028	0.831413	0.958643	-0.0143682	0.379616	0.940279	0.403727
68	9	-0.00630182	-0.0682666	0.81219	-0.0840525	0.0369716	-0.462801	0.960643	-0.481762
69	0	0.0326636	0.125296	1.13562	0.110333	0.0373881	0.26915	1.13562	0.237007
69	1	0.019571	0.411993	1.03311	0.398788	-0.00319906	0.334576	1.32603	0.252313
69	2	0.00299359	0.324358	1.08514	0.298909	-0.0150815	0.191115	0.903135	0.211613
69	3	0.0316312	0.432386	0.866032	0.499273	0.0438633	0.315909	0.71753	0.440273
69	4	0.0372552	0.535777	0.979887	0.546774	0.0450562	0.202999	0.635352	0.319506
69	5	0.109361	0.349097	0.786239	0.444009	0.118685	0.976088	1.11351	0.876583
69	6	-0.0571759	0.302174	1.2316	0.245351	-0.0577306	-0.100791	0.631693	-0.159557
69	7	0.0228988	-0.121718	0.632015	-0.192588	0.0401482	-0.276475	0.631438	-0.43785
69	8	0.0345129	0.251387	0.711583	0.353279	-0.0123277	-0.061132	0.981366	-0.0622928
69	9	-0.0240603	-0.116752	0.903703	-0.129193	0.0217386	0.234604	1.07157	0.218935
70	0	0.0590475	0.254284	1.2604	0.201749	0.091065	0.281603	1.2604	0.223424
70	1	0.100033	0.495297	1.1196	0.442386	0.111509	0.475463	1.72766	0.275206
70	2	0.04232	0.748853	1.40127	0.534412	-0.0696285	0.416024	1.48003	0.281092
70	3	-0.00483507	0.288467	1.2045	0.239492	0.0789255	0.216661	0.905002	0.239404
70	4	0.0349208	-0.123031	1.06119	-0.115937	0.0259062	0.0890261	0.891938	0.099812
70	5	0.0266405	0.405858	0.722781	0.561523	-0.0286991	-0.309898	1.0148	-0.305377
70	6	0.0380313	-0.130579	0.840003	-0.155451	0.0366746	-0.590981	1.85611	-0.318398
70	7	0.0555886	0.524775	1.24239	0.422393	0.0695937	0.35039	2.71804	0.128913
70	8	-0.0615525	-0.153222	1.20686	-0.126959	0.0490522	-0.280642	1.14728	-0.244614
70	9	0.065018	0.219826	1.02626	0.2142	-0.0718642	0.0714403	0.845688	0.0844759
71	0	0.0221116	0.201595	0.842323	0.239332	-0.0182251	0.329129	0.842323	0.390739
71	1	-0.0636028	-0.0437624	0.98604	-0.0443819	0.00637622	-0.251199	0.9044	-0.277752
71	2	0.154891	0.503121	1.01306	0.496636	0.212949	0.700803	0.884199	0.792585
71	3	0.187625	0.590021	0.913175	0.64612	0.0954023	0.544136	1.13203	0.480674
71	4	0.0106129	0.157023	1.00132	0.156816	-0.0441043	0.390809	1.04429	0.374233
71	5	-0.125625	0.309413	1.10786	0.279289	-0.0246121	0.16754	0.884583	0.1894
71	6	0.00807327	0.339245	1.14089	0.297351	-0.0192283	0.27481	0.420138	0.654094
71	7	0.0168886	0.284121	0.848465	0.334865	0.0347202	0.367813	1.10198	0.333775
71	8	0.00788654	0.1523	1.15459	0.131908	-0.0435254	-0.066245	1.26757	-0.0522614
71	9	-0.0280024	0.0907521	1.02783	0.0882949	0.0232525	0.366732	0.846125	0.433425
72	0	0.0239601	0.197724	1.16453	0.169789	-0.0311613	-0.0777918	1.16453	-0.0668013
72	1	0.0228237	0.28063	0.963881	0.291146	0.0951662	0.540238	0.999094	0.540728
72	2	0.0538023	0.527674	0.940469	0.561075	0.0521898	0.60589	0.774319	0.782482
72	3	-0.0015402	0.0170099	1.00669	0.0168968	-0.0231617	-0.143677	1.52648	-0.0941229
72	4	-0.00858487	0.247265	0.962225	0.256972	-0.0612782	0.348657	1.24302	0.280491
72	5	0.00667778	0.0653847	1.27996	0.0510833	0.23986	0.147729	1.1599	0.127363
72	6	0.178202	0.00962099	1.13404	0.00848381	0.0372304	0.30617	0.966891	0.316654
72	7	-0.0456582	-0.469342	0.804503	-0.583393	-0.0535433	-0.185194	0.61549	-0.300889
72	8	0.0342663	0.316087	0.868711	0.363857	-0.00644097	-0.0166044	0.963865	-0.0172269
72	9	-0.0349711	0.107611	1.03305	0.104168	0.0439421	0.0211801	1.23065	0.0172105
73	0	0.0575872	0.35096	0.936404	0.374796	0.0870077	0.421432	0.936404	0.450053
73	1	0.0692883	0.280316	0.972451	0.288257	0.0730414	0.243968	0.768057	0.317642
73	2	0.0795287	0.168218	0.906385	0.185593	0.0589757	0.0634038	0.864609	0.0733324
73	3	0.0618971	0.295562	1.02416	0.288589	-0.0452147	0.296398	0.914256	0.324196
73	4	-0.0260853	0.660041	0.920537	0.717017	0.091865	0.884237	0.913456	0.968012
73	5	0.0300384	0.810679	1.06137	0.763802	-0.176711	0.288694	1.12696	0.256172
73	6	-0.222429	-0.870448	1.11036	-0.783933	-0.104008	0.187168	0.819047	0.22852
73	7	0.000588404	0.122302	0.958952	0.127538	0.0559664	0.182886	0.674528	0.271131
73	8	-0.00863052	0.107736	1.13959	0.0945388	-0.0610225	0.198634	0.951229	0.208818
73	9	-0.0562365	-0.0510683	1.0007	-0.0510327	0.13189	-0.036219	0.484943	-0.0746871
74	0	0.00701797	0.0803953	1.39405	0.0576702	-0.0432317	0.00603709	1.39405	0.0043306
74	1	0.0198907	0.519319	1.05709	0.491273	-0.0201576	0.533289	1.06954	0.498616
74	2	-0.180415	-0.322533	1.14127	-0.282609	-0.10079	-0.330513	1.23105	-0.26848
74	3	0.0163599	-0.0403099	1.03792	-0.0388373	-0.0110694	0.324194	0.881126	0.367932
74	4	0.0184628	0.722865	1.04519	0.691609	0.0374582	0.266883	1.03441	0.258006
74	5	-0.0186368	-0.376098	1.05322	-0.357094	0.0182667	-0.282633	1.00778	-0.28045
74	6	0.000420682	0.45121	1.01797	0.443243	0.116387	0.0236939	1.14926	0.0206165
74	7	0.167377	0.0550467	0.956748	0.0575352	-0.0379337	0.231893	0.530418	0.437189
74	8	0.0214348	0.612308	1.13622	0.538897	0.0781765	0.0728482	0.978414	0.0744553
74	9	-0.0654684	-0.0348092	1.01813	-0.0341892	-0.0350477	-0.420648	0.874075	-0.481249
75	0	0.0359716	0.267969	1.00164	0.26753	0.0453004	0.385548	1.00164	0.384917
75	1	0.112299	0.365573	1.05989	0.344917	0.115265	0.254197	0.813667	0.312409
75	2	0.0390188	0.0997268	0.986618	0.101079	0.0383215	0.127645	1.01325	0.125976
75	3	-0.015249	-0.0210892	1.05702	-0.0199515	-0.0114401	0.0950581	1.122	0.084722
75	4	0.0729323	0.738279	0.979549	0.753693	-0.045003	0.557508	1.36852	0.407381
75	5	-0.0795914	0.308534	0.933192	0.330622	0.0313294	0.160875	0.812538	0.197991
75	6	-0.0355568	-0.307027	1.22593	-0.250443	0.198612	-0.191298	1.41458	-0.135232
75	7	0.19538	-0.123355	1.07783	-0.114448	-0.0434239	-0.521623	0.698341	-0.746947
75	8	0.038231	0.248756	1.03098	0.241281	0.00679951	0.249474	1.18697	0.210177
75	9	0.0185819	-0.0261564	1.17888	-0.0221876	0.0740269	-0.0784789	0.820753	-0.0956182
76	0	0.00488006	0.24278	1.07834	0.225143	0.0471017	0.253843	1.07834	0.235402
76	1	0.026869	-0.00896911	1.05607	-0.0084929	0.0222866	-0.336116	1.32612	-0.253458
76	2	0.0434969	-0.128166	1.08475	-0.118152	0.0212242	0.11747	1.11705	0.105161
76	3	0.0138318	0.159717	0.993229	0.160805	0.0218457	0.0498581	1.28315	0.0388562
76	4	0.0175198	0.373826	1.11123	0.336407	0.0329894	-0.0498065	0.880986	-0.0565349
76	5	0.053898	0.315627	1.12848	0.279691	-0.079154	-0.262944	1.37526	-0.191196
76	6	-0.116889	-0.524706	1.54925	-0.338685	-0.0434592	-0.262013	1.3257	-0.197642
76	7	0.0203078	1.15324	1.19871	0.962061	0.0639118	1.11495	2.37244	0.469962
76	8	-0.0144654	0.0480195	1.26726	0.0378925	-0.095807	-0.205923	0.488363	-0.421659
76	9	-0.0372855	-0.0923971	0.85713	-0.107798	0.0536941	0.0585506	0.645742	0.0906718
77	0	-0.0212475	-0.1771	1.03961	-0.170353	-0.0385211	-0.437776	1.03961	-0.421098
77	1	0.122166	0.361239	0.953881	0.378705	0.201226	0.743039	1.10604	0.671801
77	2	0.149363	0.708163	1.11678	0.634112	0.0953626	0.618571	1.09446	0.565182
77	3	0.0759386	0.185184	0.933362	0.198405	0.0715938	0.580421	0.975868	0.594774
77	4	0.0117921	0.634621	1.03962	0.610434	-0.0864196	0.135277	0.721405	0.187519
77	5	-0.0297749	0.0995989	0.809387	0.123055	0.0429007	0.153161	0.996443	0.153708
77	6	-0.101562	-0.23814	0.91696	-0.259706	0.0216615	0.101585	1.01073	0.100506
77	7	0.0516139	0.0320634	0.927789	0.0345589	-0.0031723	0.0300079	0.307539	0.0975745
77	8	0.0595212	0.184135	0.966292	0.190559	0.0519933	0.197346	0.866629	0.227716
77	9	0.0381793	-0.0857845	1.00032	-0.0857573	0.0572141	-0.332	1.0871	-0.305398
78	0	0.0187202	0.506139	1.05683	0.47892	0.0653162	0.53095	1.05683	0.502397
78	1	0.0706875	0.267231	1.06904	0.249972	-0.00760932	0.138223	0.864016	0.159977
78	2	-0.0395171	0.359822	0.968618	0.37148	-0.0611609	0.527724	1.11147	0.4748
78	3	-0.034261	0.0223565	1.06385	0.0210147	0.0174141	0.341365	1.03165	0.330893
78	4	0.0623567	0.452405	0.992005	0.456051	0.0681818	0.395341	0.845305	0.467691
78	5	-0.00592832	0.329327	0.975475	0.337607	0.0284699	0.497746	1.41826	0.350955
78	6	0.106378	-0.0196917	0.990024	-0.0198902	-0.0123105	-0.163747	0.951521	-0.17209
78	7	0.0806127	0.406169	0.949989	0.427551	0.175103	0.334521	0.701308	0.476995
78	8	0.000560454	0.536209	1.13494	0.472456	-0.092628	0.363642	0.535432	0.679156
78	9	-0.0672998	0.127902	1.04539	0.122349	-0.0263667	0.525281	1.39618	0.376227
79	0	0.0189794	-0.00405789	0.948506	-0.00427818	0.0450568	-0.0535937	0.948506	-0.0565033
79	1	0.0507124	0.438841	1.16659	0.376175	0.0048696	0.0423479	1.08634	0.0389822
79	2	-0.019359	-0.0333917	1.0775	-0.03099	0.00699701	0.247623	0.972237	0.254694
79	3	-0.00533048	-0.113181	0.822299	-0.137639	0.0917662	0.0472094	0.899907	0.0524603
79	4	0.0878919	0.152383	0.995211	0.153116	-0.0743886	-0.0753497	0.669866	-0.112485
79	5	-0.0837419	0.0630546	0.947956	0.0665164	0.0088617	-0.257141	0.816839	-0.314801
79	6	0.0200743	-0.428541	0.774472	-0.553333	-0.0510583	-0.24495	1.07348	-0.228183
79	7	0.00338905	-0.00392614	1.02264	-0.00383923	0.0391871	-0.0558022	1.43444	-0.0389017
79	8	0.0636669	0.711636	1.07379	0.662734	0.123513	0.484271	0.532152	0.910024
79	9	0.0898703	0.378406	0.855655	0.442242	0.00825493	0.302752	0.903262	0.335176
80	0	0.0165674	0.212912	1.27822	0.166569	-0.0238079	0.242308	1.27822	0.189567
80	1	-0.00996542	0.261069	0.887464	0.294174	0.121101	0.00705218	1.03048	0.0068436
80	2	0.0496933	0.00520491	0.988181	0.00526717	-0.0914891	0.0205483	0.805568	0.0255079
80	3	-0.028136	0.377086	0.874033	0.431432	0.0331066	0.265818	0.903933	0.294069
80	4	0.00540034	0.189819	0.831592	0.22826	0.0797529	0.210579	0.553331	0.380566
80	5	0.113719	0.295854	0.7659	0.386283	0.0645985	0.422512	0.657195	0.642902
80	6	0.0982507	0.0312142	1.30645	0.0238923	-0.0493203	0.338773	2.03012	0.166874
80	7	-0.152268	0.162128	1.16866	0.138729	-0.0134151	0.414837	0.83551	0.496508
80	8	-0.00937539	-0.0683329	0.977964	-0.0698726	-0.0564345	-0.227074	1.34644	-0.168647
80	9	-0.0522884	0.00676104	1.11314	0.00607384	0.00516033	0.131361	0.949561	0.138339
81	0	0.0637645	0.424412	1.00237	0.423408	0.0947787	0.609653	1.00237	0.608212
81	1	0.0742448	0.562419	0.962103	0.584572	0.125568	0.642746	1.23263	0.521445
81	2	0.139383	0.737023	1.0889	0.676849	0.0927792	0.635555	1.04424	0.60863
81	3	0.0895492	0.136589	1.07991	0.126481	0.079692	0.268738	0.460498	0.583581
81	4	0.0403981	0.408921	0.688517	0.593915	-0.042161	0.280478	0.58735	0.477531
81	5	-0.0444205	0.305761	0.730461	0.418586	0.00150792	0.3357	0.831907	0.40353
81	6	0.0888481	0.68268	0.947122	0.720794	-0.0626508	-0.15048	0.333163	-0.45167
81	7	0.0117942	0.849744	0.939089	0.90486	0.319227	1.14297	1.79039	0.638388
81	8	0.148772	0.364095	1.12207	0.324484	0.0371493	0.487338	1.50879	0.322998
81	9	0.0832726	0.311528	1.26424	0.246414	0.165764	0.258636	1.23096	0.21011
82	0	0.098743	0.508361	1.1429	0.444798	0.097218	0.610826	1.1429	0.534452
82	1	-0.0512656	0.154778	0.992161	0.156001	-0.0358128	0.183308	1.06556	0.17203
82	2	0.031962	0.388751	1.02338	0.37987	0.033531	0.289204	0.99963	0.289311
82	3	0.0960781	0.819234	1.00517	0.815021	0.0904579	0.859445	0.913692	0.940628
82	4	0.0293796	0.0564985	0.911139	0.0620086	0.0830266	-0.155271	0.624953	-0.248453
82	5	0.119639	0.41004	0.825233	0.496877	-0.062854	-0.190318	1.37703	-0.138209
82	6	-0.138807	-0.365742	1.30324	-0.280641	-0.0586898	-0.0784069	0.314872	-0.249012
82	7	0.0403003	0.962873	0.9151	1.0522	0.0995272	0.138547	1.07756	0.128574
82	8	0.0393475	0.00234399	1.07836	0.00217367	-0.0416501	0.217638	1.29097	0.168585
82	9	-0.0800029	0.21466	1.06476	0.201605	0.0614176	-0.020696	0.958914	-0.0215827
83	0	-0.0313947	-0.073056	0.988459	-0.0739089	-0.013265	0.112798	0.988459	0.114115
83	1	0.0324212	0.338286	0.914458	0.36993	0.124497	0.13369	0.585594	0.228298
83	2	0.113011	0.327317	1.03395	0.316569	-0.0257517	0.384275	1.319	0.291337
83	3	-0.0447757	0.147223	1.19419	0.123283	-0.00223923	0.0977735	1.17914	0.0829191
83	4	0.0651485	0.259968	1.13767	0.228509	0.0128617	-0.255718	1.15524	-0.221355
83	5	-0.0273017	-0.0327032	0.933176	-0.0350451	0.102082	0.0201424	0.7151	0.0281672
83	6	0.0265546	0.326613	1.16404	0.280587	-0.0834785	-0.22967	0.952991	-0.240999
83	7	-0.0298483	-0.250182	0.753511	-0.332021	0.00765674	-0.224765	0.225324	-0.997518
83	8	0.0399822	0.464082	0.820416	0.565666	-0.00885542	-0.098083	0.632915	-0.15497
83	9	-0.0315782	-0.212519	0.903791	-0.235141	0.0520213	-0.445681	0.917307	-0.485857
84	0	0.00101628	0.181933	0.965705	0.188394	0.054159	0.408913	0.965705	0.423435
84	1	0.0746522	0.525008	1.01893	0.515252	0.0785454	0.213027	1.12451	0.18944
84	2	0.0682741	0.269241	1.06052	0.253877	-0.0766211	0.0847431	0.693418	0.122211
84	3	-0.0588015	0.221502	0.690424	0.32082	0.00879675	0.178312	0.519829	0.34302
84	4	-0.0212654	-0.262724	0.781122	-0.336342	-0.108157	-0.111568	0.667997	-0.167019
84	5	-0.0945745	0.0751481	0.775002	0.096965	0.0910718	0.334476	0.857054	0.390262
84	6	0.110649	0.607107	0.925317	0.656108	0.152596	0.229603	0.336282	0.682771
84	7	0.131772	-0.265616	1.17279	-0.226482	0.0344709	0.134663	0.372044	0.361954
84	8	0.111532	1.13049	1.06946	1.05707	0.112119	1.19084	1.61599	0.736914
84	9	0.0325873	0.795782	1.18816	0.669762	-0.0170396	0.21321	0.69875	0.30513
85	0	-0.00189007	0.182733	0.908959	0.201036	0.0251315	0.369715	0.908959	0.406745
85	1	0.0885644	0.459867	1.00126	0.45929	0.0323248	0.0960588	0.99926	0.09613
85	2	-0.0229275	0.203186	1.0924	0.185999	0.00697677	0.390239	0.751366	0.519372
85	3	0.0374432	0.248086	0.852188	0.291117	0.066449	0.296446	0.899051	0.329732
85	4	0.0651059	0.376231	0.863757	0.435576	-0.155411	-0.193122	0.503581	-0.383498
85	5	-0.121994	-0.33578	0.820078	-0.409449	0.077282	0.361674	0.843741	0.428656
85	6	0.0775682	0.477294	0.787339	0.606212	-0.124111	0.177101	0.470859	0.376124
85	7	-0.0608817	0.662459	0.790065	0.838486	0.235915	0.588501	0.865866	0.679668
85	8	0.0950277	0.241743	0.706898	0.341977	-0.0722908	0.373675	0.454076	0.822935
85	9	-0.00421774	0.711196	0.926082	0.767962	0.0384755	0.572559	1.32958	0.430632
86	0	0.00927423	0.142823	1.08426	0.131723	0.0852524	0.0639982	1.08426	0.0590246
86	1	0.0644144	0.306685	1.03622	0.295965	0.044082	0.218316	1.07638	0.202823
86	2	0.0429887	0.361685	1.0152	0.356269	-0.0429005	-0.131255	0.971357	-0.135125
86	3	-0.0261667	0.43626	0.961381	0.453785	-0.0260996	0.394116	0.588314	0.669906
86	4	-0.033776	0.543317	0.970902	0.5596	-0.0327291	0.324394	1.03636	0.313012
86	5	-0.0192481	0.310565	1.18168	0.262817	-0.101482	-0.219422	2.24563	-0.0977108
86	6	-0.0467907	-0.409515	1.56169	-0.262225	0.135867	0.126401	0.135642	0.93187
86	7	0.0214878	0.12157	0.814841	0.149195	-0.0503933	-0.136176	1.06077	-0.128375
86	8	0.0166227	0.161083	0.848351	0.189877	0.0983273	0.20609	0.938634	0.219564
86	9	0.09848	0.233825	1.01233	0.230978	-0.0760825	-0.0553876	1.21667	-0.0455238
87	0	0.00378826	-0.0330205	0.609103	-0.0542116	0.0765761	0.108731	0.609103	0.17851
87	1	0.0978103	0.21083	0.780449	0.270139	0.00502105	0.090626	0.858483	0.105565
87	2	0.0601556	0.611984	0.898645	0.681007	0.137936	0.623416	1.01452	0.614496
87	3	0.0943304	0.0537698	1.00319	0.0535988	0.0236517	0.0298094	0.85587	0.0348294
87	4	0.0321595	-0.0680804	0.965781	-0.0704926	-0.0239659	-0.107595	0.665075	-0.161779
87	5	-0.0719627	0.0333657	0.866515	0.0385057	-0.00908769	-0.381764	0.9051	-0.421792
87	6	-0.0252069	0.230245	1.13277	0.203258	0.0649891	0.279497	1.13841	0.245514
87	7	-0.0279938	0.0106846	0.91074	0.0117318	-0.0946196	-0.183773	0.915665	-0.200699
87	8	0.0566301	0.382718	0.910404	0.420383	0.10312	0.73565	1.16617	0.630826
87	9	0.0637225	0.388144	1.09665	0.353936	0.0236383	0.0570347	0.825373	0.0691017
88	0	0.0225505	0.391435	0.893143	0.438267	0.00141728	0.523328	0.893143	0.58594
88	1	-0.0605432	-0.0124333	1.09194	-0.0113864	-0.00918318	-0.390075	1.25788	-0.310105
88	2	0.0518134	0.540154	1.27994	0.422017	0.0901224	0.621683	1.49107	0.416937
88	3	0.0958852	0.361137	1.17054	0.30852	0.0402067	0.327542	1.06059	0.308831
88	4	0.0764903	0.307582	0.767128	0.400952	0.0976413	0.303394	0.648917	0.467539
88	5	0.0510042	-0.242991	0.836799	-0.290381	-0.0814263	-0.791595	0.836496	-0.946322
88	6	-0.0549275	0.101302	0.75767	0.133702	0.0569486	-0.361077	0.982711	-0.367429
88	7	0.0898994	-0.172822	0.963361	-0.179395	0.0963549	0.52288	0.482398	1.08392
88	8	0.0637813	0.43271	0.841495	0.514216	0.0664643	0.258715	0.598493	0.432277
88	9	0.0254832	-0.138321	0.885655	-0.15618	0.0454347	0.10963	0.755201	0.145166
89	0	-0.0517107	-0.0749942	0.876881	-0.0855237	-0.00558938	0.010326	0.876881	0.0117758
89	1	0.0812121	0.264585	0.967347	0.273516	0.0368768	0.24072	0.82915	0.290322
89	2	0.0226901	0.4596	0.688805	0.667243	0.0518931	0.366543	0.696484	0.526277
89	3	0.159571	0.959375	1.17925	0.813546	0.0910313	1.05621	1.12744	0.93682
89	4	-0.0308499	0.144782	0.888514	0.162948	-0.0193477	0.391158	0.939305	0.416433
89	5	0.0529814	0.625353	0.902101	0.693218	0.118756	0.541886	0.807852	0.670774
89	6	-0.0247492	-0.0791299	1.06307	-0.0744355	-0.0987364	-0.420417	0.869124	-0.483725
89	7	0.0343269	0.358472	0.837684	0.427932	0.0275699	0.308113	0.389605	0.790834
89	8	0.0529388	0.259784	0.925726	0.280628	0.0918731	0.45656	0.732255	0.623498
89	9	0.102272	0.276687	1.12059	0.246911	0.117982	0.139605	1.05823	0.131922
90	0	0.0192207	0.356906	0.691149	0.516395	0.0691858	0.388898	0.691149	0.562683
90	1	0.126984	0.284592	0.679816	0.418632	0.111135	0.300748	0.768456	0.391366
90	2	0.0627697	0.263194	0.932762	0.282167	0.0633073	0.68572	0.918586	0.746495
90	3	0.0826183	0.956196	0.988497	0.967323	-0.00888178	0.60151	1.04254	0.576968
90	4	0.0142937	0.564021	1.11144	0.50747	0.186023	0.90262	1.06307	0.849065
90	5	0.147679	0.511154	0.962224	0.531221	-0.0410806	0.237438	0.622368	0.381508
90	6	-0.130793	-0.11119	0.962224	-0.115556	0.00739215	0.1379	1.54456	0.0892814
90	7	0.09765	-0.0340651	1.07897	-0.0315719	0.0658879	-0.323657	0.535794	-0.604069
90	8	-0.0344657	0.411597	0.985364	0.41771	-0.0124775	0.092516	0.555548	0.166531
90	9	0.0536472	0.110453	0.795059	0.138924	0.00642786	0.0408847	0.578135	0.0707183
91	0	-0.00930813	0.0262006	0.621637	0.0421477	0.0337319	0.0718675	0.621637	0.11561
91	1	0.116301	0.766874	0.97377	0.78753	0.13402	0.547241	1.04158	0.525398
91	2	0.0737557	0.593831	1.04167	0.570075	0.0173144	0.357566	0.970896	0.368285
91	3	0.03152	-0.131425	1.08219	-0.121443	0.0199972	-0.172884	1.23327	-0.140184
91	4	0.0222566	0.170642	0.825938	0.206604	0.0411808	-0.0683982	0.723679	-0.0945145
91	5	0.0416528	-0.431445	0.803764	-0.53678	-0.0802028	-0.382936	1.05797	-0.361954
91	6	0.0305215	1.29044	1.53536	0.840484	0.100302	1.18607	2.61511	0.453544
91	7	0.0302072	0.651378	1.38923	0.468876	0.116006	0.327909	0.488278	0.671563
91	8	0.0459884	0.466233	0.991544	0.470209	-0.0372462	0.647541	1.48021	0.437464
91	9	-0.0215924	0.449183	0.981347	0.457721	-0.0379465	0.177474	0.934259	0.189963
92	0	0.0237085	-0.0959726	0.990701	-0.0968735	0.134429	-0.000747571	0.990701	-0.000754588
92	1	0.173858	0.480514	0.931697	0.515741	0.088312	0.0895019	0.875508	0.102229
92	2	-0.0171347	0.6931	0.85373	0.811849	-0.0369475	0.376596	0.695361	0.541584
92	3	-0.00142798	0.0652406	0.833996	0.0782265	-0.00805735	-0.0275445	0.972208	-0.0283319
92	4	0.045332	-0.175484	1.22274	-0.143517	0.0189037	-0.267788	1.00596	-0.266201
92	5	0.0518069	0.115742	1.02281	0.113161	0.135187	0.280423	1.2511	0.224141
92	6	0.122611	0.391008	1.15808	0.337634	0.0259162	0.458809	1.22673	0.37401
92	7	-0.0683695	0.379626	1.09032	0.348178	-0.0257972	-0.0668435	0.527831	-0.126638
92	8	0.0428957	0.924746	1.1972	0.772425	0.137557	0.626965	0.939866	0.667079
92	9	0.154636	0.413704	1.08863	0.380021	-0.0112304	0.190787	0.975205	0.195637
93	0	0.0270393	0.183881	0.877024	0.209665	0.0990882	0.199367	0.877024	0.227322
93	1	0.0779295	0.392533	0.979107	0.40091	0.0407156	0.0658239	0.70196	0.0937717
93	2	0.0535755	0.117604	0.779125	0.150944	0.0763265	-0.0286981	0.510995	-0.0561612
93	3	0.0617442	-0.0316669	0.856335	-0.0369796	-0.0180979	-0.0174971	0.818033	-0.0213893
93	4	-0.0245891	0.20785	1.09591	0.189659	-0.0183563	0.306679	0.992974	0.308849
93	5	-0.0270923	-0.123245	1.00881	-0.122168	0.0132297	-0.124242	1.1452	-0.10849
93	6	0.103209	-0.202964	1.06555	-0.190478	-0.0329675	-0.0934921	0.371796	-0.25146
93	7	-0.0205311	-0.539806	0.819484	-0.658714	0.122899	-0.464964	0.923828	-0.503301
93	8	0.00844747	0.304739	0.859173	0.354688	0.0078736	-0.0419221	0.294457	-0.142371
93	9	0.0423881	-0.0632609	0.834704	-0.0757884	-0.0419457	-0.370958	1.03282	-0.359169
94	0	0.0996661	0.632651	1.08981	0.580512	0.138673	0.984846	1.08981	0.903682
94	1	0.0485115	0.172255	1.00157	0.171985	0.0212455	-0.0913636	0.859831	-0.106258
94	2	0.0220016	0.186024	0.974054	0.190979	-0.0411945	0.305871	0.969438	0.315514
94	3	-0.0718751	-0.164987	1.00795	-0.163686	-0.0191008	-0.0139134	0.953757	-0.014588
94	4	0.0431341	0.376814	1.06843	0.35268	0.0307582	0.0687172	1.28285	0.0535661
94	5	-0.0146711	0.012452	1.00433	0.0123984	-0.00445886	0.681763	0.915389	0.744779
94	6	0.11623	0.906395	1.10417	0.820883	0.0855706	0.17258	0.837128	0.206157
94	7	0.0735958	0.594957	1.27681	0.465973	0.165002	0.339086	1.27198	0.26658
94	8	0.0967547	0.162425	0.902818	0.179909	0.0304489	0.016806	0.657974	0.025542
94	9	0.00738194	0.210631	0.932752	0.225816	0.0508413	0.198105	1.00682	0.196762
95	0	0.00497796	0.47816	0.95114	0.502723	0.0897958	0.809884	0.95114	0.851488
95	1	0.111851	0.655865	0.977024	0.671289	0.0731512	0.389003	1.45777	0.266848
95	2	0.0412278	0.324314	1.21872	0.26611	0.0360768	0.412617	1.0896	0.378687
95	3	0.136014	0.927511	1.12796	0.82229	0.149615	0.726431	1.08132	0.671798
95	4	0.153022	0.829729	0.974473	0.851464	0.159618	0.881156	1.12441	0.78366
95	5	0.0861958	0.447707	0.886408	0.50508	0.0555795	0.653547	0.714442	0.914766
95	6	-0.00489522	0.359366	0.782246	0.459403	-0.0325678	-0.0711184	0.691124	-0.102902
95	7	0.00187492	-0.466675	0.760527	-0.613621	0.00743249	-0.383181	0.530618	-0.722142
95	8	-0.0349765	0.222368	0.872509	0.254861	0.0319985	0.311749	0.806551	0.386522
95	9	0.0769187	0.0636297	1.00067	0.0635872	0.0899274	0.290378	1.04828	0.277003
96	0	0.0154152	0.0841832	0.87858	0.0958173	-0.00176401	0.0187211	0.87858	0.0213084
96	1	-0.0280999	0.0707928	0.898019	0.0788322	-0.0374483	-0.0597738	0.80326	-0.0744141
96	2	-0.0579226	0.400153	1.17215	0.341384	-0.129715	0.179846	1.16471	0.154412
96	3	-0.0713456	0.273169	1.14637	0.23829	0.0303543	0.387131	1.15802	0.334304
96	4	0.00337863	0.38359	1.10588	0.346864	0.10403	0.382083	1.04371	0.366083
96	5	0.168001	0.37878	1.08154	0.350224	0.110164	0.178194	0.784877	0.227034
96	6	-0.0677027	1.04926	1.06393	0.986207	-0.0371278	0.451014	1.59434	0.282885
96	7	0.218283	-0.24969	1.0029	-0.248967	0.0904415	0.0615795	0.572592	0.107545
96	8	-0.0538948	0.132934	0.903314	0.147162	-0.0434751	0.0758983	0.949287	0.079953
96	9	-0.0137851	0.387642	0.941741	0.411623	0.0601401	1.03459	0.897274	1.15304
97	0	0.0278265	0.0417342	0.824	0.0506483	0.0877003	0.195646	0.824	0.237434
97	1	0.0690945	0.0647011	0.815039	0.079384	0.103025	0.208686	0.572047	0.364805
97	2	0.137987	0.236083	0.8214	0.287415	0.108631	0.149564	0.609188	0.245513
97	3	0.0887609	0.442554	0.798669	0.554115	0.123814	0.442574	1.10036	0.402209
97	4	0.0800692	0.492001	1.11075	0.442944	-0.0324751	0.486743	0.874587	0.55654
97	5	-0.0399449	0.0978113	0.896683	0.109081	-0.101988	-0.195815	0.417523	-0.468992
97	6	0.0349746	-0.119714	0.641509	-0.186613	0.019969	0.15525	0.578812	0.268221
97	7	0.0404066	0.210399	0.844698	0.249082	0.212685	0.289631	0.279309	1.03695
97	8	0.103821	0.384358	0.794277	0.483909	-0.0348098	0.155492	0.939337	0.165533
97	9	-0.0384578	0.522876	0.921962	0.567134	0.0735382	0.192871	0.702842	0.274415
98	0	0.0409176	0.522581	1.21118	0.431464	0.0612406	0.804362	1.21118	0.664115
98	1	0.0423835	0.366348	1.10237	0.332328	-0.060514	0.098896	1.0884	0.0908637
98	2	-0.0643249	0.562987	0.93099	0.604719	0.070566	0.501471	1.23892	0.404764
98	3	0.064886	0.659953	1.06975	0.616922	-0.00349256	0.426831	1.21173	0.352249
98	4	-0.0269709	0.390956	0.818522	0.477636	-0.00538592	0.244639	0.97246	0.251568
98	5	0.0247267	0.0988003	0.860314	0.114842	-0.0284256	0.00117313	1.41858	0.000826972
98	6	-0.0684776	0.200711	1.2073	0.166248	-0.043714	-0.329505	1.08756	-0.302976
98	7	-0.0530367	0.0339638	0.747206	0.0454543	-0.117492	0.280921	0.987238	0.284552
98	8	-0.106519	0.458726	0.831152	0.551916	-0.00632042	0.272391	1.09075	0.249729
98	9	-0.0105815	0.415142	0.864671	0.480116	0.056333	-0.0910705	0.82387	-0.11054
99	0	0.00569649	0.0316067	0.969471	0.032602	0.0420386	0.0712745	0.969471	0.0735189
99	1	-0.00565859	0.0704569	1.15255	0.0611314	0.00517353	0.237001	1.10243	0.214982
99	2	0.0934682	0.441118	1.08526	0.406462	0.0505454	0.0529953	0.990744	0.0534904
99	3	0.0678207	0.524291	1.06325	0.493103	0.100157	0.59705	1.48797	0.401252
99	4	0.0459899	-0.0900538	1.14	-0.0789945	0.107443	-0.370201	0.989448	-0.374148
99	5	0.132638	-0.114841	0.951408	-0.120707	-0.0452509	0.115857	0.896168	0.12928
99	6	-0.0506032	0.0550452	0.98863	0.0556783	-0.161365	0.0304711	1.38625	0.021981
99	7	-0.266318	-0.300061	1.09837	-0.273187	-0.092409	-0.143895	0.755084	-0.190569
99	8	-0.0424134	0.0610273	0.971942	0.062789	0.0779721	0.270997	1.07496	0.2521
99	9	0.179446	0.323315	0.898697	0.359759	0.0991899	0.331859	0.512719	0.647252
100	0	-0.0110271	-0.0834667	0.754722	-0.110593	0.0581912	-0.188699	0.754722	-0.250024
100	1	0.0619762	0.406499	0.875794	0.464149	0.030922	0.0228815	0.7271	0.0314695
100	2	0.091398	0.125423	1.02009	0.122952	0.128532	0.242754	1.05872	0.22929
100	3	0.0637746	0.365547	1.10861	0.329733	-0.0294708	0.312121	1.67799	0.186009
100	4	-0.0154276	0.272598	1.10273	0.247204	0.0301089	0.0560411	0.635839	0.0881371
100	5	0.0814922	0.625708	0.917694	0.681827	0.110463	0.291618	0.749005	0.38934
100	6	0.0903757	-0.250002	0.694326	-0.360065	0.0171689	0.0195242	0.984082	0.01984
100	7	0.00914086	0.489842	1.11315	0.440052	0.0191404	0.430136	1.31756	0.326464
100	8	0.0125615	0.276603	1.09947	0.251578	0.0941593	0.264816	1.15939	0.22841
100	9	0.0809145	0.333595	1.01781	0.327757	0.027879	0.115384	0.971891	0.118722
