RUN	Year	DeltaBV	Sel	Var	Beta	DeltaBVRecruits	SelRecruits	VarRecruits	BetaRecruits
1	0	1.12184	1.10455	6.03979	0.18288	2.80889	1.74143	6.03979	0.288326
1	1	2.7119	2.60136	7.94772	0.327309	1.47597	0.989618	5.77962	0.171225
1	2	2.56606	2.5322	7.75454	0.326545	3.50128	2.94032	9.28651	0.316623
1	3	4.71489	4.26279	10.3957	0.410053	4.17256	3.39259	10.8047	0.313992
1	4	2.41325	2.25788	10.9555	0.206095	0.672499	0.908957	12.0812	0.0752376
1	5	1.20736	1.46771	10.8586	0.135166	0.814334	1.59608	21.3465	0.0747702
1	6	1.58079	1.73702	19.498	0.0890869	3.57268	3.18051	44.2845	0.07182
1	7	2.2981	2.58622	15.2903	0.169141	1.66715	1.70967	27.6677	0.0617927
1	8	1.82035	1.72568	8.11435	0.21267	1.73599	1.87048	7.89192	0.237013
1	9	0.533333	0.608099	7.24608	0.0839211	0.443426	0.287262	4.33682	0.0662379
2	0	-1.71125	-1.68112	10.6627	-0.157664	-0.327451	-0.981097	10.6627	-0.0920124
2	1	4.30275	4.23324	10.4584	0.404768	4.7482	3.85383	9.0949	0.423736
2	2	4.4801	4.45182	11.5561	0.385234	4.14985	3.39801	8.55813	0.39705
2	3	4.16451	3.97062	11.4856	0.345704	2.51142	1.91742	13.1547	0.145759
2	4	3.22399	3.54944	11.5696	0.306792	3.34918	3.59085	22.1798	0.161897
2	5	2.94331	2.78403	20.1169	0.138393	0.872303	0.836142	41.2485	0.0202709
2	6	3.68257	3.463	33.8983	0.102159	4.22065	3.73782	97.4898	0.0383407
2	7	-3.37376	-3.30741	32.4505	-0.101922	-0.914829	-0.556433	77.1888	-0.00720873
2	8	6.3573	6.63381	53.3089	0.124441	5.46617	5.70226	51.8228	0.110034
2	9	1.7958	2.17169	25.4733	0.0852538	0.588821	1.30499	28.6439	0.0455593
3	0	0.906301	1.0227	9.99262	0.102346	2.74522	1.97401	9.99262	0.197547
3	1	0.994815	1.12917	10.8288	0.104275	-0.0275094	-0.187537	11.442	-0.0163902
3	2	1.7073	1.47272	9.2554	0.159121	1.81254	1.1522	8.86625	0.129954
3	3	3.66745	3.60047	9.88525	0.364227	3.24209	3.35035	10.9631	0.305601
3	4	2.56218	2.94032	10.8691	0.270521	1.35242	2.33149	15.5099	0.150323
3	5	1.24361	1.08799	10.8534	0.100245	0.335689	0.197717	18.5802	0.0106413
3	6	2.28974	2.12622	15.4933	0.137234	2.18455	2.75518	48.9596	0.0562746
3	7	2.81744	2.63966	22.8724	0.115408	5.58484	5.05961	38.4136	0.131714
3	8	0.606133	0.767486	11.5024	0.0667237	-0.834751	-0.807447	6.55047	-0.123265
3	9	0.713972	0.657868	5.8188	0.113059	0.81278	1.07451	5.09785	0.210777
4	0	0.110571	-0.117241	7.28739	-0.0160882	1.52226	0.382487	7.28739	0.0524861
4	1	1.50187	1.66264	7.82724	0.212417	0.388431	0.354683	5.25789	0.0674572
4	2	0.724963	0.781967	5.65039	0.138392	0.726521	0.851203	3.20303	0.265749
4	3	2.02544	2.40479	5.89884	0.407671	2.5518	2.27703	7.42592	0.306633
4	4	1.52228	1.44408	7.43859	0.194133	1.36501	0.660213	6.941	0.0951178
4	5	0.171896	0.034511	8.37439	0.00412101	-1.925	-2.28584	11.7912	-0.19386
4	6	-0.342448	-0.203144	10.1943	-0.0199271	2.05038	1.57826	10.2119	0.154551
4	7	2.94204	3.46248	7.66286	0.451852	2.85726	2.67869	6.73693	0.397613
4	8	2.81633	2.85072	7.88122	0.36171	2.57225	2.28722	7.27608	0.314347
4	9	2.99733	2.59915	7.43443	0.34961	2.58397	1.83924	6.9387	0.26507
5	0	1.94097	1.89539	12.4161	0.152656	3.73453	3.31994	12.4161	0.26739
5	1	2.82181	2.70981	12.3761	0.218956	1.58185	1.18446	6.8963	0.171753
5	2	1.24571	1.26579	8.33808	0.151808	1.97017	1.08465	8.86382	0.122368
5	3	1.41174	1.26095	10.5951	0.119013	0.8495	0.495787	12.0219	0.0412403
5	4	1.86636	1.85389	10.8307	0.171169	0.718064	0.959006	9.71392	0.0987249
5	5	-0.842122	-0.78024	8.67731	-0.0899172	-2.05755	-2.14553	10.5023	-0.204292
5	6	0.354462	0.559136	11.94	0.0468289	1.58896	1.847	15.1203	0.122153
5	7	0.4347	0.160104	6.42051	0.0249364	1.2397	1.32072	9.15099	0.144325
5	8	0.1547	0.404856	8.32933	0.0486061	-0.00748941	0.0957881	4.86828	0.019676
5	9	1.13859	0.936819	4.20814	0.22262	0.367749	0.705123	3.80068	0.185525
6	0	-1.30217	-1.16319	9.36852	-0.12416	0.428742	-0.427608	9.36852	-0.0456431
6	1	7.9231	7.718	11.2051	0.688791	7.27528	7.21014	9.96792	0.723335
6	2	-0.513155	-0.114872	18.621	-0.00616898	-2.2882	-2.12684	10.9466	-0.194293
6	3	-4.03151	-4.126	15.9664	-0.258417	-2.12333	-2.75682	17.1518	-0.160731
6	4	-0.655169	-0.323781	15.093	-0.0214524	-2.04751	-2.12409	12.9738	-0.163722
6	5	2.25572	2.25602	14.0736	0.160301	3.85412	3.43903	16.2518	0.211609
6	6	4.07516	3.85162	17.2667	0.223067	1.59005	1.54653	17.6442	0.0876508
6	7	-5.96888	-5.60119	9.64898	-0.580496	-5.17547	-5.22655	23.0703	-0.226548
6	8	0.625276	0.760446	10.6906	0.071132	0.849878	0.9909	4.38987	0.225724
6	9	1.0273	0.731635	7.15935	0.102193	1.03383	0.411141	4.81541	0.0853802
7	0	-0.225128	-0.291269	9.7631	-0.0298337	1.3761	0.50466	9.7631	0.0516905
7	1	3.89531	4.24662	9.32676	0.455316	3.63366	3.46414	5.64398	0.613777
7	2	1.69854	1.64148	8.85083	0.185461	0.646157	0.149361	6.49335	0.0230022
7	3	-1.69399	-1.70568	7.75301	-0.220002	-1.40615	-1.83614	10.4752	-0.175285
7	4	1.06698	1.12289	10.615	0.105784	0.84862	0.891588	10.3104	0.0864743
7	5	1.32219	1.14661	9.08357	0.126229	0.573243	0.350127	7.7009	0.0454657
7	6	1.10032	1.2496	7.38817	0.169135	-0.381588	0.732465	7.97285	0.0918699
7	7	-0.205391	-0.240508	7.16193	-0.0335815	2.75708	2.29877	6.95379	0.330578
7	8	2.15519	2.25845	7.18792	0.314201	1.30764	1.45582	5.71046	0.254939
7	9	-1.28434	-1.23535	5.88516	-0.209909	-1.15989	-2.32652	6.08038	-0.382627
8	0	-0.554313	-0.273478	10.2159	-0.0267699	1.07275	0.576632	10.2159	0.0564447
8	1	6.25504	6.56269	11.6804	0.561856	6.18676	6.17496	11.981	0.515397
8	2	2.05612	2.00736	14.2281	0.141084	0.674843	0.355656	6.27721	0.0566584
8	3	1.9017	1.76354	6.07641	0.290227	2.05874	1.51104	8.15558	0.185277
8	4	3.04472	2.89784	9.10832	0.318153	2.51609	2.06889	12.1095	0.170849
8	5	1.1319	0.96274	11.4184	0.084315	0.0973375	-0.4894	19.9341	-0.0245508
8	6	2.99276	2.57827	14.8443	0.173687	2.495	2.74381	41.7632	0.0656992
8	7	2.27518	1.98667	17.1863	0.115596	4.4793	4.2752	41.1243	0.103958
8	8	2.17022	1.76327	10.8052	0.163186	1.9084	1.48954	5.01553	0.296985
8	9	2.01571	2.27932	8.68351	0.262489	1.65226	2.05785	9.2407	0.222694
9	0	3.09955	3.16529	11.3214	0.279586	5.13771	4.81748	11.3214	0.425522
9	1	3.26498	3.0795	13.635	0.225852	1.46671	1.1771	6.27417	0.187611
9	2	3.8398	4.10291	8.21098	0.499685	5.11131	5.28427	10.5498	0.50089
9	3	4.18288	4.28253	14.8347	0.288683	2.155	2.54155	10.5751	0.240333
9	4	-1.1526	-0.933101	9.78575	-0.0953531	-1.29665	-1.05734	11.5514	-0.0915342
9	5	-0.667835	-0.79067	10.2772	-0.0769344	-1.9259	-1.75191	13.7054	-0.127827
9	6	1.75867	1.58084	10.2679	0.153959	2.26352	2.8064	18.7713	0.149505
9	7	0.748531	0.576154	11.6612	0.0494079	2.08031	1.90833	21.4936	0.0887859
9	8	2.02856	2.15957	8.23276	0.262314	2.23421	2.4147	7.05858	0.342094
9	9	2.97743	2.95361	7.55768	0.390809	2.41699	2.45345	9.87633	0.248417
10	0	0.472869	0.51758	8.47431	0.0610764	2.1418	1.54888	8.47431	0.182773
10	1	3.79782	3.72116	8.6141	0.431985	2.83162	2.61968	8.52341	0.307351
10	2	2.70404	2.77429	9.76351	0.284149	3.28219	3.16282	8.92228	0.354486
10	3	3.34037	3.49004	11.1375	0.313359	1.99263	1.56892	12.285	0.127711
10	4	-0.541515	-0.614864	10.0689	-0.0610657	-1.66924	-2.07006	14.8375	-0.139516
10	5	0.862768	0.735457	12.4289	0.0591733	1.56997	0.875962	16.2768	0.0538165
10	6	-4.67458	-4.25634	16.1052	-0.264284	-2.61659	-3.12563	30.8005	-0.10148
10	7	0.784179	0.599736	32.2732	0.0185831	1.16689	0.455747	24.5456	0.0185673
10	8	4.50648	4.63263	13.2986	0.348353	3.74754	2.90664	10.502	0.276772
10	9	3.11411	2.86455	9.87647	0.290037	1.58558	1.46264	12.3443	0.118487
11	0	2.3064	2.50975	11.5889	0.216564	3.5633	3.54365	11.5889	0.305779
11	1	3.12975	2.92561	13.5583	0.215779	2.82234	1.93573	7.35178	0.263301
11	2	3.31353	3.30038	7.74429	0.426169	3.17039	3.13792	10.239	0.306467
11	3	2.58663	2.51459	10.821	0.232381	1.03123	0.882983	15.9214	0.0554587
11	4	2.20288	2.5309	11.4352	0.221325	2.61637	3.38484	18.4386	0.183573
11	5	1.5418	1.79063	15.9772	0.112074	0.144636	0.20395	31.3616	0.00650319
11	6	-12.6113	-12.9918	21.5548	-0.602735	-8.85758	-10.2565	72.0036	-0.142444
11	7	10.5946	10.3298	61.405	0.168224	9.60248	9.34796	47.4293	0.197092
11	8	3.90329	3.6588	19.1065	0.191494	4.27286	3.08882	6.6445	0.464869
11	9	0.693803	0.52705	10.0461	0.0524631	-1.97956	-2.29148	13.0055	-0.176194
12	0	2.54932	2.60327	10.2227	0.254655	4.38835	4.11583	10.2227	0.402615
12	1	5.75882	5.86063	14.8344	0.395071	4.74213	4.7712	11.954	0.399129
12	2	1.2589	1.24444	12.3462	0.100796	0.716937	0.282097	9.57392	0.0294651
12	3	1.12357	1.5704	7.99043	0.196536	0.546474	0.967473	12.6584	0.0764293
12	4	1.23753	0.957846	8.10533	0.118175	1.94292	1.16169	12.3361	0.0941697
12	5	-1.92876	-1.60095	9.22568	-0.173532	-5.53839	-4.94063	21.1353	-0.233762
12	6	-3.54435	-3.81915	30.1796	-0.126548	-0.807548	-0.97557	27.667	-0.0352612
12	7	3.29526	3.79232	17.4654	0.217133	4.47517	4.69187	27.6065	0.169955
12	8	1.71253	1.72601	10.4203	0.16564	0.883077	1.25427	7.37681	0.170029
12	9	-0.431546	-0.33267	7.89817	-0.0421198	-0.308583	-0.375328	8.9706	-0.0418398
13	0	2.83551	2.77281	10.1076	0.274328	4.44341	4.18392	10.1076	0.413936
13	1	3.26652	3.17256	12.158	0.260946	2.20502	1.61507	7.98153	0.202351
13	2	3.1856	3.07645	9.24067	0.332925	3.32202	3.36883	10.6491	0.316348
13	3	3.79561	3.50076	13.3014	0.263187	3.53794	2.69275	13.7953	0.195193
13	4	3.48782	3.10788	9.85357	0.315407	2.99006	2.69399	19.2222	0.14015
13	5	2.43286	1.91015	17.9179	0.106605	0.785164	-0.274491	35.6606	-0.00769733
13	6	2.0947	2.60857	28.8717	0.0903502	2.14199	3.25346	92.399	0.035211
13	7	-1.19829	-1.03775	30.1742	-0.034392	-0.357921	-0.0225038	38.3432	-0.000586906
13	8	1.63041	1.68494	19.7493	0.0853167	2.50451	2.27631	13.3469	0.170549
13	9	-0.414057	-0.349202	10.4722	-0.0333457	-0.800461	-0.863358	14.3973	-0.0599667
14	0	2.64378	2.74128	9.07952	0.301919	4.01425	3.6398	9.07952	0.40088
14	1	3.54521	3.43801	10.8113	0.318003	3.11709	2.42773	6.47108	0.375167
14	2	2.64259	2.94634	7.48876	0.393434	1.4671	2.38667	9.93765	0.240164
14	3	-0.666862	-0.621555	8.53022	-0.0728651	-1.0548	-1.28747	12.6241	-0.101985
14	4	0.351156	0.0592124	10.6543	0.00555759	0.716278	0.791365	12.4745	0.0634387
14	5	1.17589	0.97794	10.3987	0.0940444	-0.284522	-0.731833	22.5295	-0.0324833
14	6	-6.68237	-6.97714	17.2668	-0.404077	-4.40433	-5.13998	34.6918	-0.148161
14	7	-3.77278	-3.96274	30.8133	-0.128605	-3.45291	-4.68445	25.0831	-0.186757
14	8	4.28153	4.09668	11.0886	0.369449	4.24649	3.70745	6.49273	0.571016
14	9	1.71049	1.79779	9.77503	0.183916	1.03104	0.885095	9.42723	0.0938871
15	0	0.512076	0.650442	9.18582	0.0708094	2.00033	1.51453	9.18582	0.164877
15	1	4.14158	4.05058	8.9155	0.45433	3.34164	3.21474	5.83402	0.551034
15	2	3.23515	3.07626	8.75862	0.351227	3.97987	3.65299	6.76367	0.540089
15	3	2.82966	2.87012	10.5004	0.273334	1.04824	1.27192	9.91882	0.128233
15	4	1.28499	1.35379	8.31389	0.162835	1.4239	1.25118	10.3412	0.12099
15	5	0.0386762	0.137137	8.98938	0.0152554	-1.23023	-1.8241	14.625	-0.124725
15	6	2.46865	2.41755	10.8128	0.223583	2.94991	2.74085	31.7017	0.0864576
15	7	0.978057	1.1298	14.9177	0.0757352	2.53127	2.31771	22.8799	0.101299
15	8	0.779472	0.620261	6.69166	0.0926916	0.206401	0.10566	4.20929	0.0251017
15	9	1.51596	1.41995	6.35514	0.223434	2.17277	1.84254	4.79861	0.383974
16	0	0.337101	0.595393	9.59126	0.0620767	1.86311	1.56578	9.59126	0.163251
16	1	4.32025	4.45936	8.9471	0.498413	4.13608	3.73009	8.67087	0.430186
16	2	2.07822	2.10003	9.32953	0.225095	1.57	1.13408	7.35556	0.15418
16	3	2.56273	2.42568	6.71803	0.36107	1.39046	1.99475	7.83992	0.254434
16	4	-1.35081	-1.23383	8.667	-0.142359	-1.42389	-0.833324	8.76269	-0.0950992
16	5	1.1827	0.843025	10.5781	0.0796955	2.74172	1.76608	14.4379	0.122323
16	6	5.38438	5.35286	15.2631	0.350706	4.27326	4.32307	29.8156	0.144993
16	7	2.40295	2.01396	14.9507	0.134707	3.54744	2.31655	10.4855	0.22093
16	8	2.61752	2.74331	7.41434	0.370001	1.51046	1.81193	5.31849	0.340685
16	9	3.2378	3.13143	7.57724	0.413268	3.09605	2.89573	8.16513	0.354646
17	0	5.20973	5.03037	11.7544	0.427957	7.28263	6.75648	11.7544	0.574804
17	1	2.7365	2.77354	23.8874	0.116109	1.73425	1.18985	14.9928	0.0793617
17	2	2.53723	2.42791	12.0796	0.200992	1.44236	1.51025	13.8711	0.108878
17	3	1.79817	1.913	12.5193	0.152804	1.6671	1.38365	18.5435	0.0746162
17	4	1.45061	1.59085	11.6481	0.136575	1.8745	1.08529	14.9844	0.0724279
17	5	1.60635	2.06931	11.0381	0.18747	-1.43611	-0.935514	30.4888	-0.0306839
17	6	2.08988	1.82485	22.1759	0.0822898	4.26524	3.78955	51.6888	0.0733148
17	7	1.74378	1.60174	20.8663	0.0767624	2.56359	2.46642	35.977	0.0685554
17	8	0.763778	0.958137	10.019	0.0956321	-0.436587	-0.0369389	6.5832	-0.00561108
17	9	-1.43856	-1.52032	7.07006	-0.215037	-0.512727	-0.657577	5.94108	-0.110683
18	0	2.51048	2.41146	10.251	0.235241	3.53594	3.20866	10.251	0.313008
18	1	2.53784	2.60493	11.6958	0.222724	1.81516	1.63047	11.3092	0.144171
18	2	3.239	3.1202	9.07568	0.343798	3.79283	3.37164	10.0505	0.335472
18	3	4.2153	4.27657	11.696	0.365643	2.81353	3.10522	17.8702	0.173766
18	4	0.609206	0.818098	11.786	0.0694124	-0.237853	-0.50253	21.9632	-0.0228805
18	5	-0.884089	-0.711422	16.6654	-0.0426885	-2.79565	-2.21759	30.8548	-0.0718717
18	6	-0.591216	-0.679905	20.9621	-0.032435	3.44165	2.68878	47.7808	0.0562733
18	7	3.70234	3.47196	21.7675	0.159502	3.30056	2.84354	32.8337	0.0866042
18	8	-0.0913829	0.104688	9.42338	0.0111094	0.0274948	0.455806	2.95015	0.154503
18	9	0.625227	0.307784	5.69136	0.0540792	0.222803	0.168644	5.71162	0.0295264
19	0	0.357636	0.497188	13.2906	0.0374089	1.98622	1.76567	13.2906	0.132851
19	1	2.78445	2.79104	12.3369	0.226235	1.85832	1.79344	10.3364	0.173508
19	2	2.25376	2.1681	9.04947	0.239583	2.82624	1.8851	7.92886	0.237752
19	3	-0.875449	-0.860557	8.46159	-0.101702	-1.63128	-1.79125	8.48662	-0.211067
19	4	2.71635	2.51956	9.67017	0.26055	3.26067	2.23369	8.346	0.267636
19	5	0.707756	0.971797	11.598	0.08379	-2.09545	-2.43101	12.7104	-0.191262
19	6	-1.34695	-1.59198	10.5522	-0.150867	0.118602	-0.216265	11.8394	-0.0182665
19	7	-0.558544	-0.501171	8.67369	-0.0577806	0.955916	0.258742	12.0387	0.0214925
19	8	3.93935	4.45174	11.877	0.374819	3.52947	3.69252	13.411	0.275335
19	9	-0.714173	-0.59398	9.85517	-0.0602709	-2.56347	-1.89571	9.29341	-0.203984
20	0	2.98217	3.05039	9.0018	0.338864	4.57776	4.23359	9.0018	0.470305
20	1	3.78704	3.87686	12.6642	0.306127	3.13912	2.95992	14.7952	0.20006
20	2	2.65846	2.63549	14.0178	0.18801	1.71811	1.6372	15.5293	0.105426
20	3	0.992264	1.32022	12.5283	0.105379	0.814066	1.09142	19.0989	0.0571455
20	4	1.28694	1.35749	11.6269	0.116754	1.27233	1.05876	16.2667	0.0650872
20	5	2.67976	2.40314	11.3414	0.211892	1.47763	1.21389	25.0613	0.0484369
20	6	-7.62426	-7.74666	24.635	-0.314458	-7.57308	-7.70306	69.9507	-0.110121
20	7	-0.244305	-0.16895	61.3642	-0.00275324	2.84255	2.47493	35.2693	0.0701724
20	8	5.4047	5.72661	22.1555	0.258474	4.18224	4.60258	14.0638	0.327264
20	9	-0.0273538	-0.272102	12.1644	-0.0223686	-0.971671	-1.47465	8.34897	-0.176626
21	0	3.27455	3.1841	10.6386	0.299297	5.17737	4.48044	10.6386	0.42115
21	1	3.60759	3.35479	15.2495	0.219994	2.68488	1.93485	10.7603	0.179813
21	2	3.47524	3.41448	9.93878	0.343551	2.815	2.9759	9.47775	0.313987
21	3	-3.28139	-3.38675	11.304	-0.299607	-2.82317	-3.61417	18.2177	-0.198387
21	4	3.08817	3.19893	25.3338	0.126271	2.44234	2.50197	17.6622	0.141657
21	5	2.55012	2.24014	15.4571	0.144926	0.993813	1.0119	19.7555	0.0512215
21	6	0.480129	0.908665	19.4408	0.0467401	1.22286	2.12596	47.1178	0.0451202
21	7	1.07784	1.35449	14.3583	0.0943352	2.78368	2.80457	16.5464	0.169497
21	8	1.88003	1.79598	6.94565	0.258576	1.22879	0.863123	4.51578	0.191135
21	9	0.619203	0.524943	5.78405	0.0907571	0.647448	0.218775	6.46281	0.0338514
22	0	1.7964	1.80885	7.9108	0.228656	2.82538	2.47764	7.9108	0.313197
22	1	1.51822	1.57299	8.38382	0.187622	1.12036	0.813315	5.62124	0.144686
22	2	0.611563	0.444632	6.49016	0.0685086	0.681416	-0.0585719	7.84071	-0.00747022
22	3	-0.579369	-0.856247	7.78846	-0.109938	-0.277482	-1.67801	8.81369	-0.190386
22	4	1.39838	1.27836	10.2001	0.125329	0.766701	-0.0363941	11.8531	-0.00307042
22	5	2.08453	1.99058	10.4437	0.190601	1.13473	1.00892	11.4132	0.0883999
22	6	2.43954	2.28231	11.9094	0.19164	2.30252	2.38636	27.8233	0.0857683
22	7	1.75566	1.65406	12.1007	0.136691	2.25036	2.68047	17.7033	0.151411
22	8	0.678988	0.839248	7.29349	0.115068	1.59794	1.62403	4.11008	0.395133
22	9	1.57307	1.55074	6.44186	0.240728	0.799211	0.629436	7.54438	0.0834312
23	0	-0.761914	-0.693765	6.52112	-0.106387	-0.134006	-0.411967	6.52112	-0.0631742
23	1	3.05852	3.10977	7.14319	0.435348	3.27005	3.16407	5.77661	0.547738
23	2	1.31107	1.24889	7.97222	0.156655	0.780196	0.365395	5.86307	0.0623215
23	3	2.1235	2.49317	7.32121	0.340541	1.85248	2.37194	7.68436	0.308671
23	4	1.64216	1.63282	8.01584	0.203699	2.29444	1.71256	9.27057	0.184731
23	5	0.850766	0.865142	10.7202	0.0807023	-0.883074	-0.891059	14.2315	-0.0626118
23	6	-3.15945	-2.64555	12.0478	-0.219589	-4.32115	-4.07584	16.8771	-0.2415
23	7	-1.60307	-1.85258	16.2798	-0.113797	1.0561	0.381903	10.419	0.0366543
23	8	2.28045	2.2752	7.36026	0.309119	1.53808	2.34833	8.79055	0.267142
23	9	0.0744755	0.193467	6.84166	0.0282777	0.742987	0.621516	6.71048	0.0926187
24	0	0.556859	0.627367	10.4703	0.0599189	1.70899	1.31303	10.4703	0.125405
24	1	1.78358	1.87118	10.6818	0.175175	1.87578	1.62754	13.5332	0.120263
24	2	2.5491	2.63304	12.4908	0.210799	1.78744	1.7137	10.6836	0.160405
24	3	2.91417	2.92252	11.6014	0.25191	2.89258	2.50014	14.9475	0.167262
24	4	1.51895	1.40704	10.8209	0.13003	0.954525	0.3704	13.6767	0.0270825
24	5	2.55983	1.78018	11.4544	0.155415	1.01154	-0.0615957	24.0878	-0.00255713
24	6	1.9704	2.16898	25.5055	0.0850397	2.31624	2.76234	57.2866	0.0482196
24	7	3.68967	3.64487	20.4265	0.178438	5.99421	5.80222	42.7836	0.135618
24	8	1.61708	1.67066	12.2446	0.136441	0.882371	0.770555	1.82886	0.42133
24	9	1.28946	1.24188	3.27584	0.379101	0.742954	0.959669	2.17852	0.440515
25	0	1.36987	1.33253	8.36026	0.159388	2.65211	2.65343	8.36026	0.317386
25	1	3.1923	2.93053	8.53721	0.343266	2.89529	2.07217	8.43052	0.245794
25	2	2.99691	3.28031	10.4871	0.312794	2.36271	2.90231	9.71545	0.298731
25	3	-1.65751	-1.4358	8.94395	-0.160533	-2.19208	-1.74031	9.40746	-0.184992
25	4	0.424709	0.373992	12.2884	0.0304346	0.974049	0.878102	9.94876	0.0882625
25	5	1.399	1.33984	9.43998	0.141933	0.60993	0.234242	11.0437	0.0212105
25	6	0.64321	0.850704	9.4775	0.0897603	0.866397	0.999175	21.8971	0.0456304
25	7	3.17766	3.30615	18.8992	0.174937	3.32924	3.84654	25.3692	0.151622
25	8	-0.0582499	0.0121747	9.16269	0.00132873	-0.262801	0.130377	4.3747	0.0298026
25	9	0.75677	0.825833	5.31134	0.155485	1.43368	1.0208	4.38636	0.232721
26	0	0.079361	-0.0451613	11.2535	-0.00401311	1.15835	1.15787	11.2535	0.10289
26	1	4.78841	4.56719	10.5915	0.431212	5.49165	4.6191	7.41923	0.622585
26	2	2.74697	2.86522	11.4422	0.250408	1.05702	1.41797	7.76887	0.18252
26	3	-0.456628	-0.794142	7.62891	-0.104096	-0.281372	-0.864145	6.74391	-0.128137
26	4	3.61546	3.66541	8.8073	0.416179	4.23606	4.36268	14.1844	0.307568
26	5	2.94227	2.74211	21.2552	0.129009	1.67161	1.08187	17.625	0.0613827
26	6	3.11832	3.33361	16.9046	0.197202	3.01773	3.24208	32.77	0.0989343
26	7	-5.03144	-4.81961	13.3844	-0.360091	-4.61806	-4.92674	15.5699	-0.316428
26	8	1.07722	1.13513	9.04927	0.125439	1.99378	1.48241	4.77555	0.310417
26	9	3.0808	2.83068	8.00501	0.353614	1.32622	1.88991	7.39787	0.255466
27	0	1.33639	1.06242	7.09201	0.149806	3.12081	1.99433	7.09201	0.281208
27	1	1.34366	0.968979	8.17856	0.118478	-0.429756	-0.72239	5.53716	-0.130462
27	2	-0.255683	-0.0841183	6.2763	-0.0134025	0.303334	-0.0694148	4.07076	-0.017052
27	3	3.30772	3.20241	5.87753	0.544855	3.68576	3.12708	6.83658	0.457404
27	4	2.36373	2.67848	8.49102	0.315448	2.17387	1.96338	5.99846	0.327314
27	5	2.58057	2.11742	7.967	0.265774	2.13379	0.985051	7.99572	0.123197
27	6	1.47846	1.46416	10.3502	0.141462	0.336365	1.08728	21.6322	0.0502621
27	7	-3.93168	-4.01651	14.9044	-0.269485	-3.18945	-3.55298	10.0985	-0.351832
27	8	0.258464	0.157684	6.94075	0.0227186	1.1813	0.588517	2.97451	0.197853
27	9	1.46273	1.62317	5.99638	0.270692	0.734657	0.757173	5.14064	0.147292
28	0	0.330012	0.372313	9.95167	0.0374121	1.58155	1.33103	9.95167	0.133749
28	1	0.799761	0.904096	9.88108	0.0914977	1.05438	0.174636	10.7832	0.0161952
28	2	3.12921	3.04107	13.2394	0.229699	2.61009	2.10818	9.76607	0.215868
28	3	-0.773235	-0.705106	11.5741	-0.0609212	-0.866216	-1.48975	9.60459	-0.155108
28	4	3.49209	3.6701	7.97713	0.460078	2.22493	2.77852	8.33604	0.333315
28	5	0.957886	0.936514	12.4918	0.07497	0.649714	0.472697	10.9907	0.043009
28	6	2.27879	2.07795	10.5196	0.197531	3.68296	1.66768	19.3299	0.0862747
28	7	3.13383	3.24512	10.9598	0.296092	2.76308	3.03877	27.5646	0.110242
28	8	2.10341	1.9358	7.93883	0.243839	2.54881	1.96247	4.3186	0.454422
28	9	1.74363	1.69694	7.37081	0.230225	0.899703	0.780763	4.54371	0.171834
29	0	0.581993	0.438625	9.71224	0.0451621	2.50609	1.5475	9.71224	0.159335
29	1	0.848496	1.09153	9.8529	0.110783	-0.291152	-0.586921	6.77232	-0.0866647
29	2	3.60408	3.36985	8.5637	0.393503	4.79774	3.70498	9.02387	0.410576
29	3	3.2982	3.23658	11.707	0.276465	0.698372	0.712376	5.83323	0.122124
29	4	1.02258	0.956256	7.85589	0.121725	2.13535	1.92175	8.92899	0.215225
29	5	2.35451	1.86652	9.77835	0.190883	1.70965	0.612606	12.6728	0.0483403
29	6	0.46799	-0.348713	12.6646	-0.0275344	-0.497472	-0.970272	29.2366	-0.0331869
29	7	-0.358312	-0.44534	23.2744	-0.0191343	0.698225	0.703225	21.2603	0.0330769
29	8	1.6155	1.95343	8.80179	0.221936	2.4442	2.52719	8.27633	0.305351
29	9	0.735598	0.537974	8.67323	0.062027	-0.669861	-0.422828	8.11079	-0.0521316
30	0	2.18512	2.32507	9.75963	0.238233	3.43371	3.55133	9.75963	0.363879
30	1	1.29095	1.35217	12.1596	0.111202	1.12648	0.390905	9.61048	0.0406749
30	2	2.64204	2.62289	8.98684	0.291859	2.53236	2.08382	11.2713	0.184877
30	3	2.09074	2.00846	11.1032	0.180891	1.29459	1.13163	16.65	0.0679657
30	4	0.341342	0.623454	9.60618	0.0649014	-0.45329	-0.222243	14.7319	-0.0150858
30	5	2.32532	2.30775	12.4671	0.185107	1.57561	2.16438	29.8502	0.0725083
30	6	3.96967	4.00449	29.8442	0.13418	2.97806	4.01428	60.1606	0.0667261
30	7	0.148361	0.17059	24.1877	0.00705276	2.65663	2.81703	39.8071	0.0707671
30	8	0.930185	0.818355	11.1458	0.073423	1.15971	0.963571	4.52255	0.213059
30	9	-0.0680824	0.0854359	5.11938	0.0166887	-0.248413	-0.0514522	3.30803	-0.0155538
31	0	1.67943	1.51294	8.72315	0.17344	2.62098	2.11999	8.72315	0.24303
31	1	1.40705	1.51413	8.32783	0.181815	0.929948	0.636211	10.1952	0.062403
31	2	2.92895	2.58388	10.5856	0.244093	3.38493	2.83901	10.6363	0.266918
31	3	-2.2917	-2.49256	10.5736	-0.235734	-3.5785	-4.06154	12.1022	-0.335603
31	4	-5.58018	-5.58506	21.6146	-0.258393	-6.12626	-6.84878	26.4266	-0.259162
31	5	-0.433275	-0.354525	31.3856	-0.0112958	3.06402	2.13971	11.8853	0.180031
31	6	4.57001	4.43952	12.6664	0.350497	4.49842	2.88955	14.2078	0.203377
31	7	2.81593	2.86123	10.293	0.277977	-0.169304	0.482372	2.50665	0.192437
31	8	-0.0176605	0.00060598	4.49568	0.000134792	0.707501	0.533897	3.60249	0.148202
31	9	1.4127	1.59203	5.13803	0.309852	2.99161	1.94294	3.2499	0.597846
32	0	1.65537	1.8729	10.2579	0.182581	3.48305	3.45988	10.2579	0.337288
32	1	4.48093	4.39633	12.1779	0.361008	3.50735	3.04726	8.27814	0.368109
32	2	0.427319	0.370636	10.6627	0.0347602	-1.25052	-1.3586	10.3	-0.131903
32	3	-1.203	-1.13744	10.2648	-0.11081	0.591581	0.636009	16.8178	0.0378177
32	4	2.72387	2.82787	16.7164	0.169167	1.97672	1.49445	13.6135	0.109777
32	5	1.13607	1.30009	11.5046	0.113006	-0.537701	-0.680164	15.8452	-0.0429255
32	6	-2.66418	-2.93078	13.6172	-0.215227	-0.157952	-0.0445417	31.1851	-0.0014283
32	7	5.53291	6.03626	26.899	0.224405	5.04117	5.63118	19.7787	0.28471
32	8	1.18845	1.1824	7.68208	0.153917	0.392157	0.667635	2.6719	0.249873
32	9	0.989028	1.21421	4.05333	0.299557	1.05003	0.824274	3.95394	0.208469
33	0	3.84411	3.85177	10.9429	0.351989	5.55753	5.37746	10.9429	0.491412
33	1	3.84879	3.88666	16.598	0.234164	2.42121	2.52417	10.8947	0.231687
33	2	2.15919	1.97202	8.32495	0.236881	2.17517	1.74085	8.96473	0.194189
33	3	-3.37506	-3.33958	9.45186	-0.353326	-3.5693	-3.75218	14.0086	-0.267848
33	4	3.77091	3.51218	24.9337	0.140861	4.10678	4.2068	24.6278	0.170815
33	5	1.68052	1.952	20.5129	0.0951598	-0.410595	0.0101662	20.44	0.000497368
33	6	1.98044	1.93006	16.0488	0.120262	1.75981	3.08561	45.0379	0.0685113
33	7	-5.4067	-5.45296	18.6213	-0.292834	-3.55567	-4.05301	21.647	-0.187232
33	8	0.161477	0.392124	9.11313	0.0430285	0.00735245	0.00792663	3.97703	0.00199311
33	9	1.86223	1.73371	5.30758	0.326647	1.85049	1.8327	6.66229	0.275085
34	0	0.588185	0.473826	9.96326	0.0475574	2.04484	1.25106	9.96326	0.125568
34	1	5.02627	4.93334	9.40564	0.524508	4.53984	4.21397	10.5922	0.397837
34	2	2.60871	2.57643	11.6931	0.220338	1.40165	1.6272	9.42935	0.172567
34	3	-3.81716	-3.80608	8.43783	-0.451073	-2.40393	-2.87022	13.7051	-0.209427
34	4	5.39802	5.37818	18.3173	0.293612	5.27441	5.14066	17.1385	0.299948
34	5	3.26024	3.10863	22.2096	0.139968	1.08774	0.689672	28.3158	0.0243565
34	6	0.162144	0.322579	22.0864	0.0146053	1.98419	2.2938	56.5758	0.0405439
34	7	2.14816	2.49158	31.8861	0.0781398	2.17182	1.99064	27.064	0.0735531
34	8	2.32647	2.4773	8.11548	0.305256	1.4626	1.92558	3.72226	0.517314
34	9	2.28693	2.18615	5.75895	0.37961	2.86341	2.56125	5.15402	0.496943
35	0	2.29925	2.23604	9.92091	0.225387	3.88395	3.55544	9.92091	0.358379
35	1	4.14202	4.14401	11.1058	0.373141	3.52842	3.38211	7.83999	0.431392
35	2	1.49287	1.32846	9.2255	0.143999	1.17679	0.750308	5.95375	0.126023
35	3	3.07872	2.78032	6.57359	0.422953	2.48401	1.76112	8.1993	0.214789
35	4	1.22955	1.36787	7.71353	0.177334	0.784293	0.598718	10.1136	0.0591993
35	5	-0.777139	-0.949895	9.78462	-0.0970805	-4.93278	-4.65077	16.852	-0.275978
35	6	-7.77804	-7.57905	14.3775	-0.527145	-3.52991	-2.29198	13.4055	-0.170973
35	7	-1.58351	-1.82216	9.35052	-0.194872	-0.748921	-1.681	15.685	-0.107172
35	8	-0.46596	-0.451056	8.91488	-0.0505959	-0.911384	-0.984988	11.2782	-0.0873358
35	9	0.744565	0.95224	7.94101	0.119914	1.88598	1.59878	6.54228	0.244377
36	0	-0.683554	-0.642892	11.2296	-0.0572498	1.12265	0.312953	11.2296	0.0278686
36	1	4.36994	4.53424	11.4065	0.397513	3.77759	3.32475	11.3605	0.29266
36	2	3.44242	3.68956	11.3206	0.325916	3.32207	2.60289	9.48639	0.274382
36	3	2.45777	2.62921	9.72034	0.270485	1.71566	1.70033	10.2743	0.165493
36	4	2.10825	2.27291	8.10781	0.280336	1.18599	1.53293	14.3471	0.106846
36	5	0.479649	0.984969	11.0707	0.0889707	-0.60621	0.633804	23.3999	0.0270857
36	6	1.53162	1.94486	15.7928	0.123148	3.51327	3.00277	38.4963	0.0780016
36	7	2.74365	2.63351	16.2329	0.162233	3.03752	2.62561	15.9961	0.164141
36	8	1.17876	1.50076	7.9378	0.189065	0.351719	0.625495	4.21143	0.148523
36	9	1.66664	1.45573	5.29373	0.274991	1.89904	1.79482	7.2371	0.248003
37	0	-1.13416	-1.09165	10.2419	-0.106587	-0.592998	-0.991996	10.2419	-0.0968568
37	1	3.19662	3.35657	9.37482	0.35804	4.02443	3.80279	10.0386	0.378817
37	2	2.96209	2.91782	10.9724	0.265923	2.20809	1.55458	8.27783	0.1878
37	3	-0.00978076	0.106773	8.91923	0.0119711	-0.152852	-0.356129	13.5495	-0.0262835
37	4	2.61474	2.86393	12.1364	0.23598	1.50888	1.87711	12.4253	0.151071
37	5	-1.50549	-1.13444	12.0733	-0.0939627	-4.06161	-3.76163	16.9422	-0.222027
37	6	-0.0154333	0.00562681	15.1902	0.000370423	3.84276	2.79553	15.6652	0.178455
37	7	3.02508	2.6985	10.3915	0.259685	3.09366	2.34891	20.734	0.113288
37	8	2.06098	2.08272	9.39284	0.221734	1.38317	1.23749	6.75237	0.183268
37	9	3.16534	3.16551	7.14055	0.443314	2.74003	3.19709	8.40955	0.380174
38	0	2.23668	2.22649	8.36123	0.266287	3.58427	3.0803	8.36123	0.368403
38	1	2.51609	2.60434	11.1734	0.233083	1.70705	1.8524	9.0223	0.205313
38	2	1.66428	1.41922	9.27047	0.15309	1.60719	1.06299	6.41504	0.165703
38	3	2.36111	2.25461	7.60362	0.296518	1.12525	1.48929	7.0281	0.211905
38	4	-0.997063	-0.947781	8.61426	-0.110025	-0.123392	-0.291831	9.22631	-0.0316303
38	5	-2.67263	-2.30301	8.77816	-0.262356	-5.22369	-5.3306	13.9113	-0.383186
38	6	-0.209226	-0.0103177	18.4988	-0.000557752	2.51912	2.42649	8.09495	0.299754
38	7	1.64267	1.48222	10.9079	0.135885	1.74436	1.34379	7.42395	0.181008
38	8	1.78308	1.81491	6.00891	0.302036	0.897406	1.20022	6.46604	0.18562
38	9	-1.16379	-1.28376	8.68312	-0.147846	-1.04701	-1.04759	7.61838	-0.137509
39	0	0.28049	0.128341	8.61529	0.0148968	1.83046	1.10224	8.61529	0.12794
39	1	1.67054	1.62554	9.62698	0.168853	1.50032	0.632289	7.53999	0.0838581
39	2	1.83606	1.71669	7.46635	0.229923	0.597783	0.353442	6.43573	0.0549187
39	3	-0.00868141	0.147536	6.5066	0.0226748	0.565531	0.353911	7.74406	0.045701
39	4	1.90706	2.25657	8.79686	0.25652	2.16977	2.3557	10.1545	0.231985
39	5	3.8286	3.52284	12.0383	0.292636	4.23978	3.28347	16.5376	0.198546
39	6	4.58649	4.61946	20.8398	0.221665	3.66897	3.27914	33.5559	0.0977217
39	7	0.897899	0.805055	13.3497	0.0603053	0.299786	0.108395	6.6812	0.0162239
39	8	1.94931	1.98023	6.0892	0.325203	1.84212	2.23997	6.38994	0.350546
39	9	1.73683	1.57596	7.04227	0.223786	2.32669	2.0763	4.81032	0.431635
40	0	1.01585	1.07526	7.62536	0.141011	1.8746	1.8528	7.62536	0.242978
40	1	1.96703	2.07515	9.32082	0.222636	1.3533	1.49337	6.21486	0.24029
40	2	2.37567	2.20218	7.09451	0.310406	3.55342	2.73911	7.48247	0.36607
40	3	3.43417	3.42013	9.48035	0.36076	1.88033	2.02213	11.4684	0.176322
40	4	-0.727741	-0.960342	8.68444	-0.110582	-0.662526	-1.50517	11.6128	-0.129613
40	5	1.26872	1.8186	13.3512	0.136212	0.809508	1.25253	18.2272	0.0687176
40	6	-3.74741	-4.09531	14.0305	-0.291887	-1.23339	-3.14638	33.9103	-0.0927856
40	7	4.96308	5.13137	32.2648	0.159039	3.36157	3.62278	38.2995	0.0945909
40	8	1.73112	1.86476	10.0059	0.186366	2.0976	1.85018	3.63046	0.509628
40	9	1.09436	0.740818	7.14835	0.103635	-0.11826	-0.5734	7.27845	-0.0787806
41	0	-1.96771	-1.86982	10.644	-0.175669	-0.638339	-1.56004	10.644	-0.146566
41	1	3.93465	3.82714	11.3242	0.337961	3.40039	3.15794	9.95253	0.317301
41	2	1.76329	1.46215	10.0594	0.145352	2.08008	0.940823	6.03695	0.155844
41	3	2.62538	2.53527	7.3032	0.347145	1.14117	1.2113	8.20109	0.1477
41	4	1.42895	1.01014	7.4356	0.135853	1.64341	1.23345	8.724	0.141386
41	5	0.0898101	0.357457	9.20337	0.0388398	-0.866182	-0.913131	10.8756	-0.0839617
41	6	1.14118	1.0365	9.13413	0.113476	1.20284	1.71219	24.0239	0.0712703
41	7	1.29284	1.34148	8.86386	0.151343	3.26376	2.76075	5.81735	0.474571
41	8	2.50788	2.43184	6.20189	0.392112	1.79741	1.48399	6.2375	0.237915
41	9	0.990013	1.19186	8.19866	0.145372	0.728419	0.829652	7.32532	0.113258
42	0	-0.881648	-0.961833	11.935	-0.080589	1.0192	-0.0814019	11.935	-0.00682041
42	1	2.52912	2.50529	11.8673	0.211109	2.13287	1.01755	9.1582	0.111108
42	2	4.18733	4.39768	9.38272	0.4687	3.53354	4.02623	12.2943	0.327488
42	3	3.1166	3.0567	17.1031	0.178722	2.71514	2.19555	11.6141	0.189042
42	4	2.22004	2.39722	10.2957	0.232836	1.18213	1.52349	13.9977	0.108838
42	5	-1.6714	-2.10953	10.8061	-0.195218	-3.00867	-4.02205	18.5148	-0.217234
42	6	3.90326	4.02927	20.4596	0.196938	4.22232	4.56699	37.2886	0.122477
42	7	0.544162	0.416938	22.3145	0.0186846	2.08502	1.76845	30.1775	0.0586017
42	8	0.166306	0.404182	12.8896	0.0313571	0.193031	0.270279	17.2745	0.0156461
42	9	2.47937	2.63222	14.4588	0.18205	1.81325	2.0446	18.1436	0.11269
43	0	-1.50615	-1.37799	9.33735	-0.147579	-0.724758	-0.715612	9.33735	-0.0766397
43	1	3.39589	3.35594	8.03402	0.417717	3.6294	3.06542	10.3943	0.294914
43	2	2.39308	2.53013	12.6065	0.2007	1.60982	2.37321	8.65615	0.274165
43	3	0.545727	0.571011	7.77036	0.0734858	0.762287	0.690152	3.93342	0.175459
43	4	0.935053	1.18384	6.6297	0.178566	1.20714	1.02437	7.1139	0.143996
43	5	0.736143	0.409642	8.66252	0.047289	-0.718136	-1.57287	7.2779	-0.216116
43	6	-0.48608	-0.53379	9.50625	-0.0561515	0.770642	0.585632	10.8284	0.054083
43	7	1.77887	1.14848	8.04838	0.142697	1.9684	0.799619	5.22846	0.152936
43	8	0.664786	0.48879	5.67374	0.0861495	-0.685841	-0.365618	4.61407	-0.0792399
43	9	0.557345	0.833473	6.19214	0.134602	2.3272	2.05475	6.51169	0.315548
44	0	0.833064	0.938744	9.51048	0.0987063	3.06993	2.30452	9.51048	0.242314
44	1	2.35517	2.58888	9.48555	0.272929	1.17022	1.15093	6.20489	0.185488
44	2	0.407668	0.329531	7.75056	0.0425171	-0.539787	-0.957269	7.8515	-0.121922
44	3	0.441248	0.555052	8.14596	0.0681383	1.11617	0.425169	7.14388	0.0595151
44	4	2.84605	2.71406	8.16656	0.332339	2.57173	2.85116	8.6943	0.327934
44	5	0.854844	1.1066	10.8215	0.102259	1.03712	0.287807	5.03351	0.057178
44	6	0.911678	1.33203	6.5527	0.20328	-0.0210107	0.366966	13.6649	0.0268546
44	7	2.36656	2.1897	15.4016	0.142173	3.22847	2.66722	20.5509	0.129786
44	8	1.35489	1.49391	7.35773	0.203039	1.18969	1.4406	7.69789	0.187142
44	9	0.360942	0.45046	7.71991	0.0583504	-1.1221	-0.551456	6.98792	-0.0789157
45	0	2.7992	2.64904	10.2331	0.25887	3.77721	3.83935	10.2331	0.375189
45	1	3.90325	4.09545	12.54	0.32659	3.40816	3.67948	6.85513	0.536748
45	2	1.30899	1.26741	9.15592	0.138425	1.69435	0.96062	9.01826	0.106519
45	3	3.80051	3.94293	8.45149	0.466537	2.20008	2.52852	12.528	0.20183
45	4	0.264989	0.423398	8.12981	0.0520797	0.668685	0.494505	10.5114	0.0470445
45	5	0.0543498	0.0547119	8.1363	0.00672442	-0.508336	-0.646318	18.7735	-0.0344271
45	6	2.39754	2.6353	14.996	0.175734	2.18133	2.33922	36.0498	0.0648886
45	7	-2.5629	-2.44295	14.3445	-0.170306	-0.658593	-0.962518	36.1955	-0.0265922
45	8	3.88475	4.04654	28.6082	0.141447	3.05414	3.4038	23.5035	0.144821
45	9	-0.523399	-0.435535	12.5233	-0.0347779	0.188826	-0.0446225	13.5666	-0.00328916
46	0	1.14624	1.22094	9.28472	0.1315	2.04271	1.71981	9.28472	0.18523
46	1	1.8548	1.99825	10.0768	0.198301	1.36382	1.45356	8.9373	0.162639
46	2	1.87071	1.91386	7.18635	0.266319	1.15938	1.44086	8.50391	0.169435
46	3	-3.72912	-3.70584	10.0043	-0.370426	-1.92767	-2.27271	16.8901	-0.134559
46	4	3.37051	3.26942	21.7722	0.150165	2.37759	2.50762	17.3266	0.144727
46	5	1.67944	1.86271	13.2014	0.1411	-0.29962	-0.243285	14.5501	-0.0167205
46	6	1.68778	1.26164	11.2241	0.112404	1.95734	1.24935	31.6299	0.0394989
46	7	-8.37678	-8.4722	12.4955	-0.678022	-7.55927	-7.7758	38.0906	-0.20414
46	8	3.0741	3.11116	15.8241	0.196609	3.65946	3.76735	9.46153	0.398176
46	9	3.40019	3.31802	13.3622	0.248315	3.77444	3.10495	13.0645	0.237663
47	0	2.81953	2.59599	12.4779	0.208047	4.77656	4.12343	12.4779	0.33046
47	1	1.5984	1.55427	13.9383	0.11151	0.312885	-0.18028	11.5349	-0.0156291
47	2	-1.23731	-1.29774	11.0632	-0.117302	-2.61082	-2.7904	13.7203	-0.203377
47	3	3.27892	3.417	14.8789	0.229654	4.87228	4.72506	15.1422	0.312045
47	4	2.4177	2.44275	11.9483	0.204443	1.1024	0.793521	14.1882	0.0559284
47	5	0.354728	0.400545	10.934	0.0366329	-1.66229	-1.48387	23.5794	-0.0629308
47	6	0.560829	0.733744	18.8603	0.0389041	2.20389	2.13147	33.1318	0.064333
47	7	-7.96061	-8.05958	13.4138	-0.600841	-7.55273	-8.31263	36.0804	-0.230391
47	8	-1.16185	-0.8756	15.8123	-0.0553748	0.716289	-0.0661671	6.60859	-0.0100123
47	9	3.65718	3.6561	8.81756	0.414638	2.83024	2.32133	7.49817	0.309587
48	0	0.0612561	0.198524	7.80117	0.0254479	1.90913	1.55294	7.80117	0.199065
48	1	2.5501	2.39695	9.24171	0.259362	2.43399	1.64204	9.40043	0.174677
48	2	3.67633	3.72415	8.25626	0.45107	3.26132	2.94743	8.30569	0.354869
48	3	1.59325	1.51442	10.5626	0.143376	0.873561	0.246186	8.42312	0.0292274
48	4	-1.81827	-1.91829	8.58919	-0.223338	-3.34533	-3.39585	7.06477	-0.480674
48	5	-0.457075	-0.735243	10.0874	-0.0728872	1.26543	0.244428	6.33303	0.0385958
48	6	2.30505	1.98998	6.1754	0.322242	1.62267	1.34645	7.37475	0.182575
48	7	0.780899	0.547437	7.56629	0.0723521	1.38278	0.737481	3.83742	0.192182
48	8	0.959482	0.986069	4.10075	0.24046	0.18267	0.5421	3.57953	0.151444
48	9	0.306512	0.102684	6.41557	0.0160055	1.23589	1.01971	6.09248	0.167371
49	0	2.98944	3.15036	10.6258	0.296483	4.95231	4.59695	10.6258	0.432623
49	1	-0.194076	-0.168089	15.8752	-0.0105881	-1.98222	-2.82324	9.00055	-0.313674
49	2	0.0681481	0.43423	10.7693	0.040321	0.183255	0.526006	7.77006	0.0676966
49	3	1.0971	1.12454	7.71971	0.145671	1.60741	1.44918	7.0128	0.206647
49	4	1.96786	1.82477	9.61124	0.189858	1.67327	1.2141	6.69722	0.181285
49	5	0.0833599	0.320349	6.40722	0.0499981	-0.479741	-0.793184	7.24158	-0.109532
49	6	3.19616	3.14399	9.51146	0.330548	3.07742	3.16526	11.2256	0.281968
49	7	1.50044	1.45397	10.4976	0.138504	2.08277	2.19128	11.5653	0.18947
49	8	1.71859	1.3782	7.73049	0.178281	1.76531	1.10952	6.21637	0.178483
49	9	1.42959	1.57942	6.24231	0.253019	1.62097	1.40982	10.538	0.133784
50	0	2.60462	2.48586	8.49467	0.292638	4.35749	3.33025	8.49467	0.39204
50	1	5.59165	5.41544	11.5612	0.468415	4.7606	4.3091	12.073	0.356919
50	2	2.0752	2.13708	12.5652	0.170079	1.32576	1.05489	11.7401	0.0898531
50	3	-3.75595	-3.94554	9.98469	-0.395159	-2.47945	-3.15823	18.0998	-0.17449
50	4	5.00719	5.00411	27.7568	0.180284	3.48487	3.54956	24.6536	0.143977
50	5	0.989224	1.1299	19.2915	0.0585701	-1.89959	-1.22806	32.0026	-0.0383736
50	6	0.822622	1.08668	21.6779	0.0501284	2.74835	2.04531	50.4198	0.0405656
50	7	2.45471	2.24338	18.7384	0.119721	4.17395	3.62028	40.3312	0.0897639
50	8	2.22189	2.16298	10.8398	0.199542	1.49392	1.78171	6.40203	0.278304
50	9	0.853153	0.930851	6.91464	0.13462	1.19189	1.23497	4.16003	0.296866
51	0	2.0049	2.11553	8.00328	0.264333	3.39753	3.19595	8.00328	0.39933
51	1	2.0916	2.08065	8.81713	0.235978	1.68246	1.32253	4.84444	0.273
51	2	1.44836	1.32942	7.34324	0.181041	0.452384	0.420311	6.04167	0.0695688
51	3	-0.917227	-0.706881	7.49233	-0.0943472	-0.442547	-0.393815	5.87423	-0.0670411
51	4	0.12575	0.0170872	9.62793	0.00177475	1.04751	0.561557	10.9519	0.0512751
51	5	3.49937	4.11549	10.3536	0.397494	1.78119	3.27005	14.055	0.232661
51	6	2.56675	2.82576	18.6214	0.151748	2.98268	2.20005	18.7507	0.117332
51	7	3.72847	3.56172	11.4806	0.31024	5.16872	3.9439	13.4972	0.292202
51	8	2.96181	3.05927	8.43121	0.36285	1.67642	1.87703	6.52699	0.28758
51	9	-0.0837802	0.266739	6.45262	0.041338	-0.0819913	-0.0554805	3.68088	-0.0150726
52	0	1.72361	1.71421	12.4218	0.138	2.40648	2.627	12.4218	0.211483
52	1	-0.0633834	0.00375172	13.4705	0.000278515	0.917289	0.320892	13.3655	0.024009
52	2	3.48411	3.75144	14.2206	0.263804	3.39015	3.41191	10.5536	0.323292
52	3	3.80143	3.76534	14.3926	0.261617	3.28794	2.67114	16.771	0.159271
52	4	0.824488	1.05387	15.2734	0.0690006	-0.328481	-0.0550976	15.8288	-0.00348085
52	5	1.2806	1.22903	14.7616	0.0832581	0.954793	0.477207	16.7817	0.0284362
52	6	3.09022	2.80202	13.6765	0.204878	2.65608	2.26537	29.4143	0.0770158
52	7	-0.0452793	-0.0375159	12.8441	-0.00292086	0.451871	0.335074	21.9196	0.0152865
52	8	1.31559	1.3258	14.3227	0.0925662	2.21056	1.64517	15.5824	0.105579
52	9	1.85519	1.59628	11.0082	0.145008	2.08668	1.21121	5.58715	0.216785
53	0	2.00343	1.97857	11.824	0.167335	4.16063	3.30396	11.824	0.279428
53	1	1.63994	1.66748	12.327	0.135271	-0.0551726	-0.544411	8.80181	-0.0618521
53	2	1.05747	1.1762	8.91068	0.131999	0.735433	0.714561	6.80259	0.105042
53	3	2.86854	2.60066	9.02424	0.288186	3.32638	2.54881	10.5503	0.241586
53	4	3.97483	4.15987	9.74465	0.426887	3.5275	3.487	12.4845	0.279307
53	5	1.44643	1.70707	14.8485	0.114966	-0.528638	0.12377	23.8055	0.00519922
53	6	1.49803	1.94875	17.1689	0.113505	2.59871	2.73082	48.991	0.0557413
53	7	1.15136	1.09141	17.1938	0.0634771	2.137	1.99486	42.6191	0.0468068
53	8	2.35687	2.12553	11.0052	0.193138	3.22422	2.224	5.25082	0.423554
53	9	2.11488	2.26026	8.84563	0.255523	0.180751	0.802413	6.60208	0.121539
54	0	-0.563728	-0.514289	9.25831	-0.0555489	0.0584199	0.172468	9.25831	0.0186284
54	1	1.55086	1.5959	8.37173	0.19063	2.44278	1.72286	5.96031	0.289056
54	2	0.987826	0.860484	7.7767	0.110649	-0.0896401	-0.637113	5.75137	-0.110776
54	3	3.67785	3.94155	7.21843	0.546039	3.75366	4.01998	9.60142	0.418685
54	4	2.33714	2.0086	9.35602	0.214685	2.9767	1.86427	7.00482	0.266141
54	5	2.64584	2.64342	10.5255	0.251145	0.259289	0.256058	8.95051	0.0286082
54	6	0.643468	0.779738	9.25145	0.0842828	1.69279	1.65655	17.508	0.0946166
54	7	1.88901	1.76916	7.99991	0.221148	2.33864	2.36759	12.8606	0.184096
54	8	1.02767	1.13446	6.09794	0.18604	0.249353	0.87013	7.03259	0.123728
54	9	-0.458324	-0.0190313	6.43932	-0.00295548	-0.278738	0.00254535	4.22326	0.000602696
55	0	2.26724	2.19521	9.26707	0.236883	3.70476	2.94366	9.26707	0.317647
55	1	0.661922	0.632915	11.3881	0.0555771	0.664217	-0.856687	10.1182	-0.0846679
55	2	3.19314	3.32276	10.8647	0.305829	2.6699	2.56941	7.52576	0.341416
55	3	6.18036	6.10956	10.1161	0.603944	4.88112	5.0972	11.3687	0.448355
55	4	2.94672	2.52528	13.5118	0.186894	3.85208	3.06627	17.4452	0.175766
55	5	2.16129	1.68769	16.4387	0.102666	-0.0189565	-1.59136	32.5768	-0.0488494
55	6	4.34231	4.28665	23.9597	0.178911	3.92904	4.44306	80.8214	0.0549737
55	7	0.335343	0.848182	30.6901	0.027637	2.79671	3.53265	46.1493	0.0765484
55	8	2.22218	2.06031	13.4283	0.15343	1.49167	2.01004	4.82228	0.416823
55	9	0.962542	0.823783	6.92992	0.118873	1.88186	1.63127	7.01483	0.232545
56	0	2.72316	2.6075	10.5293	0.247642	4.43264	4.08503	10.5293	0.387968
56	1	5.07943	4.94919	13.1118	0.377459	3.8521	3.5994	8.69555	0.413936
56	2	-0.030521	-0.250873	10.9495	-0.0229119	-0.995531	-1.43009	10.5729	-0.135259
56	3	-0.836483	-0.89058	9.26592	-0.0961134	0.338992	-0.217501	11.8989	-0.0182791
56	4	-3.19004	-3.46044	12.7948	-0.270458	-4.91298	-6.18177	14.1169	-0.437899
56	5	0.69746	0.338217	22.1472	0.0152713	3.46222	3.56509	18.7845	0.189789
56	6	3.07672	2.83667	18.6386	0.152193	1.53608	0.746259	20.9549	0.0356126
56	7	3.99794	3.72057	15.8053	0.235401	4.16224	4.3727	18.6563	0.234383
56	8	1.33206	1.52009	9.59258	0.158465	0.860412	1.08628	4.64831	0.233694
56	9	1.44284	1.47889	5.84584	0.252981	2.35918	1.90431	7.62629	0.249703
57	0	0.449883	0.485309	8.36763	0.0579983	0.750134	0.877122	8.36763	0.104823
57	1	-0.496264	-0.452978	7.42616	-0.0609976	-0.0459059	-0.433198	6.02729	-0.0718728
57	2	1.95758	2.01967	7.8898	0.255985	2.65943	2.25566	5.68856	0.396526
57	3	1.01754	1.10913	6.47589	0.17127	-0.26858	-0.397896	4.6506	-0.0855579
57	4	-0.707351	-0.651539	7.25334	-0.0898261	-0.875813	-1.45034	9.37176	-0.154757
57	5	0.997115	1.13371	8.78336	0.129075	2.50773	2.3536	9.49814	0.247796
57	6	3.38497	3.06085	9.70506	0.315387	2.13349	1.43924	8.98609	0.160163
57	7	3.00655	2.91349	6.26158	0.465296	3.70447	2.9648	6.40289	0.463041
57	8	2.15961	2.22504	5.78781	0.384436	0.974245	1.53545	4.62769	0.331796
57	9	1.92941	1.65669	7.73693	0.214127	1.71097	1.84307	9.5719	0.19255
58	0	3.25167	3.38225	9.07533	0.372686	4.38763	4.26662	9.07533	0.470134
58	1	4.98544	5.18932	12.9649	0.400259	4.9704	4.89739	11.9241	0.410714
58	2	-0.737932	-1.01928	12.1553	-0.0838545	-2.78836	-3.33085	11.7234	-0.284119
58	3	1.18713	1.15663	15.1167	0.0765136	1.79999	1.99001	18.6734	0.106569
58	4	-0.473909	-0.569763	8.92527	-0.063837	-1.02018	-1.20406	11.4795	-0.104888
58	5	1.21911	1.22938	13.3656	0.0919804	1.55387	1.36725	14.9854	0.0912385
58	6	3.3008	3.51707	15.1424	0.232266	2.46836	2.83372	32.6082	0.0869021
58	7	-2.46388	-2.36897	15.4132	-0.153698	0.253979	-0.224024	30.2798	-0.00739847
58	8	0.219384	0.0672107	22.7621	0.00295275	-0.785343	-1.23973	15.5446	-0.0797526
58	9	1.83756	1.81364	11.9506	0.151761	1.40116	1.44502	8.36327	0.172781
59	0	1.23592	1.21026	8.20137	0.147568	2.83973	2.78754	8.20137	0.339887
59	1	3.6713	3.69976	8.35885	0.442617	2.45387	2.59159	6.76672	0.382991
59	2	0.393566	0.548568	8.01352	0.0684553	0.451461	0.604955	7.25653	0.0833669
59	3	1.00018	0.935641	8.06117	0.116068	0.915314	0.846561	7.77469	0.108887
59	4	3.70173	3.53402	11.0365	0.320214	3.00125	3.83587	14.604	0.262659
59	5	2.21372	2.05211	18.0289	0.113823	2.59948	2.41672	11.9447	0.202325
59	6	3.95792	4.21113	16.2074	0.259828	3.68685	3.08805	28.0429	0.110119
59	7	2.16288	2.12636	13.993	0.151959	3.19182	2.65366	27.5509	0.0963184
59	8	0.220358	0.435837	9.836	0.0443104	-0.960986	-0.332244	6.01404	-0.0552447
59	9	0.574636	0.954153	7.21125	0.132314	0.451313	1.02721	7.10594	0.144556
60	0	2.59038	2.67732	11.8856	0.225258	4.35459	4.37044	11.8856	0.36771
60	1	3.42795	3.45609	14.9424	0.231294	2.76251	2.32721	9.38164	0.24806
60	2	1.54208	1.14439	10.0042	0.114391	1.22689	-0.00307545	8.90996	-0.00034517
60	3	1.85253	1.84924	9.5038	0.194579	0.39887	0.528499	11.8633	0.0445489
60	4	2.32555	2.34032	11.3726	0.205787	3.79141	3.37873	18.312	0.184509
60	5	2.01044	1.71332	17.9926	0.0952239	-2.02649	-2.40093	25.2318	-0.095155
60	6	0.53314	0.176931	17.8909	0.00988944	3.38357	2.96641	36.0552	0.0822743
60	7	1.75614	1.38485	16.1134	0.0859441	3.30013	2.12442	29.5779	0.0718248
60	8	2.6691	2.60915	10.6722	0.24448	2.0845	1.64297	6.34947	0.258758
60	9	0.336432	0.427912	7.66207	0.055848	-0.598536	-0.571074	6.16508	-0.0926304
61	0	0.926822	0.836126	6.18193	0.135253	1.78593	1.47393	6.18193	0.238425
61	1	3.23004	3.43149	6.82578	0.502725	3.45492	2.90352	5.88319	0.493528
61	2	1.78393	2.08496	8.40584	0.248038	0.941319	1.38682	10.0664	0.137767
61	3	2.36879	2.30059	10.2552	0.224335	2.24802	2.1896	13.2455	0.165308
61	4	1.92974	2.04454	9.58091	0.213397	2.29455	1.67854	14.8229	0.11324
61	5	2.43347	2.20756	14.0783	0.156806	0.797963	0.460278	32.0255	0.0143723
61	6	3.41776	3.46337	25.879	0.133829	3.12106	3.32833	62.0356	0.0536519
61	7	2.57406	2.3453	22.4011	0.104696	4.26335	4.02904	47.7684	0.0843454
61	8	1.46473	1.43707	13.5362	0.106165	1.01458	1.47805	4.8883	0.302364
61	9	0.863789	1.00006	6.645	0.150498	1.47719	1.28767	3.79823	0.339019
62	0	2.55814	2.74292	9.57512	0.286464	4.15325	3.87518	9.57512	0.404713
62	1	1.77339	1.74593	11.2188	0.155625	0.832455	0.316511	7.50849	0.0421538
62	2	2.43664	2.50447	7.56067	0.33125	1.97099	2.15181	7.81268	0.275425
62	3	2.33328	2.12464	8.79994	0.241438	1.77965	1.56852	10.4271	0.150427
62	4	0.855552	0.731649	9.28358	0.078811	-0.315494	-0.123565	11.9618	-0.01033
62	5	-0.135657	-0.752219	10.7431	-0.0700191	0.547135	-0.789132	15.5612	-0.0507115
62	6	-3.60977	-3.55668	13.4625	-0.264192	-2.19344	-1.99277	30.2841	-0.0658026
62	7	4.22226	4.25662	24.0148	0.17725	4.59233	4.25656	13.888	0.306492
62	8	0.942217	1.05111	8.46435	0.124181	0.231936	0.619931	5.15549	0.120247
62	9	1.65647	1.78394	7.0875	0.251703	0.751724	1.75066	8.15919	0.214563
63	0	3.62494	3.52715	10.5614	0.333967	4.84446	4.60762	10.5614	0.436271
63	1	4.0136	3.93837	14.6664	0.26853	3.46335	3.13704	10.5405	0.297618
63	2	2.10178	1.86345	9.88089	0.188591	1.48723	1.05552	8.35814	0.126287
63	3	2.35032	2.07911	8.69064	0.239236	1.73835	1.66352	14.0856	0.118101
63	4	-3.74224	-3.61594	9.70368	-0.372636	-4.0039	-3.99926	16.1775	-0.247211
63	5	-1.91328	-1.69502	28.7856	-0.0588844	-4.98883	-4.61772	23.2976	-0.198205
63	6	-1.27294	-1.86815	19.7434	-0.0946215	4.44736	2.62403	9.29975	0.282161
63	7	4.41788	4.2212	7.74942	0.544712	3.64872	2.83739	7.44962	0.380878
63	8	3.37456	3.13772	8.37691	0.374568	2.76237	2.82313	8.25535	0.341976
63	9	1.81211	1.68198	11.6157	0.144802	1.13396	0.842031	10.4908	0.080264
64	0	-0.496354	-0.392623	7.59278	-0.05171	-0.0766555	-0.199836	7.59278	-0.0263192
64	1	0.553825	0.57063	9.03369	0.0631669	1.65709	0.60861	9.34028	0.0651597
64	2	2.7973	3.09315	9.84933	0.314046	1.89362	2.0898	5.25853	0.397411
64	3	1.65437	1.90698	6.37564	0.299104	1.66078	1.07976	5.12956	0.210497
64	4	2.08843	2.36631	6.31782	0.374546	1.91494	1.83753	6.54854	0.280602
64	5	0.937473	0.872498	9.70121	0.0899371	1.73739	0.0298206	16.4749	0.00181006
64	6	4.60995	4.34134	13.7155	0.316527	1.16675	2.29547	24.9252	0.0920944
64	7	-0.82285	-0.449767	12.4624	-0.0360899	1.5391	2.06856	16.9707	0.12189
64	8	1.48418	1.4634	7.28715	0.20082	1.65968	1.77449	6.43286	0.275848
64	9	2.11486	2.10405	7.29235	0.288528	2.67729	2.08639	5.20584	0.400778
65	0	1.16007	1.06307	12.1518	0.0874825	3.33984	2.61729	12.1518	0.215383
65	1	5.98233	6.10875	12.8271	0.476238	4.65284	4.51293	10.801	0.417823
65	2	2.03985	2.10196	11.6777	0.179997	1.19377	1.39291	7.51739	0.185292
65	3	0.853939	0.661677	7.25898	0.091153	0.390161	0.392855	9.06289	0.0433477
65	4	1.36463	1.29552	8.69977	0.148914	1.58188	1.85018	10.6392	0.173903
65	5	-2.43089	-2.26335	10.6905	-0.211716	-4.95908	-5.35577	14.3629	-0.37289
65	6	-1.37023	-1.68869	19.1216	-0.0883129	3.78537	2.96984	20.3842	0.145693
65	7	4.26928	3.96536	15.9068	0.249288	1.88823	1.45131	8.96589	0.16187
65	8	0.214618	0.167909	5.71821	0.0293639	0.853418	0.515277	4.21431	0.122268
65	9	1.73352	1.71625	5.75958	0.297983	1.20125	0.913577	5.88026	0.155363
66	0	-0.0912507	0.106369	8.62945	0.0123262	1.59085	1.23661	8.62945	0.143301
66	1	4.03733	3.86855	9.11537	0.424399	3.15937	2.71435	8.71736	0.311373
66	2	0.54009	0.585732	12.6122	0.0464415	-0.434514	-0.0913796	7.81747	-0.0116892
66	3	0.874452	0.960381	8.64449	0.111097	1.57258	1.43875	5.47657	0.26271
66	4	2.01152	2.00528	6.82734	0.293712	1.31024	1.21076	7.44734	0.162576
66	5	1.12765	1.0745	7.94851	0.135182	0.818282	1.0998	13.3617	0.0823096
66	6	1.12931	1.39533	11.1875	0.124723	1.69509	1.5339	17.9493	0.0854576
66	7	1.96499	2.21703	9.27955	0.238915	3.07652	2.37408	10.3577	0.229209
66	8	2.70004	2.77665	6.11812	0.453839	1.91641	1.68473	4.0905	0.411865
66	9	2.26691	2.50356	6.26339	0.399712	2.67056	2.75685	8.27865	0.333007
67	0	0.101997	-0.0520961	11.1118	-0.00468837	2.27303	1.42647	11.1118	0.128374
67	1	4.60723	4.48639	11.8074	0.379964	3.93978	3.45724	16.1707	0.213797
67	2	4.65058	4.53121	14.5635	0.311135	4.34975	3.87704	11.8529	0.327096
67	3	2.4827	2.52711	12.437	0.203193	1.07045	1.09198	12.939	0.0843944
67	4	2.05719	1.91167	8.80772	0.217044	1.74698	1.97371	15.3299	0.128749
67	5	1.34873	1.15626	13.0984	0.0882747	-0.646255	-0.703292	30.7225	-0.0228918
67	6	-3.12966	-3.16996	22.3445	-0.141867	-0.752231	-0.664379	54.8578	-0.0121109
67	7	5.6382	5.62747	45.7155	0.123098	6.7393	6.50863	37.4113	0.173975
67	8	3.1795	3.05447	12.7571	0.239433	3.06366	2.616	6.70417	0.390205
67	9	1.84266	1.82071	7.87047	0.231334	0.768192	1.00092	5.29446	0.18905
68	0	0.278737	0.30471	7.74178	0.0393592	1.87566	1.3228	7.74178	0.170865
68	1	-0.0443656	-0.133237	9.13691	-0.0145823	-0.296087	-1.16766	7.94738	-0.146923
68	2	3.9078	4.01776	11.3672	0.353451	4.18635	3.97183	9.52494	0.416993
68	3	3.95052	3.93986	13.1063	0.300607	2.93274	2.63342	11.3088	0.232865
68	4	0.900206	1.05105	10.2103	0.102941	-0.258844	-0.0514886	10.7091	-0.00480792
68	5	1.16892	0.918738	8.98208	0.102286	1.24408	0.626328	14.0041	0.0447244
68	6	2.28433	2.54901	14.6215	0.174334	1.77272	2.17494	31.1716	0.0697733
68	7	1.7022	1.80713	12.8718	0.140395	3.56303	3.36928	20.9771	0.160617
68	8	3.7708	3.67037	7.50273	0.489204	3.3992	3.23546	5.21041	0.620961
68	9	1.34725	1.08178	9.804	0.110341	0.313203	-0.21231	10.0155	-0.0211983
69	0	1.28275	1.12785	9.513	0.118558	2.09515	1.47703	9.513	0.155265
69	1	1.53571	1.50432	8.53807	0.176189	0.677085	0.896572	5.92744	0.151258
69	2	0.557454	0.585082	5.74238	0.101888	0.920772	0.631167	3.84496	0.164154
69	3	2.64841	2.54533	4.90869	0.518535	2.79742	2.37843	5.88594	0.404087
69	4	2.47534	2.56361	7.5589	0.339152	1.84733	1.85771	9.04383	0.205412
69	5	1.38268	1.32438	10.4856	0.126306	0.818807	1.19745	10.603	0.112935
69	6	1.21044	1.43478	11.0189	0.130211	1.12263	1.52743	17.9073	0.0852964
69	7	1.1101	0.755683	6.97845	0.108288	2.25101	1.84087	10.0727	0.182759
69	8	0.830958	0.927031	5.98497	0.154893	0.158843	0.562251	4.2704	0.131662
69	9	1.22486	1.37513	6.45918	0.212895	1.67163	2.18307	7.24988	0.301118
70	0	2.44442	2.29504	8.57171	0.267747	3.33155	2.8987	8.57171	0.338171
70	1	3.44454	3.29514	11.7257	0.281019	3.01399	2.74543	12.7702	0.214987
70	2	4.20245	4.30424	13.7014	0.314146	5.02282	4.92258	15.6669	0.314202
70	3	3.19998	3.21364	17.6848	0.181718	1.77418	1.68922	18.2341	0.0926408
70	4	0.19571	0.218608	10.6351	0.0205554	-0.605384	-0.627141	20.0117	-0.0313387
70	5	2.10168	1.97343	18.2789	0.107963	1.9753	1.757	41.0682	0.0427825
70	6	-1.84789	-2.51688	35.5173	-0.0708633	-0.675156	-2.87518	95.0647	-0.0302445
70	7	3.42574	3.52477	76.1639	0.0462788	3.12044	3.43747	99.6809	0.0344848
70	8	-1.27021	-1.40236	16.9804	-0.0825872	-0.637209	-1.12795	5.51635	-0.204474
70	9	1.26694	1.19713	5.24375	0.228296	1.31698	0.758595	5.50544	0.13779
71	0	1.85231	1.85949	10.577	0.175806	3.53953	2.73306	10.577	0.258397
71	1	-0.419047	-0.269061	12.949	-0.0207785	-1.55234	-1.93091	9.73031	-0.198443
71	2	3.58381	3.22355	12.5837	0.256168	4.75961	3.61693	9.71212	0.372414
71	3	3.92287	4.12839	12.8297	0.321784	2.07665	2.45618	10.9032	0.225271
71	4	2.11569	1.89324	8.18117	0.231414	1.3376	1.89489	13.2092	0.143453
71	5	0.365812	0.375544	10.9765	0.0342133	-0.180843	-0.623425	19.5133	-0.0319488
71	6	2.51128	2.36762	15.1602	0.156174	2.26761	2.50078	46.2059	0.0541224
71	7	0.87266	0.666982	17.7376	0.0376027	4.10152	3.30352	28.1958	0.117164
71	8	1.52329	1.37375	10.3186	0.133134	-0.224529	-0.375475	5.88589	-0.0637924
71	9	0.823142	0.948828	7.01019	0.13535	0.800389	1.11865	7.99247	0.139963
72	0	1.21571	1.359	9.22501	0.147317	2.2631	2.04088	9.22501	0.221233
72	1	3.92239	3.95182	8.19983	0.48194	3.8711	3.62736	6.65823	0.544794
72	2	2.91365	2.98829	8.98954	0.332418	2.47461	2.47392	7.88127	0.313898
72	3	-0.200709	-0.173052	8.70742	-0.0198741	0.449238	-0.0655933	11.5256	-0.00569109
72	4	4.56336	4.40102	13.951	0.315463	4.01531	3.81963	15.5428	0.245749
72	5	2.92183	2.5937	16.8063	0.154329	0.949763	0.0483571	27.2329	0.00177569
72	6	1.88596	1.75363	22.4844	0.0779931	2.2002	1.90886	61.1201	0.0312312
72	7	-0.897108	-0.207304	19.2633	-0.0107616	0.772118	1.27891	39.9795	0.031989
72	8	2.60863	2.68074	19.9722	0.134224	2.71664	2.62679	19.1856	0.136914
72	9	1.4583	1.78965	12.3835	0.144519	1.65644	1.27616	7.87446	0.162063
73	0	2.20312	2.11805	8.57219	0.247084	3.37026	2.60295	8.57219	0.303651
73	1	5.55867	5.26554	9.81251	0.536615	5.32173	4.51967	10.3332	0.437391
73	2	1.83676	1.81985	14.5588	0.125	0.732076	0.377903	15.5387	0.0243201
73	3	2.47079	2.51993	10.9977	0.229132	2.05449	2.19619	20.3203	0.108078
73	4	2.23852	2.38076	11.3293	0.210143	2.66722	2.30786	22.407	0.102997
73	5	2.05241	2.27907	16.8131	0.135553	-0.26117	0.0306843	44.974	0.000682267
73	6	-0.188815	-0.138791	31.8588	-0.00435644	1.76968	2.35968	95.2479	0.0247741
73	7	-8.0874	-8.18361	39.7846	-0.205698	-8.00903	-7.93393	59.4219	-0.133519
73	8	7.58482	7.48197	34.9034	0.214362	8.80873	9.14434	23.6775	0.386204
73	9	0.54095	0.607075	35.2147	0.0172393	-0.279209	-0.268446	22.9325	-0.0117059
74	0	0.111277	0.137975	11.0541	0.0124818	0.600939	0.184758	11.0541	0.016714
74	1	5.4273	5.47201	10.5675	0.517816	5.72147	5.79845	11.3258	0.511967
74	2	-2.36705	-2.14451	17.291	-0.124024	-3.72684	-4.12347	11.4872	-0.358962
74	3	1.24199	1.08	16.1603	0.0668305	2.10069	1.74058	7.93901	0.219244
74	4	2.43373	2.59919	8.16163	0.318464	1.65112	1.8759	9.68377	0.193716
74	5	0.105786	0.0689255	10.8414	0.00635763	-0.953508	-0.885309	14.806	-0.0597941
74	6	-0.656488	-0.573717	9.90734	-0.0579083	2.21228	1.41273	20.5124	0.068872
74	7	2.74649	3.00742	9.94977	0.302261	1.92433	1.75526	15.3427	0.114403
74	8	2.60582	2.42142	6.74723	0.358876	2.67577	2.1327	5.89159	0.361991
74	9	-0.593389	-0.591419	6.68584	-0.0884585	-0.167666	-0.911265	5.46143	-0.166855
75	0	2.90979	2.72342	15.5826	0.174774	4.09706	3.89215	15.5826	0.249776
75	1	3.70828	3.49507	15.8629	0.220329	3.28311	2.84324	14.181	0.200496
75	2	2.41437	2.65688	11.0996	0.239367	2.62685	2.48157	7.19833	0.344743
75	3	0.915283	0.943083	8.40787	0.112167	-0.304006	-0.390213	10.0593	-0.0387912
75	4	1.90934	1.90798	10.4076	0.183325	2.52307	2.70828	8.51945	0.317894
75	5	2.11743	2.09072	10.5176	0.198783	1.34059	1.11525	13.4713	0.0827871
75	6	-6.6158	-6.46736	11.1563	-0.579706	-5.2565	-6.69902	26.554	-0.252279
75	7	-0.575543	-0.751242	22.4493	-0.033464	-0.894297	-1.38769	11.7396	-0.118207
75	8	0.746838	0.963599	9.80134	0.0983129	0.720599	1.06465	11.4974	0.0925998
75	9	0.150866	0.0205202	8.3395	0.00246061	-0.314445	-0.166917	12.5429	-0.0133078
76	0	1.3821	1.18684	7.55675	0.157057	2.32997	2.01522	7.55675	0.266678
76	1	0.525568	0.697157	7.57748	0.0920039	0.018461	-0.224958	5.03609	-0.0446692
76	2	0.995237	1.07866	7.0227	0.153597	0.981679	0.780538	7.38388	0.105708
76	3	0.0762693	0.139892	7.04209	0.0198651	1.05311	0.237945	9.3136	0.0255482
76	4	2.48842	2.6386	11.3809	0.231844	2.31231	1.9372	11.227	0.172548
76	5	2.42606	2.54783	10.7175	0.237727	0.641155	1.31706	10.923	0.120577
76	6	1.6207	1.86216	10.532	0.17681	2.20193	2.40106	20.1809	0.118977
76	7	2.07782	1.751	10.6873	0.163839	2.57476	1.9585	11.6625	0.167932
76	8	0.218203	0.456999	6.40709	0.0713271	-0.615545	-0.27925	4.49342	-0.0621464
76	9	1.04788	0.841694	6.36922	0.13215	2.22256	1.9763	8.57895	0.230367
77	0	-0.509812	-0.51961	7.81953	-0.0664503	0.0266082	-0.511921	7.81953	-0.065467
77	1	6.06086	6.00707	9.25696	0.648925	7.09498	7.03056	12.0003	0.585865
77	2	4.36778	4.34441	18.0857	0.240213	3.56861	3.6001	6.1299	0.587301
77	3	2.4864	2.45515	10.1654	0.241521	1.09084	1.15378	10.6175	0.108668
77	4	2.07972	2.02824	9.02455	0.224747	2.64182	2.75146	14.4075	0.190974
77	5	1.4769	1.36062	12.924	0.105278	0.225027	-0.296358	23.0008	-0.0128847
77	6	0.675799	0.710244	16.4619	0.0431446	2.31635	1.76245	55.8239	0.0315717
77	7	2.55745	3.01597	21.5427	0.14	2.60751	2.68934	28.9526	0.0928878
77	8	1.24487	1.50443	8.26041	0.182125	1.22271	1.33394	5.37589	0.248134
77	9	0.767618	0.687273	5.5535	0.123755	0.18531	0.556373	3.24326	0.171547
78	0	2.77955	2.57097	6.22081	0.413285	4.10582	3.33257	6.22081	0.535714
78	1	0.804966	0.587295	11.0809	0.0530007	-0.36974	-0.757518	11.1381	-0.0680114
78	2	1.05805	1.35139	10.2309	0.132089	1.4362	1.50211	6.75031	0.222525
78	3	2.58327	2.63207	10.4314	0.252322	2.49101	2.40337	14.3908	0.167007
78	4	3.93288	3.73379	15.9111	0.234666	3.75033	3.48668	18.02	0.19349
78	5	1.52252	1.94038	18.763	0.103416	-0.877239	-0.134367	27.8714	-0.00482096
78	6	-1.03318	-1.23949	20.6354	-0.0600663	0.247494	-0.904282	52.5828	-0.0171973
78	7	5.55955	5.53818	36.0048	0.153818	7.36513	7.22166	52.5649	0.137386
78	8	2.0577	2.0777	14.0649	0.147723	0.439	0.84108	3.69489	0.227633
78	9	1.25368	1.1657	5.28076	0.220745	2.22019	1.91378	7.2964	0.262292
79	0	0.259614	0.197815	9.28322	0.0213089	2.10864	1.31479	9.28322	0.141631
79	1	2.85939	2.77721	9.41149	0.295087	1.78511	1.18301	8.05634	0.146842
79	2	1.85995	1.63322	10.0773	0.162069	2.32958	1.97038	7.77685	0.253364
79	3	0.510383	0.358406	10.5244	0.0340549	-0.324543	-0.672487	8.98811	-0.0748195
79	4	0.722715	0.6194	10.3522	0.0598328	0.182439	0.104266	7.14577	0.0145913
79	5	-0.158437	-0.116546	7.17649	-0.0162399	-0.147066	-0.889231	8.84336	-0.100554
79	6	-0.331679	0.126685	7.36756	0.017195	-1.02125	-0.160303	8.90859	-0.0179942
79	7	-0.219134	-0.282863	10.2344	-0.0276386	1.37739	1.13223	11.6877	0.0968741
79	8	4.59871	4.73209	9.61186	0.492318	4.61946	4.58894	10.5883	0.433399
79	9	2.7374	2.63758	11.0718	0.238226	1.34907	1.22194	13.1646	0.0928197
80	0	1.72898	1.98586	9.82858	0.202049	2.95788	2.9476	9.82858	0.299901
80	1	1.60122	1.44971	11.3475	0.127756	1.22506	0.741379	13.8053	0.0537024
80	2	-0.421367	-0.189009	12.1092	-0.0156087	-1.97854	-1.3979	9.48597	-0.147365
80	3	2.99012	2.91315	8.28948	0.351427	5.24484	4.80947	6.93535	0.693473
80	4	1.53213	1.68148	13.113	0.12823	0.286778	0.523647	10.7248	0.0488259
80	5	2.04927	1.88252	9.5882	0.196337	1.2471	1.32765	11.2113	0.11842
80	6	-3.48117	-3.44812	12.1219	-0.284453	-4.28487	-4.95185	20.789	-0.238195
80	7	1.54371	1.63635	19.1458	0.0854679	3.9902	3.54175	16.5883	0.213509
80	8	1.53014	1.48406	10.1083	0.146816	0.698969	0.438582	8.26038	0.0530946
80	9	1.16317	1.49484	9.87942	0.151308	1.98807	1.85282	8.28194	0.223718
81	0	2.37586	2.13415	7.40264	0.288296	3.9761	3.03384	7.40264	0.409832
81	1	3.22932	3.37064	10.4389	0.322893	2.67106	2.19838	9.04281	0.243108
81	2	2.5133	2.21693	8.34952	0.265517	1.52308	1.13994	7.6124	0.149748
81	3	2.36311	2.02065	8.58239	0.235441	2.17903	1.57441	10.4198	0.151098
81	4	1.64884	1.55397	8.06936	0.192577	0.895823	0.892125	13.5359	0.0659081
81	5	1.01314	1.35357	11.5276	0.11742	0.746473	1.11487	28.2323	0.039489
81	6	3.43248	2.72333	20.1897	0.134888	3.88885	3.31575	53.249	0.0622688
81	7	3.05926	2.97709	22.1992	0.134108	4.22499	4.30146	30.6725	0.140238
81	8	1.28975	1.4208	9.90786	0.143401	0.771353	0.860436	5.60825	0.153423
81	9	2.38436	2.28655	8.07536	0.283151	2.09874	2.0593	8.34311	0.246827
82	0	4.06469	4.0307	12.0932	0.333302	6.16533	6.0557	12.0932	0.500751
82	1	2.62832	2.81164	17.3276	0.162264	1.4198	1.27381	8.82105	0.144406
82	2	2.83391	2.67746	9.58032	0.279475	2.47665	2.07249	9.61035	0.215652
82	3	3.47763	3.4787	10.2479	0.339455	2.94328	2.78897	13.0966	0.212955
82	4	0.300471	0.0432023	8.80626	0.00490587	-0.43106	-1.1398	15.33	-0.0743511
82	5	0.608465	0.294372	13.2164	0.0222732	-1.76178	-1.59595	22.806	-0.0699795
82	6	-3.19114	-3.05814	17.8229	-0.171585	-1.14443	-0.465445	44.2252	-0.0105244
82	7	-0.134502	-0.448011	34.1898	-0.0131036	1.36139	0.561286	25.1756	0.0222948
82	8	0.178675	-0.045677	14.1337	-0.00323179	-0.0925582	-0.84028	9.01843	-0.0931736
82	9	1.70422	1.54212	8.00461	0.192654	2.03026	1.32527	5.82716	0.227431
83	0	-0.956789	-0.866763	11.8227	-0.0733136	1.56271	0.397799	11.8227	0.0336471
83	1	4.49549	4.56056	13.6546	0.333995	3.50804	2.6284	8.32356	0.315778
83	2	3.22256	3.34505	9.05544	0.369396	2.20666	2.54931	9.07208	0.281006
83	3	1.35922	1.5071	9.48767	0.158848	0.482483	0.653824	9.58251	0.068231
83	4	0.257506	-0.145133	9.08535	-0.0159744	1.41629	0.799623	12.9227	0.0618775
83	5	1.76627	1.70296	13.4709	0.126418	-0.0361681	-0.363814	16.3861	-0.0222025
83	6	-0.310939	-0.0139545	14.9046	-0.000936252	1.60579	2.01056	28.8365	0.0697225
83	7	3.27217	3.24316	20.3653	0.159249	2.63877	2.56488	11.5309	0.222435
83	8	1.5123	1.77028	9.4888	0.186565	1.98031	2.16278	12.3301	0.175407
83	9	-0.86914	-1.0785	12.1873	-0.088494	-1.20113	-1.34849	9.72814	-0.138617
84	0	1.59281	1.68578	9.50892	0.177285	3.8863	3.12748	9.50892	0.328899
84	1	2.687	2.64698	12.6051	0.209993	1.35867	0.492401	10.0321	0.0490826
84	2	2.18671	2.34051	8.0329	0.291365	0.946576	1.62951	8.80928	0.184977
84	3	0.672511	0.770124	6.84945	0.112436	1.63643	1.15625	8.94978	0.129193
84	4	1.48317	1.43105	8.24112	0.173647	-0.251935	0.136441	11.1681	0.012217
84	5	-0.149975	-0.301255	8.85244	-0.0340307	0.717099	-0.606439	15.5306	-0.039048
84	6	3.26738	3.56088	13.1231	0.271344	2.68122	3.41387	39.3705	0.0867112
84	7	1.88144	1.53298	13.5093	0.113476	3.12939	2.4712	17.9176	0.137921
84	8	2.2484	2.32055	8.22415	0.282163	1.65659	1.99574	6.89003	0.289656
84	9	1.53993	1.68728	6.05498	0.27866	1.80868	2.278	3.35445	0.679098
85	0	2.5776	2.68337	11.9432	0.224677	4.09173	3.64439	11.9432	0.305142
85	1	2.98233	2.87223	13.6742	0.210047	1.32723	1.02591	7.72331	0.132833
85	2	1.10116	1.15787	7.35844	0.157353	1.54048	1.5513	10.8656	0.142772
85	3	2.14806	2.07055	9.734	0.212713	1.44832	1.5666	12.097	0.129504
85	4	-0.434192	-0.755157	8.78907	-0.08592	-1.37602	-1.32636	12.9639	-0.102312
85	5	-0.78074	-0.960973	13.5083	-0.0711394	-1.3678	-1.72634	19.8231	-0.0870872
85	6	2.73491	2.64578	18.9201	0.13984	4.21216	4.14498	44.1768	0.093827
85	7	1.65787	1.79856	20.9008	0.0860525	2.78341	2.51639	33.756	0.0745466
85	8	3.16189	3.09952	8.17102	0.379331	2.48186	2.65827	6.5821	0.403864
85	9	3.25355	3.19823	7.76654	0.411795	2.88161	3.06659	8.48009	0.361623
86	0	1.01215	0.950609	12.1686	0.0781198	2.773	1.86303	12.1686	0.153101
86	1	1.86355	2.07732	11.2862	0.184058	1.14265	0.500041	8.061	0.0620321
86	2	1.31577	1.2951	8.71731	0.148566	0.659964	0.177484	10.652	0.016662
86	3	3.60332	3.70579	9.95636	0.372203	3.42131	3.23227	11.4066	0.283369
86	4	2.55898	2.85282	9.26652	0.307863	1.90593	2.52674	14.5534	0.173618
86	5	0.31929	0.311089	12.3523	0.0251846	-0.863685	-0.906949	24.7944	-0.0365788
86	6	3.10901	2.32463	18.7277	0.124128	5.08264	3.72164	40.7189	0.0913982
86	7	1.93219	1.99397	16.666	0.119643	1.57572	1.49558	21.224	0.0704662
86	8	2.66649	2.52935	7.60459	0.332608	2.46947	2.4797	7.67194	0.323216
86	9	0.17761	0.0780795	14.0528	0.00555615	-0.915464	-1.08193	12.7827	-0.0846406
87	0	-0.0465235	-0.274877	12.1564	-0.0226117	1.36124	0.622872	12.1564	0.0512382
87	1	2.93136	2.95968	10.9919	0.269261	3.09663	2.46811	9.52876	0.259017
87	2	5.08855	5.02474	10.6918	0.469962	4.96767	4.73016	12.7586	0.370742
87	3	-1.01924	-1.27659	15.6691	-0.0814718	-1.99573	-2.52331	13.5559	-0.186141
87	4	3.84576	3.30928	23.2733	0.142192	2.96429	2.75393	23.2381	0.118509
87	5	0.125745	0.343148	18.2157	0.018838	-3.2486	-2.58852	22.5729	-0.114674
87	6	1.50836	1.53192	19.696	0.0777783	5.85624	5.3099	46.1665	0.115016
87	7	-1.18458	-1.24316	35.1065	-0.0354111	-1.60854	-2.10791	36.8423	-0.0572145
87	8	3.8719	3.98617	10.263	0.388403	4.0387	4.50451	10.1187	0.445165
87	9	-0.780862	-0.724768	10.8838	-0.0665912	-1.32609	-1.21182	8.68472	-0.139535
88	0	3.09599	3.15556	9.43333	0.334511	5.01233	4.91788	9.43333	0.52133
88	1	1.72252	1.74102	11.299	0.154086	0.0622852	-0.264086	3.23329	-0.0816772
88	2	1.82814	1.78062	6.97003	0.255468	2.55068	2.04554	8.48044	0.241207
88	3	4.4464	4.44904	10.999	0.404494	3.79559	3.39444	11.6168	0.2922
88	4	2.44063	2.24276	10.8759	0.206213	2.78742	1.84618	11.7516	0.157101
88	5	-3.22767	-3.27497	11.6508	-0.281094	-9.78207	-9.61748	20.0001	-0.480871
88	6	-3.69376	-3.70047	35.7912	-0.10339	1.39539	1.75829	18.2419	0.0963877
88	7	0.411894	0.709433	12.7948	0.0554472	2.28096	1.95367	7.40698	0.26376
88	8	2.62352	2.29205	5.68237	0.403362	1.80206	1.43236	3.42868	0.417758
88	9	0.839619	0.836043	4.7402	0.176373	0.870868	0.635104	7.83714	0.0810377
89	0	-1.8672	-1.76944	12.9148	-0.137009	-1.39505	-1.22307	12.9148	-0.0947035
89	1	3.56363	3.58863	13.6833	0.262264	4.59441	4.20509	12.8244	0.327898
89	2	4.01189	3.89476	11.7791	0.33065	3.43443	3.3702	8.82939	0.381702
89	3	3.12291	2.9665	10.954	0.270815	1.72546	1.73304	9.32408	0.185868
89	4	0.308954	0.132676	7.05146	0.0188154	-0.286363	-0.137171	9.87746	-0.0138873
89	5	1.35915	1.13602	8.95768	0.12682	1.91426	1.28812	16.7877	0.07673
89	6	0.42499	0.345002	17.1934	0.020066	-1.7294	-1.85881	39.3938	-0.0471854
89	7	2.01169	2.18325	21.497	0.101561	4.76747	5.24811	27.3754	0.191709
89	8	2.91915	2.39027	10.7827	0.221677	2.81796	2.47091	6.43298	0.384101
89	9	1.62694	1.13919	7.76349	0.146737	1.73183	0.849156	6.81873	0.124533
90	0	5.78561	5.81378	8.78592	0.661716	7.76018	7.74756	8.78592	0.881816
90	1	4.7963	4.63094	24.5837	0.188374	3.03173	3.02736	12.1351	0.249472
90	2	2.85322	3.03389	10.9827	0.276242	1.84419	3.09194	11.4486	0.270072
90	3	2.01396	2.08308	12.5471	0.16602	2.35995	2.26982	15.6653	0.144895
90	4	0.564199	0.517892	8.80039	0.0588488	0.015503	0.0431764	15.1962	0.00284127
90	5	0.480026	0.47491	9.61351	0.0494003	-1.61707	-1.2265	26.0639	-0.0470575
90	6	-1.02572	-1.30477	21.6668	-0.0602195	2.75095	1.75134	55.7128	0.0314352
90	7	6.27952	6.12094	33.6956	0.181654	5.50698	5.88461	52.0908	0.112968
90	8	0.860911	0.875561	15.4476	0.0566796	0.904271	0.330287	6.1148	0.0540143
90	9	1.00652	0.941181	7.70082	0.122218	1.44321	1.06103	6.71188	0.158083
91	0	1.07343	1.16377	7.83666	0.148503	1.48803	1.70286	7.83666	0.217295
91	1	3.22512	3.11992	8.47598	0.36809	3.79206	3.33461	6.87098	0.485319
91	2	2.64866	2.62674	8.94677	0.293597	2.29794	2.25014	7.93909	0.283426
91	3	-0.397798	-0.333582	9.32966	-0.035755	-0.33341	-0.797832	11.3425	-0.0703402
91	4	1.76362	1.96297	11.0656	0.177393	1.9271	2.25359	11.2165	0.200918
91	5	-1.40684	-1.90357	8.7168	-0.21838	-5.55302	-5.8656	10.975	-0.534451
91	6	1.48646	0.914029	15.199	0.0601374	3.96561	3.69909	10.0063	0.369675
91	7	-0.673629	-0.624563	12.6066	-0.0495424	0.988228	0.829292	14.8237	0.0559437
91	8	2.51444	2.53197	8.61515	0.293897	1.52022	1.88261	7.6105	0.24737
91	9	0.838051	0.928472	6.37301	0.145688	0.523141	1.20311	5.06483	0.237542
92	0	-0.833396	-0.792492	10.6429	-0.074462	0.710999	0.0675527	10.6429	0.00634721
92	1	3.33925	3.12874	10.9593	0.285487	3.25179	2.74075	8.13029	0.337104
92	2	2.76223	2.91338	7.7663	0.37513	2.4075	2.15358	4.81035	0.447698
92	3	2.14674	2.2507	6.0621	0.371273	1.45348	1.18555	6.20583	0.191039
92	4	-1.06659	-1.16746	7.64912	-0.152627	-2.2235	-2.44027	11.974	-0.203797
92	5	0.20272	-0.114045	11.2256	-0.0101593	1.31069	0.370686	11.9419	0.0310408
92	6	2.90428	2.60865	12.4937	0.208798	2.30759	2.15481	17.744	0.121439
92	7	-1.4823	-1.81526	13.4289	-0.135176	0.0223349	-0.746339	19.4099	-0.0384514
92	8	6.84334	6.91898	13.4594	0.514062	5.83987	5.88663	12.6928	0.463777
92	9	0.548752	0.227859	16.5491	0.0137686	0.0931526	-0.0558811	16.0547	-0.00348068
93	0	1.9062	1.92689	10.004	0.192612	4.00848	2.91686	10.004	0.291569
93	1	3.23849	3.14943	11.4012	0.276238	1.6838	1.41853	8.17089	0.173608
93	2	2.10333	2.14312	10.35	0.207065	1.85125	1.65367	9.27778	0.17824
93	3	0.756557	0.654338	11.53	0.0567508	0.752621	0.128549	11.4847	0.0111931
93	4	0.716329	0.815369	10.9838	0.0742337	-0.23879	-0.697482	11.2596	-0.0619452
93	5	-2.15541	-2.07424	10.5027	-0.197495	-3.41948	-3.21182	11.6638	-0.275367
93	6	-2.15223	-2.34184	15.945	-0.14687	0.0359673	-0.153186	13.1081	-0.0116864
93	7	0.45851	0.203821	10.2573	0.0198709	0.540026	0.0167431	5.52086	0.00303269
93	8	3.2827	3.2855	7.05583	0.465644	3.70622	3.53651	8.09244	0.437015
93	9	-2.105	-2.12269	12.2969	-0.17262	-4.15498	-3.74759	13.3234	-0.281279
94	0	5.77461	5.85607	11.9801	0.488817	8.23773	7.92639	11.9801	0.661632
94	1	2.37379	2.3619	24.99	0.0945142	-0.227117	-0.465008	11.2713	-0.0412558
94	2	1.0942	1.10025	11.2307	0.0979689	0.889499	1.11331	11.094	0.100353
94	3	-3.35392	-3.27823	10.1665	-0.322455	-2.26751	-2.74184	9.84853	-0.278401
94	4	2.27836	2.01232	14.4511	0.13925	1.86566	1.19914	11.2666	0.106433
94	5	2.00142	2.16531	11.7369	0.184488	0.763408	1.22809	15.7685	0.0778824
94	6	3.31408	2.80577	14.4435	0.194258	1.9276	2.3069	30.0713	0.0767143
94	7	1.62943	1.34917	17.1971	0.0784535	4.80399	4.00867	28.3118	0.14159
94	8	0.684471	0.675603	8.28561	0.0815393	-0.52779	-0.751193	2.70055	-0.278163
94	9	0.367815	0.400352	5.98729	0.0668669	1.14403	1.19709	5.29445	0.226103
95	0	3.4441	3.69819	12.4039	0.298147	4.69104	4.9685	12.4039	0.400559
95	1	3.31468	3.46987	14.8531	0.233613	2.97977	2.94529	9.33432	0.315534
95	2	2.55578	2.67734	8.83543	0.303023	2.19346	2.15596	7.95691	0.270954
95	3	2.82313	2.5315	9.22954	0.274282	2.25426	1.96503	9.0445	0.217262
95	4	1.93284	1.93463	8.45333	0.22886	1.63775	1.7431	7.91106	0.220337
95	5	1.56187	1.19466	7.91288	0.150977	0.475667	-0.054681	14.1453	-0.00386566
95	6	-8.28147	-8.09025	13.1865	-0.613525	-6.98444	-6.92291	31.9168	-0.216905
95	7	1.44875	1.35689	32.4493	0.0418157	2.24434	2.10144	23.4268	0.0897025
95	8	3.68851	4.1094	13.8976	0.295692	2.89796	3.36314	13.7902	0.243879
95	9	0.772969	0.930112	11.0154	0.0844377	1.06029	1.54903	8.36675	0.185141
96	0	0.318917	0.195429	9.74439	0.0200555	0.972503	0.808859	9.74439	0.0830076
96	1	0.649679	0.572317	7.35636	0.077799	1.39835	0.342416	6.93926	0.0493447
96	2	1.52559	1.65394	8.42059	0.196416	0.94304	0.907149	6.31205	0.143717
96	3	3.30864	3.26286	7.54369	0.432528	3.31291	2.81919	12.0127	0.234684
96	4	1.55708	1.54729	10.4205	0.148485	1.11866	0.949033	12.9809	0.0731101
96	5	1.72125	1.71494	12.6734	0.135318	1.24637	0.8331	12.3549	0.0674309
96	6	2.45051	2.9627	11.7826	0.251448	2.70588	2.96443	22.824	0.129883
96	7	2.66932	2.58249	9.4937	0.272021	2.5698	2.73978	11.1168	0.246454
96	8	0.262094	0.373664	7.43295	0.0502714	0.192944	0.564649	5.43558	0.10388
96	9	1.84225	2.05449	7.23225	0.284073	1.30458	2.00957	5.84115	0.344037
97	0	0.254448	0.137882	9.57668	0.0143977	2.07969	1.34805	9.57668	0.140763
97	1	4.15832	4.09377	10.0061	0.409129	3.89625	3.26139	9.93685	0.328211
97	2	2.9015	2.82766	10.7052	0.264138	2.3025	1.86409	4.92383	0.378585
97	3	2.46775	2.58627	7.49326	0.345146	1.76163	1.76073	5.15546	0.341527
97	4	2.53802	2.71896	6.22288	0.43693	2.30091	2.64899	8.98135	0.294943
97	5	-1.79644	-1.42775	9.68518	-0.147416	-4.28759	-3.35072	11.6096	-0.288617
97	6	0.392467	0.0685537	14.5703	0.00470504	2.40012	2.28107	6.72901	0.33899
97	7	1.35812	0.744754	6.96586	0.106915	2.81263	1.39547	4.86668	0.286741
97	8	3.40964	3.26021	6.24846	0.521761	2.14372	2.35818	9.67735	0.24368
97	9	2.03643	2.16549	9.16056	0.236393	2.26798	2.19876	7.30988	0.300794
98	0	3.20785	3.3734	8.64571	0.390182	4.68103	4.79067	8.64571	0.55411
98	1	2.91934	3.04011	13.1005	0.232061	1.56587	1.6531	7.5484	0.218999
98	2	1.64236	1.71346	7.24772	0.236414	2.02297	1.85285	6.85578	0.270261
98	3	3.32679	3.18063	7.64757	0.415901	2.70865	2.51159	10.7986	0.232584
98	4	1.44518	1.47444	9.39258	0.156979	0.784357	0.655317	13.6666	0.0479502
98	5	-2.38027	-2.77059	13.2778	-0.208663	-4.31577	-5.21974	26.0337	-0.200499
98	6	-1.34432	-1.29895	24.6836	-0.0526238	1.32802	0.718129	30.3546	0.023658
98	7	-1.52291	-1.36278	19.2698	-0.0707209	-0.350412	-0.882328	23.5858	-0.0374093
98	8	3.24334	3.19287	15.0838	0.211675	2.67104	2.5399	9.9771	0.254573
98	9	1.45419	1.30258	7.64628	0.170354	0.958335	0.413512	5.35137	0.0772722
99	0	1.66582	1.64545	11.3478	0.145001	2.82039	2.30399	11.3478	0.203034
99	1	2.25093	2.59802	11.1027	0.234	1.65493	1.87437	8.53327	0.219654
99	2	2.97838	2.73185	9.93567	0.274954	3.64293	2.80955	11.0513	0.25423
99	3	3.40453	3.40248	12.7181	0.26753	2.38271	2.25752	11.2252	0.201112
99	4	-3.56267	-3.63263	8.97696	-0.404662	-4.19698	-4.54444	12.8763	-0.352931
99	5	1.84243	2.0256	25.5315	0.0793375	2.11155	2.67689	18.0593	0.148228
99	6	3.01704	2.65527	17.992	0.147581	2.26681	2.15115	27.0816	0.0794323
99	7	1.15368	1.19359	12.5474	0.0951265	2.7752	2.41472	15.2957	0.157869
99	8	0.638229	1.11755	6.97595	0.1602	-0.148488	0.27125	6.46389	0.0419638
99	9	1.55006	1.16418	8.40109	0.138575	1.03236	1.23806	6.48824	0.190816
100	0	-1.30061	-1.31431	11.5231	-0.114059	0.24269	-0.605515	11.5231	-0.0525481
100	1	2.60837	2.77619	12.199	0.227575	2.14695	2.17784	7.62675	0.285552
100	2	2.16004	1.98179	8.22583	0.240923	1.69832	1.21302	9.30877	0.130309
100	3	1.68891	1.70077	8.84191	0.192353	1.68835	1.45962	6.91127	0.211194
100	4	3.14062	3.02245	8.246	0.366535	3.2598	2.98733	6.58815	0.45344
100	5	2.78396	2.64306	10.6537	0.248089	2.10161	1.53981	11.8561	0.129875
100	6	2.74591	3.065	13.14	0.233258	1.40537	1.93288	32.3724	0.0597076
100	7	1.50373	1.89706	12.628	0.150227	2.68043	3.51802	27.3339	0.128705
100	8	0.228285	0.282501	9.3664	0.0301611	1.03527	0.70779	4.59476	0.154043
100	9	0.357023	0.319088	5.36475	0.0594785	0.3508	-0.139244	5.16565	-0.0269557
