RUN	Year	DeltaBV	Sel	Var	Beta	DeltaBVRecruits	SelRecruits	VarRecruits	BetaRecruits
1	0	0.0603883	0.113514	0.778263	0.145855	0.162158	0.220201	0.778263	0.282939
1	1	0.103675	0.135982	0.830686	0.163699	0.160294	0.0716525	0.879839	0.0814382
1	2	0.42128	0.984457	1.19298	0.825205	0.434799	0.653879	1.42928	0.457488
1	3	0.358907	0.389639	1.27718	0.305076	0.296162	0.472067	0.819749	0.575868
1	4	0.187492	0.365957	1.13503	0.32242	-0.102745	0.0240298	0.914683	0.0262712
1	5	-0.232544	0.0146647	1.04204	0.014073	-0.108133	0.109337	1.26847	0.0861959
1	6	-0.078554	-0.024759	1.25642	-0.019706	-0.0258958	0.508825	0.898975	0.566005
1	7	-0.177226	-0.302827	0.969552	-0.312337	0.0480903	-0.457045	1.22253	-0.373853
1	8	0.310858	0.439603	0.8643	0.508624	0.139977	0.163701	0.739561	0.221348
1	9	0.073212	0.352225	0.744618	0.473028	0.0363545	0.129429	0.590573	0.219158
2	0	-0.114058	-0.147852	0.95119	-0.155439	0.058064	-0.126609	0.95119	-0.133106
2	1	0.283886	0.425455	0.952793	0.446535	0.24736	0.317055	0.782732	0.405062
2	2	0.361534	0.610344	0.855259	0.713636	0.51066	0.794895	1.00569	0.790397
2	3	0.441976	0.818672	0.880438	0.929847	0.124908	0.342347	0.866474	0.395104
2	4	0.0264384	0.406224	0.890526	0.456162	0.108076	0.336681	1.03021	0.326808
2	5	0.189097	0.197113	1.02072	0.193112	-0.0220771	0.15714	1.22187	0.128606
2	6	0.0900107	0.434389	1.1453	0.379281	0.247918	0.581068	1.77119	0.328067
2	7	-0.254404	-0.556714	1.11458	-0.499485	-0.108458	-0.126892	0.822014	-0.154367
2	8	0.368472	0.776743	1.02573	0.75726	0.17132	0.355684	0.941384	0.377831
2	9	0.0808045	0.432465	1.29379	0.334262	0.171735	0.402373	1.35852	0.296185
3	0	0.0341229	0.122626	0.857526	0.142999	0.0415338	0.202618	0.857526	0.236282
3	1	-0.0841359	-0.0724581	0.865576	-0.0837108	-0.117331	-0.139194	0.950553	-0.146434
3	2	-0.00735682	-0.0319274	0.972335	-0.0328358	0.180201	0.0362474	0.784303	0.0462161
3	3	0.208898	0.508684	0.981055	0.518507	0.0812999	0.209256	0.795434	0.263071
3	4	0.165688	0.513618	0.839015	0.612168	0.0129451	0.593605	0.772357	0.768562
3	5	-0.0427813	-0.0478129	0.787761	-0.0606947	-0.192398	0.0513022	0.499031	0.102804
3	6	-0.139698	-0.054573	0.587112	-0.0929516	-0.0531167	0.226618	0.810746	0.279518
3	7	-0.0945317	0.331809	1.0417	0.318527	0.108421	0.657001	1.38592	0.474054
3	8	-0.0168338	-0.120511	0.955476	-0.126127	0.0922282	0.0505369	0.744378	0.0678915
3	9	0.180442	0.503637	0.778491	0.64694	-0.0370093	0.292943	0.692622	0.422948
4	0	0.00690666	-0.142856	1.18781	-0.120268	0.162848	0.076087	1.18781	0.0640563
4	1	0.0973154	0.358583	1.00396	0.357168	-0.0370586	0.0831344	0.882212	0.094234
4	2	0.115606	0.365441	0.960726	0.38038	0.1161	0.247052	1.26424	0.195415
4	3	-0.039192	0.167245	1.05037	0.159225	0.00432179	0.0940535	0.683075	0.137691
4	4	0.0451329	0.237053	0.74663	0.317497	0.0180958	0.127347	0.553361	0.230134
4	5	0.0885894	-0.0659443	0.729602	-0.0903839	0.141848	-0.261714	0.818465	-0.319762
4	6	0.0288058	-0.170349	0.928435	-0.183479	0.135967	0.283821	0.607968	0.466836
4	7	0.25235	1.3554	0.726696	1.86516	0.183332	0.961429	0.999707	0.961711
4	8	0.368587	0.773504	1.06287	0.727752	0.283151	0.651827	1.0615	0.614064
4	9	0.294716	0.862947	1.21669	0.709258	0.14461	0.492562	1.25281	0.393167
5	0	0.0850814	0.0660576	0.879561	0.0751029	0.276082	0.0710841	0.879561	0.0808177
5	1	0.269877	0.404719	0.951939	0.425152	0.108852	0.164526	1.10666	0.148668
5	2	0.0679554	0.153866	0.917854	0.167637	0.0946926	-0.0517317	0.966133	-0.0535452
5	3	-0.0296426	0.188672	0.970464	0.194415	-0.0248179	-0.092	0.699368	-0.131547
5	4	0.164717	0.261766	1.10073	0.237812	0.0827677	0.332429	1.30208	0.255307
5	5	-0.0377473	-0.0117035	1.01309	-0.0115522	-0.0791186	-0.401148	0.929269	-0.431682
5	6	-0.129356	0.194713	0.805723	0.241662	-0.164351	0.431972	0.933955	0.462519
5	7	0.0329664	-0.0571908	0.68378	-0.0836392	0.128658	0.21512	0.394405	0.54543
5	8	0.0092693	-0.0616988	0.791471	-0.0779547	0.139378	0.043469	0.679768	0.0639469
5	9	0.18689	0.349051	0.703765	0.495976	-0.0658975	0.0975422	0.544918	0.179004
6	0	-0.0633834	-0.0587573	0.904648	-0.0649505	-0.0618502	0.0797846	0.904648	0.0881942
6	1	0.603669	1.2026	0.849687	1.41535	0.638742	1.29753	1.04147	1.24587
6	2	-0.0606164	-0.00427771	1.22032	-0.0035054	-0.196903	-0.191243	1.05695	-0.18094
6	3	-0.196858	-0.177568	1.01592	-0.174785	-0.11024	-0.147939	0.90737	-0.163042
6	4	-0.0286479	0.136156	1.14002	0.119433	0.0846122	0.0197248	0.823361	0.0239565
6	5	0.282659	0.296339	0.960135	0.308643	0.135699	0.235204	1.04716	0.224611
6	6	0.0872015	0.339502	1.16708	0.290899	-0.0157324	0.350338	1.26013	0.278017
6	7	-0.161916	-0.725436	1.02671	-0.706565	-0.0398134	-0.440661	0.593929	-0.741943
6	8	0.0524673	0.240461	0.856556	0.28073	-0.0888792	0.0436343	0.735386	0.0593352
6	9	-0.0865903	0.119562	0.703276	0.170007	0.0771414	0.0928384	0.765552	0.12127
7	0	-0.00960374	-0.113714	1.09189	-0.104144	0.00608505	-0.0560324	1.09189	-0.0513167
7	1	0.0909562	0.584769	1.06669	0.548211	0.205842	0.422446	0.835252	0.505771
7	2	0.173265	0.176083	1.01551	0.173393	0.12591	0.0503078	1.20699	0.0416805
7	3	0.01482	-0.120211	1.14288	-0.105183	-0.0727152	-0.170793	0.737353	-0.23163
7	4	-0.0230961	0.0664105	0.782323	0.084889	-0.149561	-0.0671198	0.608698	-0.110268
7	5	-0.0713811	0.119294	0.686998	0.173646	0.117236	0.121344	0.655564	0.185098
7	6	0.129607	0.494891	1.07018	0.462439	-0.0947901	0.0823221	1.93688	0.0425023
7	7	0.0838809	0.242935	1.01865	0.238487	0.324262	0.682921	1.33304	0.512302
7	8	0.0965073	0.247421	0.757084	0.326808	0.169454	0.226308	0.510493	0.443313
7	9	0.0664025	0.0611338	0.696022	0.0878332	0.03518	-0.28695	0.683794	-0.419643
8	0	-0.0849818	0.0181084	0.906678	0.0199722	0.0469944	0.0644144	0.906678	0.0710444
8	1	0.280141	0.640411	1.0087	0.63489	0.223323	0.500768	0.781069	0.641131
8	2	0.0798582	0.367698	0.834731	0.440499	0.0566	0.26425	0.729093	0.362437
8	3	0.221457	0.144634	0.855991	0.168967	0.29856	0.355914	1.092	0.325929
8	4	0.289648	0.405512	1.02937	0.39394	0.344485	0.622175	0.937853	0.663403
8	5	0.262591	0.516799	0.814133	0.634785	0.0950377	-0.0383447	0.518678	-0.0739278
8	6	0.296957	0.465019	0.652942	0.71219	0.102481	0.581507	0.774441	0.750874
8	7	0.122625	0.0830117	0.933866	0.0888904	0.343078	0.81847	0.796526	1.02755
8	8	0.187721	0.240306	0.844753	0.28447	0.217876	-0.0410641	1.00875	-0.0407079
8	9	0.154045	0.18614	1.1148	0.166972	0.00514781	0.239031	1.54063	0.155152
9	0	0.102398	0.300955	0.839114	0.358658	0.30679	0.400675	0.839114	0.477498
9	1	0.315646	0.563939	1.00129	0.56321	0.102123	0.353992	0.897543	0.394401
9	2	0.186744	0.619154	0.913742	0.677603	0.472337	0.826566	0.923428	0.895106
9	3	0.343078	0.7309	1.21003	0.604034	0.207576	0.328441	0.826782	0.397252
9	4	0.0105412	-0.132505	0.909334	-0.145717	-0.216115	-0.137985	1.07127	-0.128805
9	5	-0.0411763	0.330281	0.98896	0.333968	-0.154339	-0.112741	0.54606	-0.206462
9	6	0.0407892	-0.413686	0.944757	-0.437876	0.214283	0.457223	0.877523	0.521039
9	7	0.0490188	0.281692	0.972218	0.289741	0.253296	-0.0268373	1.25166	-0.0214414
9	8	0.260221	0.51156	0.780405	0.655505	0.137854	0.127799	0.49871	0.25626
9	9	0.0805972	0.645472	0.896573	0.719933	-0.0573673	0.347053	0.972228	0.356967
10	0	0.0282647	0.0625693	0.953793	0.0656005	0.127103	0.197546	0.953793	0.207116
10	1	0.158516	0.466712	0.89447	0.521775	0.142433	0.355351	0.707852	0.502013
10	2	0.0884533	0.523117	0.817656	0.639776	-0.0604903	0.249005	0.619942	0.401659
10	3	-0.0400424	0.225909	0.862067	0.262055	0.0797214	0.17043	1.02757	0.165857
10	4	0.038535	0.0753699	1.15718	0.0651322	-0.0417241	0.0261116	1.08526	0.0240603
10	5	0.0583425	-0.0410166	1.04069	-0.0394129	0.0968648	0.295214	0.648842	0.454986
10	6	-0.0234136	0.313965	0.641682	0.489284	0.016885	0.0452191	0.29588	0.152829
10	7	0.257911	0.535351	1.1151	0.480091	0.267962	0.299152	0.706053	0.423695
10	8	0.184206	0.902781	1.02643	0.879533	0.35945	0.562108	1.09033	0.51554
10	9	0.324548	0.221834	1.02782	0.21583	0.163636	0.43149	1.19768	0.360272
11	0	0.0950447	0.219065	1.11428	0.196599	0.101793	0.120128	1.11428	0.107808
11	1	0.284669	0.72446	1.18228	0.612764	0.339851	0.670108	1.27917	0.523862
11	2	0.0764543	0.124733	1.05999	0.117674	0.0112074	0.18553	0.620482	0.299009
11	3	0.0912092	0.210359	0.914297	0.230077	0.0481374	0.110629	1.35396	0.0817075
11	4	0.333846	0.823706	0.974838	0.844967	0.354384	0.748303	1.22025	0.613236
11	5	0.148283	0.206615	1.29109	0.160031	-0.0323132	0.144349	1.29351	0.111595
11	6	-0.286149	-0.256661	1.46909	-0.174707	0.280469	0.0215948	2.24117	0.00963549
11	7	0.634926	0.9403	1.43418	0.655635	0.298867	0.398921	1.01191	0.394226
11	8	0.184043	0.5215	0.980323	0.531967	0.427714	0.190439	0.474329	0.40149
11	9	0.19225	0.124047	0.848013	0.14628	-0.0135004	-0.246417	0.886614	-0.27793
12	0	0.176287	0.43112	1.20658	0.357307	0.433658	0.871381	1.20658	0.72219
12	1	0.527914	0.988565	1.17999	0.837773	0.354362	0.636446	0.886587	0.71786
12	2	0.123081	0.112864	0.918874	0.122829	0.127969	0.0657324	0.764749	0.0859529
12	3	0.139716	0.594939	0.999483	0.595247	-0.0278896	0.0798832	1.2213	0.0654081
12	4	-0.00422794	0.00506978	1.00298	0.00505471	0.150249	0.0801352	0.938184	0.0854152
12	5	0.0209034	0.319849	0.928177	0.3446	-0.324162	0.100817	0.714763	0.14105
12	6	-0.143892	-0.315321	0.932611	-0.338105	-0.101923	-0.0357344	1.23467	-0.0289425
12	7	0.00710647	0.76971	0.995837	0.772927	0.38885	0.757092	1.07841	0.702042
12	8	0.185127	0.283178	1.22906	0.230402	-0.0749453	0.093683	0.527504	0.177597
12	9	-0.0422044	-0.104617	0.904701	-0.115637	0.156641	0.0677613	0.69257	0.0978404
13	0	0.0878577	0.29829	1.11164	0.268333	0.226361	0.521942	1.11164	0.469523
13	1	0.26921	0.474363	1.00374	0.472596	0.170346	0.211081	0.928811	0.22726
13	2	0.117152	0.371878	0.83312	0.446368	0.105166	0.344372	0.778581	0.442307
13	3	0.222576	0.201373	0.857685	0.234787	0.268914	0.136218	0.962617	0.141508
13	4	0.220681	0.402922	1.04237	0.386542	0.141487	0.045557	1.37595	0.0331096
13	5	0.281799	0.541637	1.24325	0.435661	0.183343	0.131104	1.56881	0.0835692
13	6	-0.23874	-0.447196	1.44552	-0.309367	-0.403601	-0.318634	3.33404	-0.0955701
13	7	-0.353298	-0.223819	1.95926	-0.114237	-0.0176435	0.105725	0.451088	0.234378
13	8	0.340502	1.12548	0.947659	1.18764	0.36045	0.864035	0.918857	0.940336
13	9	0.073125	-0.000977075	0.991405	-0.000985545	-0.0237895	-0.215147	0.860433	-0.250045
14	0	0.202318	0.446627	0.831008	0.537452	0.383178	0.582979	0.831008	0.701532
14	1	0.319284	0.579267	0.75995	0.762243	0.175174	0.178377	0.773938	0.23048
14	2	0.125884	0.39908	0.835352	0.477738	0.0118728	0.431856	0.900451	0.4796
14	3	-0.10922	-0.0613386	0.942422	-0.0650861	-0.0557024	-0.0367575	1.08978	-0.0337294
14	4	0.0294672	0.28198	1.06085	0.265806	-0.180318	-0.0416996	0.67551	-0.0617305
14	5	-0.0346547	0.0349729	0.789832	0.0442789	0.0235601	-0.21231	1.24847	-0.170056
14	6	-0.160179	-0.539928	0.951521	-0.567437	0.124482	-0.442465	0.781285	-0.56633
14	7	-0.0136836	-0.159887	0.990411	-0.161435	-0.0999375	-0.279804	0.626052	-0.446934
14	8	0.245135	0.378642	0.828478	0.457034	0.270377	0.591107	0.845265	0.699316
14	9	0.129027	0.263476	0.836802	0.31486	0.0505496	0.301781	1.02151	0.295427
15	0	0.0107027	0.0816658	0.873407	0.0935026	0.0831084	0.189331	0.873407	0.216773
15	1	0.191034	0.557946	0.898165	0.621206	0.140203	0.272422	0.924814	0.294569
15	2	0.14941	0.358074	1.09382	0.327362	0.324775	0.64125	0.933848	0.686674
15	3	0.291989	0.422358	0.851085	0.496258	0.145984	0.137213	0.618164	0.221969
15	4	0.153799	0.394827	0.840972	0.469489	0.304746	0.437387	0.837355	0.522344
15	5	0.144146	0.301097	0.878764	0.342637	-0.0278657	-0.433765	1.04134	-0.416547
15	6	0.291285	0.462907	1.15107	0.402154	0.254045	0.429091	1.06724	0.402058
15	7	0.0664258	0.486808	0.95628	0.509064	0.229936	0.348426	0.750633	0.464175
15	8	0.210355	0.284175	0.576916	0.492577	-0.0583804	0.0191196	0.529345	0.0361194
15	9	-0.0593299	-0.08827	0.841829	-0.104855	0.122777	0.357472	1.16868	0.305878
16	0	-0.0360188	0.0591917	0.744702	0.0794838	-0.015707	0.10563	0.744702	0.141842
16	1	0.138858	0.428454	0.845106	0.506983	0.239767	0.558785	1.0993	0.50831
16	2	0.202676	0.208434	1.15943	0.179774	0.118174	0.0766049	1.59715	0.0479635
16	3	0.133485	0.3821	1.25363	0.304794	0.115973	0.221976	0.60713	0.365615
16	4	-0.0561785	-0.100384	0.89811	-0.111772	0.0150163	-0.107668	1.10319	-0.0975976
16	5	0.208636	0.351178	1.08968	0.322277	0.214789	0.141367	0.941875	0.150091
16	6	0.122177	0.238401	0.851185	0.280081	0.325819	0.361764	0.62077	0.582767
16	7	0.411827	0.668238	0.684014	0.976936	0.159054	0.372105	0.55793	0.666938
16	8	-0.00141695	0.118761	0.733948	0.161812	-0.181212	0.0870948	0.745691	0.116797
16	9	-0.0730427	0.0994226	1.01585	0.0978713	-0.0631869	-0.0638393	1.41592	-0.0450867
17	0	0.260778	0.68555	1.10969	0.617788	0.378841	0.938143	1.10969	0.845413
17	1	0.144747	0.0674655	1.07839	0.0625613	0.216776	-0.0494357	1.00386	-0.0492454
17	2	0.284095	0.38928	1.0824	0.359647	0.156579	0.112378	1.16598	0.09638
17	3	0.155587	0.263375	1.04049	0.253126	0.0995218	0.263665	1.55885	0.169141
17	4	0.14096	0.359375	1.03814	0.346172	0.465611	0.41194	1.00194	0.411144
17	5	0.352118	0.486464	0.872011	0.557865	-0.257606	-0.205502	1.20837	-0.170065
17	6	0.0640105	0.346577	1.50947	0.229602	0.510732	0.75722	1.57313	0.481347
17	7	0.427643	0.459556	1.17474	0.391196	0.268005	0.231676	1.01414	0.228445
17	8	0.00544282	0.130966	0.929177	0.140949	-0.0631027	-0.106733	1.48984	-0.0716404
17	9	-0.0809237	-0.272706	1.03294	-0.26401	0.0367598	-0.432967	0.752787	-0.575152
18	0	0.149544	0.35236	1.01767	0.346242	0.203718	0.509479	1.01767	0.500633
18	1	0.0898868	0.283693	0.977812	0.290131	-0.00734532	0.232865	0.902641	0.257982
18	2	0.0436746	0.386673	0.977091	0.395739	0.168881	0.460952	0.773794	0.595704
18	3	0.262152	0.491002	0.688772	0.712866	0.120865	0.372849	0.802995	0.464322
18	4	-0.0162737	0.342678	0.882486	0.38831	0.00184538	0.217791	0.843075	0.258329
18	5	-0.169431	0.156162	0.914028	0.17085	-0.486279	-0.353329	0.771293	-0.4581
18	6	-0.386894	-0.349326	0.877761	-0.397974	0.0382564	-0.0424925	1.0357	-0.0410277
18	7	0.18511	0.28933	0.977143	0.296098	0.0756797	0.0910472	0.11165	0.81547
18	8	-0.118478	0.14523	0.587781	0.247082	-0.0776635	0.135598	0.600877	0.225666
18	9	-0.0171916	0.395472	0.797199	0.496077	0.0228139	0.419502	0.570039	0.735917
19	0	0.0547553	0.0219255	1.04741	0.0209331	0.166616	0.101919	1.04741	0.0973056
19	1	0.206488	0.353218	1.17869	0.299671	0.0554768	0.0363581	1.2816	0.0283693
19	2	0.0829022	0.10736	1.10287	0.0973458	0.468054	0.386551	1.06795	0.361958
19	3	0.22151	0.251171	0.963164	0.260777	-0.0564842	-0.151775	0.884874	-0.171522
19	4	0.199173	0.365987	0.984386	0.371792	0.227651	0.469202	1.0565	0.44411
19	5	0.111884	0.262285	0.933132	0.281081	0.0480976	-0.161732	1.48008	-0.109272
19	6	0.0127243	-0.311372	1.18177	-0.263481	-0.2989	-0.217666	1.24479	-0.174861
19	7	-0.359581	-0.701234	1.06324	-0.659528	0.112558	0.170353	1.54031	0.110597
19	8	0.0762568	0.414175	0.994442	0.416489	-0.0370364	0.136754	0.768402	0.177972
19	9	0.0344667	0.0377288	0.840294	0.0448995	-0.231222	-0.0336803	0.869992	-0.0387134
20	0	0.141668	0.349156	0.923795	0.377959	0.206723	0.609322	0.923795	0.659585
20	1	0.117329	0.39142	0.861092	0.454563	0.186644	0.140824	0.828482	0.169979
20	2	0.217892	0.421742	1.13104	0.372879	0.0353678	-0.0404029	1.22162	-0.0330733
20	3	-0.086659	0.0889768	1.09974	0.0809068	0.26562	0.403649	1.03024	0.3918
20	4	0.356282	0.549708	1.18465	0.464027	-0.0551398	0.117948	0.991133	0.119003
20	5	-0.0206759	0.183548	0.936961	0.195897	-0.0158813	-0.0746928	1.10375	-0.0676719
20	6	-0.28044	-0.400699	1.31549	-0.3046	-0.13328	-0.345672	2.12559	-0.162624
20	7	-0.0471294	0.10745	1.25727	0.0854623	0.0416606	-0.257614	0.835159	-0.308461
20	8	0.368348	0.646057	1.27027	0.508599	0.347878	0.912551	1.23891	0.736573
20	9	0.147049	0.281778	1.17787	0.239227	-0.0275135	-0.442905	0.868459	-0.509989
21	0	0.0720351	0.21378	0.881564	0.242501	0.0831163	0.147004	0.881564	0.166754
21	1	0.0930466	0.403927	0.955607	0.422692	0.199346	0.139107	1.07149	0.129826
21	2	0.400041	0.678358	1.06519	0.636845	0.492875	0.971721	1.32413	0.733858
21	3	0.194732	0.176499	1.17675	0.149988	0.121945	0.0186571	1.32557	0.0140748
21	4	0.269063	0.588829	1.13379	0.519348	0.0617201	0.2231	1.44172	0.154745
21	5	0.205584	0.145658	1.00543	0.144872	0.296328	0.210544	1.29488	0.162597
21	6	0.0824136	0.210811	1.08831	0.193705	-0.0382437	0.202794	1.6336	0.124139
21	7	0.091864	0.190004	0.903887	0.210208	0.355039	0.298188	1.08854	0.273934
21	8	0.227177	0.420523	0.858754	0.48969	0.288255	0.143705	0.527345	0.272506
21	9	0.234171	0.222478	0.79127	0.281165	0.129965	0.152742	0.62392	0.24481
22	0	0.122502	0.311231	1.02706	0.30303	0.234031	0.51591	1.02706	0.502316
22	1	0.126303	0.302787	1.0018	0.302241	0.0325043	0.269216	0.800266	0.336408
22	2	0.0220939	0.216633	0.963274	0.224892	0.134689	0.0821213	0.800252	0.102619
22	3	0.161849	0.194072	0.75259	0.257872	0.196115	0.0267303	0.639152	0.0418216
22	4	0.210158	0.264553	0.830311	0.31862	0.0650245	-0.154267	0.538676	-0.286381
22	5	0.249618	0.66833	0.772952	0.864646	0.395825	0.531419	1.22669	0.433213
22	6	0.495737	0.74661	1.16084	0.643165	0.43282	0.794301	1.09572	0.724914
22	7	0.433552	0.516208	1.10271	0.468129	0.359435	0.59331	0.957605	0.619576
22	8	0.0351321	0.0735451	0.864084	0.0851134	0.0383831	0.0786262	0.829019	0.0948426
22	9	0.0652013	-0.0450237	0.970419	-0.0463961	0.201202	0.232299	1.09934	0.211307
23	0	-0.0528505	-0.0983784	0.897027	-0.109672	-0.0483706	-0.0399991	0.897027	-0.0445908
23	1	0.181907	0.403079	0.901153	0.447292	0.259541	0.59884	0.80339	0.745391
23	2	0.0744193	0.147563	0.954211	0.154644	-0.00625403	0.0395446	0.904003	0.0437438
23	3	0.105084	0.39535	1.06249	0.372098	0.160552	0.496749	1.09214	0.45484
23	4	0.13618	0.27203	1.04517	0.260274	0.118939	0.254246	0.801547	0.317194
23	5	0.0932834	0.202512	0.819632	0.247076	-0.0791544	-0.184079	0.834382	-0.220617
23	6	-0.227167	-0.0800516	0.62484	-0.128115	-0.088404	-0.0803321	0.164247	-0.489093
23	7	0.118438	0.141034	0.644335	0.218884	0.234938	0.269866	0.467134	0.577706
23	8	0.203087	0.730818	0.954108	0.76597	0.0534222	0.360062	0.888512	0.405241
23	9	-0.0123703	-0.00234193	0.864716	-0.00270832	0.179696	0.442241	0.830088	0.532764
24	0	0.000236145	0.0428383	0.993857	0.0431031	-0.0269799	0.0318008	0.993857	0.0319973
24	1	-0.0158343	-0.0126058	1.05386	-0.0119615	0.173243	0.241071	0.967683	0.249122
24	2	0.21592	0.415649	1.04674	0.39709	0.0884865	0.128726	1.15578	0.111376
24	3	0.198023	0.260782	0.971723	0.268371	0.0824324	0.408908	1.2797	0.319535
24	4	0.0423325	0.0366107	1.06787	0.0342839	0.12912	0.0111264	1.1466	0.00970387
24	5	0.338732	0.37051	1.15259	0.32146	0.237007	-0.0378715	1.01885	-0.0371708
24	6	0.359392	0.64907	0.926344	0.700679	0.290599	1.18436	1.87119	0.632947
24	7	0.128011	0.973276	1.44619	0.672993	0.393147	1.10828	1.51029	0.73382
24	8	0.123767	0.313065	0.894771	0.349883	0.0672302	0.112422	0.584746	0.192257
24	9	0.091931	0.344111	0.66837	0.514851	-0.0811247	0.216128	0.624597	0.346028
25	0	0.103785	0.229505	1.19436	0.192157	0.169731	0.500686	1.19436	0.419208
25	1	0.175469	0.237998	1.04699	0.227317	0.149436	0.248409	0.852178	0.291499
25	2	0.105982	0.574986	0.914481	0.628757	0.0946911	0.339936	0.679044	0.500609
25	3	-0.103221	-0.125279	0.780927	-0.160423	-0.310715	-0.143492	0.788287	-0.182031
25	4	-0.193963	-0.179776	0.969451	-0.185441	0.00996907	0.0798688	0.648958	0.123072
25	5	0.0500781	-0.0591504	0.775837	-0.0762408	-0.0331039	0.108776	0.888677	0.122402
25	6	-0.117462	-0.0886242	0.940816	-0.0941993	-0.0740341	-0.0444813	0.630171	-0.0705861
25	7	-0.0998371	0.298047	0.675125	0.44147	-0.0579802	0.514335	0.51084	1.00684
25	8	0.0369816	0.415798	1.03706	0.400938	0.00755615	0.221975	0.970484	0.228726
25	9	0.0416349	0.515475	1.021	0.504875	0.134274	0.574957	1.41868	0.405277
26	0	0.0387047	0.00198875	1.1325	0.00175606	0.0856717	0.0166614	1.1325	0.014712
26	1	0.260905	0.682961	0.944191	0.723329	0.36098	0.637492	0.820739	0.776729
26	2	0.133672	0.326348	0.821724	0.39715	0.0550423	0.416882	0.647771	0.643564
26	3	0.119405	0.0880472	0.714981	0.123146	0.100725	-0.0382774	0.60127	-0.0636609
26	4	0.136813	0.201724	0.87957	0.229344	0.00186752	0.131537	0.956026	0.137587
26	5	0.00170074	0.0797802	0.823757	0.0968492	0.290549	0.190959	0.560024	0.340984
26	6	0.308422	0.451046	0.837533	0.538541	0.00306969	-0.00160522	1.52686	-0.00105132
26	7	-0.286236	-0.128905	1.26259	-0.102096	-0.259673	-0.409945	1.69508	-0.241844
26	8	-0.116337	0.0818647	1.07346	0.0762625	0.0424995	-0.00277004	0.422608	-0.00655462
26	9	0.312369	0.548018	0.804262	0.681392	0.0119303	0.375158	1.06238	0.35313
27	0	0.124064	0.154901	0.937972	0.165144	0.283657	0.275096	0.937972	0.293288
27	1	0.227081	0.436978	1.07942	0.404828	0.0235081	-0.0812124	1.09171	-0.0743897
27	2	-0.105739	-0.225971	1.0196	-0.221628	0.0185534	-0.170956	0.997576	-0.171372
27	3	0.197627	0.353292	0.901976	0.391687	0.200282	0.36324	1.13895	0.318926
27	4	0.0611547	0.375463	0.861432	0.435859	0.211223	0.400765	0.697541	0.574539
27	5	0.472725	0.7218	1.02768	0.70236	0.433355	0.269762	1.24127	0.217327
27	6	0.265685	0.376163	1.26246	0.29796	0.1013	0.199278	1.22732	0.162368
27	7	-0.112122	-0.602048	0.918466	-0.655493	-0.036529	-0.565074	0.723544	-0.78098
27	8	0.0684532	0.130362	0.943919	0.138107	0.122122	-0.0795345	0.728918	-0.109113
27	9	0.209262	0.467492	0.88866	0.526064	0.154162	0.082298	0.603221	0.136431
28	0	0.0320704	0.0214352	0.997436	0.0214903	-0.137637	-0.0320003	0.997436	-0.0320826
28	1	-0.156161	0.0107505	1.0058	0.0106886	0.0745717	0.0278319	1.06031	0.0262488
28	2	0.2176	0.334824	0.953349	0.351208	0.299063	0.450756	0.783979	0.574959
28	3	-0.0132764	-0.0332771	0.886293	-0.0375464	0.11165	0.0222291	1.27091	0.0174908
28	4	0.372102	0.544889	1.10198	0.494462	0.114697	0.430191	1.00356	0.428666
28	5	0.10298	0.387337	1.01035	0.383368	-0.152609	0.217551	0.756744	0.287483
28	6	0.0335391	0.0182468	0.733017	0.0248927	0.207874	0.0625098	0.652609	0.0957845
28	7	0.1611	0.931189	1.12408	0.828401	0.34556	1.19439	1.49123	0.800944
28	8	0.193001	0.311991	0.861508	0.362145	0.184006	0.143153	0.852221	0.167976
28	9	0.165995	0.300034	0.839837	0.357253	0.23423	0.316259	0.854523	0.3701
29	0	0.0193784	0.0501416	0.829732	0.0604311	0.130983	0.176199	0.829732	0.212356
29	1	-0.0325877	-0.215188	0.812912	-0.264712	-0.0719827	-0.0722561	0.708551	-0.101977
29	2	0.310902	0.383084	0.805292	0.475708	0.615079	0.623412	0.687942	0.906198
29	3	0.333316	0.392099	0.887778	0.441664	-0.0912571	0.0234914	0.728027	0.0322672
29	4	-0.00414105	0.29956	0.930437	0.321957	0.0885526	0.24358	1.06183	0.229395
29	5	0.305545	0.442613	0.979044	0.452087	0.290796	0.741519	1.28224	0.578298
29	6	0.117235	0.302836	1.16911	0.259032	0.0618393	0.0161246	1.00726	0.0160084
29	7	0.170877	0.711489	1.24065	0.573482	0.306358	0.703534	1.08346	0.649342
29	8	0.199932	0.568142	1.0231	0.555315	0.154675	0.470903	1.0699	0.440135
29	9	0.0102743	-0.0704989	1.11647	-0.0631445	-0.08632	-0.111618	0.782974	-0.142557
30	0	0.0999022	0.275967	0.875843	0.315087	0.155867	0.479054	0.875843	0.546963
30	1	0.0772898	0.309054	0.923372	0.334701	0.0839665	0.112478	0.624907	0.179991
30	2	0.144714	0.340892	0.840883	0.405398	0.0425327	0.165772	0.898848	0.184428
30	3	0.043476	0.1954	0.979723	0.199444	0.00564454	-0.00225503	1.10604	-0.00203883
30	4	-0.110067	-0.104883	1.01352	-0.103484	-0.156532	-0.193117	0.905256	-0.213329
30	5	0.159727	0.616129	1.07261	0.574419	0.154135	0.425707	1.0619	0.400893
30	6	0.98674	1.04935	1.40197	0.748484	0.799917	1.22444	1.93715	0.632085
30	7	0.0130381	0.709839	1.52606	0.465146	0.375737	0.95667	1.55604	0.614811
30	8	0.167996	0.133284	1.04189	0.127925	0.200793	0.0453338	1.20865	0.0375078
30	9	-0.0183389	-0.0305102	1.31471	-0.0232067	-0.133104	-0.527689	1.5029	-0.351114
31	0	0.10107	0.184989	0.977615	0.189225	0.175307	0.396552	0.977615	0.405632
31	1	0.107097	0.33477	1.03373	0.323845	0.147167	-0.044379	1.24872	-0.0355396
31	2	0.323462	0.40453	1.1593	0.348943	0.335944	0.550278	0.961711	0.572186
31	3	0.0454891	-0.0689294	1.09557	-0.0629168	-0.240601	-0.554634	1.16145	-0.477537
31	4	-0.303947	-0.485691	1.08341	-0.4483	-0.0748757	-0.241235	0.870119	-0.277244
31	5	-0.0673249	0.112553	1.19324	0.094326	-0.260814	-0.282275	0.95465	-0.295684
31	6	0.164444	0.414162	1.16998	0.353989	0.789316	0.973867	1.85787	0.524186
31	7	0.548632	0.606723	0.953472	0.63633	-0.0380579	0.314784	0.262653	1.19848
31	8	-0.0211752	0.0450222	0.831861	0.0541223	0.152981	0.048571	1.18199	0.0410925
31	9	0.132561	0.50629	0.845618	0.598722	0.291823	0.43811	0.63243	0.69274
32	0	-0.00911314	0.152014	0.994608	0.152838	0.151882	0.403569	0.994608	0.405757
32	1	0.269531	0.471856	1.00652	0.468801	0.0924173	0.3385	0.800762	0.422722
32	2	-0.0503013	0.253331	1.00279	0.252626	-0.000387881	0.129508	1.08849	0.118979
32	3	0.0299783	-0.0573756	0.961157	-0.0596943	0.118135	0.0473677	0.767063	0.061752
32	4	0.173451	0.306606	0.908817	0.337368	0.233561	0.437682	1.18635	0.368931
32	5	0.162771	0.656355	0.965832	0.679575	-0.217318	0.0602755	0.505672	0.119199
32	6	-0.270781	-0.472764	0.652672	-0.724352	0.0182137	0.0822403	1.38099	0.0595516
32	7	0.307913	0.283618	0.865013	0.327877	0.256898	0.322516	0.829843	0.388648
32	8	0.0632932	0.578209	0.815592	0.708943	-0.0691701	0.141157	0.70596	0.19995
32	9	-0.0528646	0.287148	0.846527	0.339207	0.22624	0.808362	0.551453	1.46588
33	0	0.222337	0.562366	1.2403	0.45341	0.335018	0.771406	1.2403	0.621949
33	1	0.257913	0.809155	1.23212	0.656719	0.120939	0.43855	0.935339	0.468868
33	2	0.11704	0.704114	1.04432	0.674235	0.282972	1.00679	0.861353	1.16884
33	3	0.137746	0.20858	0.97502	0.213924	0.0781334	0.2051	0.978902	0.20952
33	4	0.145952	0.494637	1.01327	0.488158	-0.246409	0.508422	1.0821	0.469847
33	5	-0.321456	0.358467	0.954856	0.375414	-0.255636	0.667085	1.20514	0.553532
33	6	-0.209453	-0.214427	1.05204	-0.203819	-0.106067	0.297244	1.48171	0.200609
33	7	0.108694	-0.502716	1.08064	-0.4652	0.343192	-0.733702	1.20087	-0.610974
33	8	0.141852	0.46269	0.887831	0.521146	0.0668427	0.0738198	0.926787	0.0796513
33	9	0.131933	0.222437	0.892207	0.249311	0.252473	0.330452	0.815778	0.405076
34	0	0.0345413	0.0408011	1.07608	0.0379165	0.129337	0.306792	1.07608	0.285103
34	1	0.27118	0.711902	0.943478	0.754551	0.327249	0.630086	1.04077	0.605403
34	2	0.228248	0.514894	1.00424	0.512721	-0.0935968	0.356584	0.937668	0.380288
34	3	-0.216161	-0.105927	0.837391	-0.126496	-0.0640131	-0.126675	0.737867	-0.171678
34	4	0.161215	0.448059	0.793921	0.564362	0.253059	0.592237	0.713674	0.829842
34	5	0.242675	0.282097	0.997723	0.282741	0.151723	0.31194	1.35805	0.229697
34	6	-0.12053	-0.245445	1.0753	-0.228257	-0.437223	-0.280002	0.615075	-0.455232
34	7	-0.0896718	0.5564	1.11367	0.499611	0.420001	0.992814	2.38748	0.415841
34	8	0.556246	1.28225	1.40114	0.915144	0.355957	1.14424	1.54894	0.738724
34	9	0.0522803	0.621105	1.14775	0.541152	0.180457	0.353057	0.910944	0.387573
35	0	0.174216	0.294762	1.1504	0.256227	0.457128	0.533304	1.1504	0.463583
35	1	0.375682	0.464953	1.1763	0.395268	0.137187	0.292596	1.00702	0.290555
35	2	0.0680651	0.194283	0.961378	0.202088	0.0181754	0.0606427	0.730668	0.0829963
35	3	0.111429	0.394895	0.68072	0.580114	0.16033	0.233166	0.674367	0.345755
35	4	0.0432319	0.236508	0.90266	0.262012	0.116446	0.398179	1.05684	0.376762
35	5	0.196397	0.149237	0.977649	0.152649	0.0290438	0.0929363	0.652615	0.142406
35	6	-0.193861	-0.469939	0.65583	-0.716557	-0.427313	-0.307522	0.778411	-0.395064
35	7	-0.282277	0.215014	0.587187	0.366177	0.0699551	0.152695	0.874747	0.174559
35	8	0.0727986	-0.0850113	0.891253	-0.095384	-0.024137	-0.142959	0.794404	-0.179958
35	9	0.00466507	0.224362	1.00337	0.223609	-0.0381215	0.17004	1.23637	0.137531
36	0	-0.0324458	-0.0798977	0.557849	-0.143224	0.035699	-0.140573	0.557849	-0.251992
36	1	0.11867	0.427467	0.795676	0.537238	0.154509	0.448736	1.04906	0.427749
36	2	0.149511	0.567926	1.03173	0.550459	0.295907	0.618108	0.928401	0.665777
36	3	0.214725	0.462243	0.980317	0.471524	0.115618	0.201849	0.935738	0.215711
36	4	0.226253	0.577912	0.916484	0.630575	0.118084	0.567992	1.19472	0.475418
36	5	-0.108678	0.073743	1.29419	0.0569798	-0.439523	0.334142	0.929937	0.359317
36	6	-0.525198	0.408743	0.977744	0.418047	-0.0671672	0.224413	0.537665	0.417385
36	7	0.190126	0.133106	1.08592	0.122574	0.0571495	-0.294742	0.49697	-0.593077
36	8	-0.0152954	0.126516	0.925188	0.136747	-0.17554	-0.0105612	0.694322	-0.0152108
36	9	-0.0368696	-0.0436516	0.814701	-0.0535799	0.219909	0.182215	0.958574	0.19009
37	0	-0.0751943	-0.105215	1.06453	-0.0988373	-0.00032754	0.0246831	1.06453	0.0231868
37	1	0.22563	0.408002	1.07044	0.381154	0.132061	0.348875	1.20151	0.290364
37	2	0.0805045	0.351583	1.03342	0.340213	0.277673	0.0152974	0.996017	0.0153586
37	3	0.15568	-0.085691	1.00722	-0.0850765	0.0173136	-0.012504	1.24	-0.0100839
37	4	0.156495	0.401967	1.16721	0.344382	0.236216	0.550555	1.15782	0.475512
37	5	0.0786532	0.277343	1.0487	0.264465	-0.132925	0.0462491	1.04564	0.0442304
37	6	0.166541	0.0631852	1.19016	0.0530896	0.395901	0.74051	1.45397	0.5093
37	7	0.359039	0.758756	0.97456	0.778563	0.36968	0.182048	0.524824	0.346874
37	8	0.232156	0.465317	0.949574	0.490027	0.17388	0.308538	0.87345	0.35324
37	9	0.228068	0.505605	1.00689	0.502145	0.166805	0.481384	1.08608	0.443231
38	0	0.104589	0.193305	0.723487	0.267185	0.32159	0.450864	0.723487	0.623182
38	1	0.289017	0.421792	0.902543	0.467337	0.0314193	0.176088	0.939877	0.187352
38	2	0.0214163	0.0597407	0.893526	0.0668595	0.151253	0.202846	0.67871	0.29887
38	3	0.17933	0.405156	0.840916	0.481803	-0.0162515	0.261129	0.691969	0.377371
38	4	-0.167707	0.218592	0.747669	0.292364	-0.0960275	0.0249296	0.432767	0.0576051
38	5	-0.145199	0.0999482	0.818119	0.122168	-0.253591	-0.266801	1.41952	-0.187951
38	6	-0.166056	0.100645	1.04105	0.0966769	0.0276269	0.00459031	0.292246	0.015707
38	7	0.0875298	0.192918	1.0914	0.176762	0.0850564	0.220416	0.382068	0.576903
38	8	0.0980409	0.381309	0.596881	0.638837	-0.0629781	-0.0618186	0.945019	-0.0654152
38	9	-0.121075	-0.408241	0.827367	-0.493422	-0.0877864	-0.200706	1.04549	-0.191974
39	0	0.00928165	-0.0633914	1.08047	-0.0586703	0.112424	-0.0357131	1.08047	-0.0330534
39	1	0.0920634	0.0324254	0.968737	0.0334719	0.111795	0.0937205	0.892631	0.104994
39	2	0.186785	0.292779	0.944574	0.309959	0.0471365	0.00606341	0.734756	0.00825228
39	3	-0.0435633	0.0122011	0.87797	0.0138969	0.0839037	0.0691181	0.70402	0.0981764
39	4	0.161292	0.409306	0.954259	0.428926	0.132809	0.314706	0.617077	0.509994
39	5	0.333871	0.433551	0.712636	0.608377	0.435032	0.543726	1.15838	0.469384
39	6	0.18834	0.368599	1.10207	0.334461	0.101898	0.325493	0.636228	0.511598
39	7	0.037692	-0.273203	0.914038	-0.298897	0.0755602	-0.404972	0.788593	-0.513538
39	8	0.197337	0.49059	0.758336	0.64693	0.167082	0.427696	0.627263	0.681845
39	9	0.189739	0.605349	0.914189	0.662171	0.0638329	0.497998	0.728538	0.683559
40	0	0.0342143	0.102432	0.866031	0.118277	-0.00903395	0.158303	0.866031	0.182791
40	1	0.0125513	0.306528	0.978855	0.31315	0.0157561	0.318968	1.01103	0.315487
40	2	0.0589727	0.28948	0.904278	0.320123	0.317914	0.546039	0.960574	0.568451
40	3	0.254264	0.416616	0.919709	0.452987	0.0017599	0.053102	0.789921	0.0672244
40	4	-0.0665046	0.177247	0.871454	0.203392	-0.0479649	-0.216136	0.618637	-0.349375
40	5	-0.011736	0.0424425	0.906376	0.0468266	-0.0181046	0.31376	1.0558	0.297176
40	6	0.0791342	0.20018	0.924643	0.216495	0.338409	-0.0112869	0.276404	-0.040835
40	7	0.258573	0.0351205	0.605205	0.0580308	0.155988	0.0500164	0.620754	0.0805735
40	8	0.282597	0.718885	0.758087	0.948289	0.26844	0.531646	0.894814	0.594141
40	9	0.261266	0.349192	0.746932	0.467502	0.255654	0.42142	0.886193	0.475539
41	0	-0.12094	-0.297516	1.09718	-0.271164	0.0231011	-0.384932	1.09718	-0.350837
41	1	0.396146	0.61044	1.15016	0.530746	0.360214	0.711787	1.3697	0.519667
41	2	0.289278	0.310576	1.03621	0.299724	0.382892	0.0899016	1.17099	0.076774
41	3	0.480577	0.479661	1.00821	0.475755	0.321419	0.453527	1.56045	0.290638
41	4	0.222779	0.27611	1.05987	0.260514	0.175053	0.247735	1.35586	0.182714
41	5	0.00324556	0.0768018	1.11825	0.0686805	-0.126293	-0.518553	2.1397	-0.242348
41	6	0.186828	0.225413	1.70997	0.131823	-0.0577504	0.371395	3.27323	0.113465
41	7	-0.0754559	0.606445	1.4353	0.422523	0.470865	0.959318	0.913107	1.05061
41	8	0.22447	0.313787	0.926446	0.3387	0.082759	0.205104	0.654051	0.313591
41	9	-0.0130474	0.450065	0.729202	0.617202	0.0322623	-0.0338782	0.706675	-0.0479403
42	0	-0.0784433	-0.149694	1.07866	-0.138779	0.0106908	0.0475137	1.07866	0.044049
42	1	0.170909	0.519298	1.06795	0.486258	0.187518	0.0289527	0.876932	0.0330159
42	2	0.175647	0.389359	0.971651	0.400719	0.0246805	0.450033	1.13891	0.395143
42	3	0.12193	0.352608	0.987058	0.357231	0.243163	0.403602	0.871015	0.46337
42	4	0.175849	0.250874	0.977668	0.256604	0.233062	0.496731	0.705284	0.704299
42	5	0.205061	0.0701713	0.90032	0.0779404	0.0697057	0.151631	0.825035	0.183787
42	6	0.00965852	0.0309148	0.758792	0.0407421	0.00960611	0.2092	0.262625	0.796571
42	7	0.111015	0.838127	0.743594	1.12713	0.147001	0.236487	0.287367	0.822943
42	8	-0.0363728	-0.26168	0.916951	-0.285381	-0.15287	-0.224081	1.28339	-0.1746
42	9	0.0255973	0.35227	1.14221	0.30841	0.0506623	0.169626	1.05353	0.161007
43	0	-0.11193	-0.204169	0.81996	-0.248998	-0.100406	-0.170247	0.81996	-0.207629
43	1	0.0326193	0.0804559	0.798964	0.1007	0.110852	0.105731	0.982617	0.107601
43	2	0.144375	0.140715	0.964525	0.145891	0.105483	0.445619	0.968857	0.459943
43	3	0.12537	0.334291	0.907536	0.36835	0.198287	0.0898387	0.629524	0.142709
43	4	0.0995892	0.183133	0.793942	0.230664	0.151318	0.0271065	0.918354	0.0295164
43	5	0.209037	0.347144	1.03005	0.337018	0.291584	-0.224807	0.574013	-0.391641
43	6	0.437391	-0.0414955	0.658337	-0.0630308	0.305832	0.152244	0.444022	0.342874
43	7	0.292426	0.420621	0.731837	0.574747	0.241503	0.319399	0.902738	0.353811
43	8	0.0837861	-0.145685	1.00877	-0.144418	-0.0466704	-0.0722279	0.999952	-0.0722314
43	9	-0.111475	0.0862406	0.949452	0.0908319	0.22274	0.293161	0.556233	0.527047
44	0	0.0484702	0.135439	0.840237	0.161191	0.225175	0.278859	0.840237	0.331881
44	1	0.202527	0.508854	1.01365	0.502002	0.0333689	0.184712	1.02441	0.18031
44	2	0.0579307	0.0174886	0.867025	0.0201708	-0.00163663	-0.375637	0.925484	-0.405882
44	3	-0.0731353	-0.0981334	1.01331	-0.0968446	0.235696	0.226131	1.07513	0.21033
44	4	0.398122	0.803929	0.968357	0.830199	0.233846	0.224542	1.10231	0.203702
44	5	0.0331859	0.0711233	0.976424	0.0728405	0.316161	-0.203782	0.852484	-0.239045
44	6	0.21374	0.324741	0.927968	0.349949	-0.0714353	-0.0477305	1.14911	-0.0415369
44	7	0.0780665	0.788099	1.0501	0.750499	0.153641	0.587488	1.4543	0.403965
44	8	0.219936	0.49623	0.884902	0.560773	-0.117846	0.0304297	1.02724	0.0296228
44	9	-0.0882412	0.0387997	0.874726	0.0443564	-0.211144	-0.215785	1.04258	-0.206973
45	0	0.163462	0.368731	0.988834	0.372895	0.262789	0.578682	0.988834	0.585217
45	1	0.27718	1.00428	1.06312	0.944659	0.246154	1.03814	1.24555	0.833475
45	2	0.142488	0.26361	0.944963	0.278963	0.267688	0.0736281	0.960485	0.0766572
45	3	0.307567	0.791279	1.04796	0.755063	0.127672	0.502009	1.32821	0.377958
45	4	0.0405306	-0.0421099	0.801106	-0.0525647	0.113496	0.0634197	0.58475	0.108456
45	5	0.134994	0.201001	0.744038	0.270149	-0.254393	-0.136503	1.04441	-0.1307
45	6	-0.367381	-0.444632	1.08713	-0.408997	-0.159126	0.00341273	1.44654	0.00235923
45	7	-0.225453	-0.278664	1.3039	-0.213715	-0.0795816	-0.142669	1.57903	-0.0903521
45	8	0.245933	0.353638	1.26679	0.279161	0.339391	0.632147	0.948453	0.666503
45	9	0.144546	0.375557	1.06814	0.351599	-0.107042	-0.0302009	0.879491	-0.034339
46	0	0.0459813	0.122723	0.715072	0.171623	0.0448562	0.301173	0.715072	0.421179
46	1	0.114938	0.50888	0.990922	0.513541	0.105225	0.224436	1.11241	0.201757
46	2	0.180001	0.266568	1.22221	0.218103	0.214055	0.284713	1.1734	0.242639
46	3	0.000112317	0.0906784	0.863235	0.105045	-0.119025	-0.165263	0.673593	-0.245346
46	4	-0.0173597	0.0617032	0.91285	0.0675941	0.0594866	0.417478	0.929032	0.449369
46	5	0.0385622	0.211044	0.925773	0.227965	-0.243442	0.236709	0.844998	0.280129
46	6	-0.00403937	0.521038	0.878435	0.593143	-0.0155663	0.264418	0.998854	0.264721
46	7	-0.358032	-0.361313	1.0282	-0.351402	-0.142666	-0.227053	0.838648	-0.270736
46	8	0.0372008	0.354337	1.22344	0.289623	0.216832	0.514031	1.51768	0.338696
46	9	0.204265	0.424719	0.877868	0.483807	0.314804	0.52428	0.984721	0.532415
47	0	0.15747	0.237055	1.05087	0.22558	0.26797	0.511112	1.05087	0.486372
47	1	0.0942697	0.0816684	1.08765	0.0750873	0.0401312	0.0744676	0.913943	0.0814795
47	2	0.0353679	0.0494193	1.00389	0.0492276	0.0188947	-0.155366	0.795927	-0.195202
47	3	0.0668305	0.48649	0.890499	0.546312	0.116819	0.348858	0.717318	0.486337
47	4	0.170921	0.227945	0.924217	0.246636	0.0864465	0.178842	0.640424	0.279256
47	5	0.000958927	0.0678231	0.75939	0.0893126	-0.302538	-0.207003	0.798466	-0.259251
47	6	-0.171025	0.417114	0.732119	0.569735	0.298556	0.0517305	0.922847	0.0560553
47	7	0.227151	-0.068218	1.01501	-0.0672093	0.156267	-0.195679	1.04062	-0.18804
47	8	-0.0539479	-0.119779	0.820816	-0.145927	0.0112295	-0.0922344	0.690741	-0.13353
47	9	0.392826	0.653844	0.905421	0.722144	0.0666593	0.412766	0.783178	0.527039
48	0	-0.0213099	0.0780416	1.10058	0.0709096	0.107172	0.333986	1.10058	0.303464
48	1	0.176538	0.354535	1.01914	0.347877	0.12974	0.164938	1.20456	0.136928
48	2	0.117473	0.449228	1.10777	0.405526	0.0643134	0.346407	0.780329	0.443924
48	3	0.0818535	0.0250748	0.764346	0.0328056	0.129756	0.136874	0.929588	0.147242
48	4	-0.127971	-0.157049	0.944551	-0.166269	-0.247076	-0.183222	0.981951	-0.18659
48	5	-0.00518239	-0.129515	0.87515	-0.147992	0.14883	0.178077	1.03158	0.172625
48	6	0.141881	0.443828	1.13147	0.392258	0.209073	0.510675	1.15627	0.441657
48	7	0.337552	0.609371	0.931532	0.65416	0.411153	0.775817	1.8874	0.41105
48	8	0.324558	0.225009	1.09705	0.205104	0.1288	0.165246	1.40056	0.117986
48	9	0.166068	0.24944	1.15945	0.215136	0.0418394	-0.026456	1.0256	-0.0257956
49	0	0.104504	0.289368	0.938267	0.308407	0.284314	0.421625	0.938267	0.449365
49	1	0.0832517	0.0771333	1.09698	0.0703144	-0.0736277	-0.382019	1.00404	-0.380482
49	2	-0.0737095	0.247143	1.00496	0.245924	0.0418101	0.132335	0.825598	0.16029
49	3	0.156118	-0.0191649	0.812941	-0.0235748	-0.00365476	0.163405	0.660367	0.247445
49	4	0.0035456	0.18309	0.828802	0.220909	0.154802	0.133245	0.706961	0.188476
49	5	0.126084	0.286299	0.735175	0.389429	0.0979312	0.204324	0.884997	0.230875
49	6	0.138733	0.527829	0.873012	0.604607	0.0351367	0.548273	0.833362	0.657905
49	7	-0.178281	-0.501701	0.97228	-0.516005	-0.191699	-0.0664116	0.884127	-0.0751155
49	8	0.0667261	0.402708	1.05845	0.380468	0.00340297	0.0813592	0.942285	0.0863425
49	9	-0.0418508	0.115978	0.863806	0.134264	0.185141	0.373836	0.684622	0.546048
50	0	0.149222	0.35924	0.648929	0.553589	0.26209	0.457784	0.648929	0.705445
50	1	0.283085	0.515968	0.732522	0.704372	0.225924	0.389028	0.820404	0.474191
50	2	0.109717	0.303984	0.928858	0.327266	0.0707866	0.134684	0.848157	0.158796
50	3	-0.0245418	-0.162032	1.03836	-0.156045	-0.00429694	-0.031551	1.334	-0.0236515
50	4	0.149472	0.288299	0.979177	0.29443	0.0215981	0.199782	0.942634	0.21194
50	5	-0.0773486	0.177854	0.871757	0.204018	-0.376299	-0.300493	1.0263	-0.292792
50	6	-0.320103	-0.023798	0.790486	-0.0301055	-0.00370434	0.17533	0.466913	0.375508
50	7	-0.0935128	-0.225263	0.656404	-0.343177	0.0402362	-0.100724	0.523341	-0.192464
50	8	0.260703	0.598909	0.954797	0.627263	0.299941	0.483968	0.888977	0.54441
50	9	0.250738	0.639325	0.926711	0.689886	0.238238	0.372999	0.931073	0.400612
51	0	0.0497626	0.488734	1.00695	0.485362	0.202246	0.919809	1.00695	0.913462
51	1	0.178679	0.448742	0.911346	0.492395	0.187973	0.288282	0.723793	0.398293
51	2	0.253179	0.415388	1.08279	0.383628	0.0471836	0.407228	1.16196	0.350466
51	3	-0.14638	-0.37512	1.09226	-0.343436	-0.000171007	-0.0351786	1.34038	-0.0262452
51	4	0.158845	0.419408	1.05627	0.397064	0.254526	0.222951	0.965297	0.230966
51	5	0.157727	0.507193	0.856777	0.591978	-0.263645	0.358171	0.572724	0.625381
51	6	-0.173585	-0.111869	0.930028	-0.120285	0.0432622	0.28978	0.670542	0.432158
51	7	0.335558	0.950739	0.788594	1.20561	0.563302	0.7413	1.23397	0.600746
51	8	0.441654	0.527769	0.946404	0.557657	0.254356	0.264221	0.826389	0.31973
51	9	0.00734667	0.203197	0.852431	0.238374	0.0629398	-0.0503612	0.621131	-0.0810799
52	0	0.0435888	0.199235	1.015	0.19629	0.0242278	0.1655	1.015	0.163054
52	1	-0.0181371	-0.100881	1.0136	-0.0995274	0.071638	-0.00480878	0.8747	-0.00549764
52	2	0.100511	0.376036	0.926198	0.405999	0.11747	0.429571	1.38613	0.309907
52	3	0.131905	0.0376877	1.02256	0.0368561	0.211613	0.00261826	0.823512	0.00317938
52	4	0.16616	0.121187	0.896863	0.135123	0.0646215	-0.323407	1.00931	-0.320423
52	5	0.0861297	0.403558	0.993153	0.40634	0.144373	0.00196838	1.08432	0.00181532
52	6	0.218655	0.230918	1.02904	0.2244	0.168696	0.292917	1.00267	0.292136
52	7	0.0276503	0.14496	0.926806	0.156408	-0.0113719	-0.00933712	0.334522	-0.0279118
52	8	0.0994217	0.489447	1.24868	0.39197	0.0407379	0.117411	1.2077	0.097219
52	9	0.134721	0.300236	0.943315	0.318278	0.324554	-0.0112625	0.838636	-0.0134296
53	0	0.088174	0.175113	1.08395	0.161551	0.178212	0.394931	1.08395	0.364344
53	1	0.0683656	0.129346	1.05272	0.122868	-0.0285229	-0.17554	1.51149	-0.116137
53	2	0.0142622	0.1292	1.19114	0.108468	0.102342	0.248394	1.25575	0.197805
53	3	0.218888	0.521369	1.02805	0.507144	0.0573396	0.259804	0.95633	0.271668
53	4	0.0667888	0.244552	1.06023	0.230659	0.177408	0.354716	0.977496	0.362882
53	5	0.0178051	0.167078	0.976123	0.171165	-0.193278	-0.203705	0.950177	-0.214386
53	6	-0.138925	0.12264	1.0195	0.120294	-0.0796397	0.170359	1.03949	0.163886
53	7	-0.0365891	-0.232742	0.885209	-0.262924	0.144658	0.259561	1.18059	0.219856
53	8	0.174579	0.479833	0.82197	0.583759	0.166571	0.468531	0.661998	0.707752
53	9	-0.0438772	0.0880348	1.16109	0.075821	-0.0515933	0.0526951	1.25793	0.0418903
54	0	-0.0246304	-0.0329127	0.937926	-0.0350909	0.0417079	-0.0779783	0.937926	-0.0831391
54	1	0.0476128	0.0728876	0.919887	0.0792354	0.0909478	0.150316	0.651428	0.230749
54	2	0.0635424	-0.300153	1.07863	-0.278274	0.0564342	-0.102318	0.990779	-0.10327
54	3	0.107083	0.601842	0.993298	0.605902	0.0401982	0.435259	0.785548	0.554083
54	4	0.156493	0.26651	0.81854	0.325592	0.166344	0.174658	0.826952	0.211207
54	5	0.160486	0.646587	1.03812	0.622842	0.293091	0.35033	1.61648	0.216723
54	6	0.137968	0.0947603	1.09475	0.0865588	0.0696077	0.335134	0.403259	0.831064
54	7	0.175278	0.340061	0.576255	0.590123	0.0602266	0.226708	0.364743	0.621556
54	8	-0.0435005	0.166876	0.81509	0.204734	-0.181307	-0.0823603	0.953666	-0.0863618
54	9	-0.267783	0.131083	0.980064	0.13375	0.106173	0.235453	0.938773	0.250809
55	0	0.13184	0.232651	0.821597	0.283169	0.218091	0.0834994	0.821597	0.101631
55	1	0.0205162	0.0556869	0.898952	0.0619464	0.0943078	-0.0122134	0.610576	-0.0200031
55	2	0.288821	0.419537	0.818008	0.512876	0.208996	0.627879	0.752984	0.833854
55	3	0.371567	0.546137	0.974517	0.560418	0.404261	0.642045	0.84425	0.760492
55	4	0.348478	0.63808	0.97279	0.655928	0.240412	0.465747	0.945781	0.492447
55	5	0.113866	0.22769	0.992572	0.229394	0.110792	0.16136	1.15641	0.139535
55	6	0.35823	0.152264	1.02453	0.14862	0.484331	0.578019	1.32549	0.43608
55	7	0.309593	0.036074	1.62004	0.0222674	0.279143	0.115386	0.819552	0.140792
55	8	0.348937	0.694381	0.898631	0.77271	0.320991	0.314406	0.507904	0.619026
55	9	0.175058	0.46897	0.824322	0.568917	0.244202	0.138861	0.649584	0.213769
56	0	0.220561	0.458151	1.05683	0.433514	0.539298	0.815052	1.05683	0.771222
56	1	0.590966	0.777548	1.18929	0.653794	0.43414	0.686729	1.27029	0.540609
56	2	0.126789	-0.122581	1.2665	-0.0967875	-0.203997	-0.348292	1.00619	-0.34615
56	3	-0.145533	-0.151026	1.06776	-0.141442	-0.062447	-0.229318	0.882965	-0.259713
56	4	-0.0497293	-0.416616	1.04356	-0.399225	0.0523791	-0.312643	0.892872	-0.350154
56	5	0.0283713	0.0753595	0.866788	0.0869411	-0.159092	-0.228356	0.776687	-0.294013
56	6	-0.219872	-0.258097	0.847198	-0.304647	0.0572247	-0.00136366	1.38318	-0.000985889
56	7	0.691445	0.930042	1.38151	0.673205	0.773877	1.29248	2.01746	0.640649
56	8	0.285801	0.597097	1.23078	0.485139	-0.0128161	0.248165	0.834207	0.297486
56	9	-0.0381652	0.243648	0.850087	0.286616	0.144073	0.0434756	0.841846	0.0516432
57	0	0.0230308	0.0797595	0.93473	0.0853289	-0.125536	0.00539202	0.93473	0.00576853
57	1	-0.206578	-0.235131	0.779764	-0.301542	0.0463716	-0.150848	0.81834	-0.184334
57	2	0.195602	0.422968	0.848765	0.498333	0.0764949	0.384704	0.886053	0.434176
57	3	-0.117486	-0.0989739	1.02964	-0.0961248	-0.109171	-0.242271	0.748886	-0.323509
57	4	-0.00832104	0.0309929	0.726487	0.0426614	0.103599	-5.54557e-05	0.645178	-8.59541e-05
57	5	0.122149	0.38676	0.912887	0.423666	0.162964	0.0808798	0.780269	0.103656
57	6	0.297793	0.545571	0.72877	0.74862	0.247115	0.448541	0.521595	0.859941
57	7	0.395757	0.718153	0.661739	1.08525	0.482851	0.71454	0.580244	1.23145
57	8	0.22256	0.318455	0.588817	0.540839	-0.0536793	0.213864	0.529004	0.404277
57	9	0.069808	0.250961	0.738776	0.339698	0.342324	0.192352	0.683878	0.281267
58	0	0.141919	0.388445	0.734659	0.528742	0.168931	0.294526	0.734659	0.400901
58	1	0.393414	0.83855	0.918849	0.912609	0.500346	0.869376	1.45485	0.597571
58	2	0.0432083	0.0729931	1.40462	0.0519665	-0.23192	-0.545121	1.2039	-0.452798
58	3	-0.123173	-0.14614	1.1065	-0.132074	-0.0539046	0.405276	1.28571	0.315215
58	4	-0.137863	0.10831	0.889755	0.12173	0.0345311	-0.0459933	0.806617	-0.05702
58	5	0.258268	0.408834	0.911657	0.448452	0.0265282	0.146662	1.19482	0.122748
58	6	0.142529	0.689448	1.35705	0.508047	0.348932	0.876048	1.14472	0.765295
58	7	0.0261229	0.0788957	1.29133	0.0610966	-0.104446	0.00800387	0.847386	0.00944537
58	8	0.00175799	0.359666	0.745785	0.482265	-0.0331066	0.0336466	0.73486	0.0457864
58	9	-0.04914	0.357211	0.692532	0.515804	0.0963151	0.199488	0.508148	0.392578
59	0	0.102057	0.165155	1.03054	0.16026	0.157041	0.170764	1.03054	0.165703
59	1	0.262801	0.634036	1.05949	0.598435	0.256036	0.747726	1.03553	0.722072
59	2	-0.0589408	0.0914457	1.02075	0.0895869	0.011728	-0.0468108	0.965316	-0.0484927
59	3	0.231535	0.342011	0.978218	0.349627	0.102242	0.0325038	1.39426	0.0233125
59	4	0.228005	0.535197	1.1208	0.477513	0.507546	0.86571	1.22534	0.706508
59	5	0.507248	0.781518	1.14273	0.683902	0.261908	0.650314	1.52499	0.426439
59	6	0.272129	0.688952	1.42476	0.483558	0.314571	0.428942	2.53334	0.169319
59	7	0.245579	0.521551	1.07726	0.484145	0.273808	0.68028	1.80694	0.376482
59	8	-0.0229289	0.0557662	1.45155	0.0384182	-0.175085	0.104537	1.11364	0.09387
59	9	-0.0943323	0.0715876	0.958239	0.0747074	-0.0941309	-0.0423653	1.3412	-0.0315875
60	0	0.0408099	0.141034	0.964084	0.146288	0.0304225	0.175651	0.964084	0.182194
60	1	-0.0310184	0.286924	0.970759	0.295566	-0.0841806	-0.0144403	0.993429	-0.0145358
60	2	-0.00734773	-0.00138213	0.972788	-0.00142079	0.213488	-0.0424182	1.11947	-0.0378912
60	3	0.210595	0.316451	1.05055	0.301224	0.0590935	0.157459	0.851014	0.185025
60	4	0.0992759	0.509562	0.903057	0.564263	0.091198	0.432263	1.28674	0.335938
60	5	0.0144032	0.241454	1.16738	0.206834	-0.198327	-0.278441	1.10067	-0.252973
60	6	0.0513091	0.227224	1.27365	0.178404	0.612082	1.1011	1.34243	0.820231
60	7	0.520541	0.356067	1.18819	0.299672	0.199057	-0.143433	0.579366	-0.24757
60	8	0.141376	0.705126	1.14537	0.61563	0.227982	0.709932	1.49126	0.476062
60	9	0.0251518	0.226397	1.08428	0.208799	0.0523615	0.225878	0.790381	0.285784
61	0	0.0412631	0.139574	0.729885	0.191228	0.0586161	0.169789	0.729885	0.232624
61	1	0.0853248	0.495338	0.976959	0.50702	0.165393	0.290886	0.529775	0.549075
61	2	0.0395278	0.308497	0.820943	0.375784	-0.234657	0.100184	0.841491	0.119055
61	3	-0.113822	-0.118722	0.80315	-0.14782	0.0865063	0.0549024	0.687272	0.0798845
61	4	0.102452	0.455685	0.789267	0.577351	0.175091	0.478051	0.833487	0.573555
61	5	0.17255	0.305117	0.787773	0.387316	0.213952	0.196394	0.668954	0.293583
61	6	0.238267	0.260053	0.900507	0.288786	0.0304961	0.443272	0.483237	0.917298
61	7	0.0831498	0.269689	0.552179	0.488409	0.0838101	0.0956861	0.404641	0.236472
61	8	0.00564095	0.228221	0.867097	0.263201	-0.0134422	0.0174578	0.736812	0.0236938
61	9	0.0912568	0.498603	1.22493	0.407047	0.180023	0.21496	1.20732	0.178048
62	0	0.0740292	0.26973	0.717948	0.375696	0.123753	0.393176	0.717948	0.547638
62	1	0.0465973	0.193987	0.970371	0.19991	0.128511	0.0291016	0.896633	0.0324565
62	2	0.177527	0.461435	0.961114	0.480105	-0.0633755	0.224809	1.13509	0.198053
62	3	0.0292542	0.33212	1.00986	0.328876	0.188529	0.608182	1.31678	0.461871
62	4	0.104405	0.249056	0.965356	0.257994	0.160981	-0.190056	0.719768	-0.264052
62	5	0.276918	0.451725	0.966194	0.46753	0.247035	0.122261	1.40615	0.0869477
62	6	-0.139072	-0.488528	1.23208	-0.396505	-0.14276	-0.446048	1.58134	-0.282069
62	7	0.2024	0.563476	1.12885	0.499161	0.276777	0.580531	0.798005	0.727478
62	8	0.164672	0.348624	0.785749	0.443684	0.157713	0.0411471	0.681201	0.0604037
62	9	0.199465	0.36349	0.815448	0.445755	0.234462	0.454747	0.639735	0.710837
63	0	0.269356	0.555226	1.01136	0.548992	0.298695	0.636873	1.01136	0.629722
63	1	0.472675	0.87669	1.11835	0.783911	0.664296	0.995764	1.35267	0.736145
63	2	0.269667	0.337975	1.0653	0.317258	0.12233	0.0111348	0.88201	0.0126243
63	3	0.259696	0.341019	0.881402	0.386905	0.193865	0.263779	0.722195	0.365246
63	4	-0.124652	0.00344583	1.07038	0.00321925	-0.0991401	-0.0408006	1.26795	-0.0321783
63	5	-0.0373788	-0.0208596	1.0946	-0.0190568	-0.286713	-0.00886387	1.46466	-0.00605182
63	6	0.30102	0.536785	1.12687	0.47635	0.287839	0.444137	1.41684	0.313471
63	7	0.129633	0.681541	0.915971	0.744064	0.470796	0.820569	1.3252	0.619205
63	8	0.239648	0.222251	0.867576	0.256175	0.159884	0.448012	0.68104	0.657836
63	9	0.145603	0.287566	0.993081	0.28957	0.143205	0.152389	0.84278	0.180817
64	0	-0.00147549	-0.0597351	0.819812	-0.0728643	-0.00169098	-0.0172997	0.819812	-0.021102
64	1	-0.0633085	-0.184988	0.848992	-0.217891	-0.0497408	-0.209992	0.985004	-0.213189
64	2	0.159107	0.615764	1.13884	0.540694	0.167827	0.538418	1.19641	0.450029
64	3	0.110293	0.447766	1.11835	0.400379	0.0528743	0.491476	0.709761	0.692453
64	4	-0.0255107	0.281319	0.902711	0.311638	0.0219541	0.430071	0.943893	0.455636
64	5	0.0612435	0.468827	0.897815	0.522187	0.345484	0.23718	0.709835	0.334134
64	6	0.480717	1.07875	1.03026	1.04706	0.219203	0.385486	1.9927	0.193449
64	7	0.302154	0.682658	1.13535	0.601277	0.209667	0.457522	1.27623	0.358494
64	8	-0.0933355	0.0884927	0.997955	0.088674	-0.0020846	0.00591067	0.328652	0.0179846
64	9	0.156416	0.545988	1.03108	0.529532	0.260129	0.839556	1.39763	0.600699
65	0	0.0613501	0.0407121	0.754546	0.0539558	0.212339	-0.00840633	0.754546	-0.0111409
65	1	0.303282	0.591372	0.989786	0.597474	0.258875	0.658744	1.02426	0.64314
65	2	0.0961161	0.401412	0.983613	0.408099	-0.0762371	0.148626	0.770238	0.192961
65	3	-0.00894488	0.0955556	0.850439	0.11236	-0.0199022	0.0511727	1.05536	0.0484885
65	4	-0.0262392	0.0733727	1.19823	0.0612341	0.138196	0.0658384	0.969291	0.0679243
65	5	-0.0967012	-0.0146952	0.810083	-0.0181404	-0.169997	-0.388049	1.0574	-0.366985
65	6	0.138319	0.280363	1.26555	0.221535	0.30717	0.322498	1.32347	0.243675
65	7	0.491867	0.812383	0.9582	0.847822	0.345187	0.188145	0.7135	0.263693
65	8	0.0194268	-0.0806617	1.10481	-0.0730094	-0.0144571	0.0398391	1.41795	0.0280963
65	9	0.0166305	0.160716	0.995269	0.16148	-0.0583198	-0.104842	0.635806	-0.164896
66	0	-0.0184024	0.0760624	1.57302	0.0483544	0.198753	0.274433	1.57302	0.174463
66	1	0.342062	0.475924	1.16012	0.410238	0.232394	0.388829	1.17615	0.330595
66	2	0.0901342	0.0266966	0.901465	0.0296147	0.0652751	0.102006	0.843557	0.120924
66	3	0.178947	0.572671	0.953907	0.600343	0.175613	0.375854	0.644404	0.583259
66	4	0.205149	0.0738442	0.976508	0.0756206	0.0775663	0.245837	0.779905	0.315214
66	5	-0.0055539	0.103324	0.778784	0.132673	-0.0476055	-0.0630057	0.572713	-0.110013
66	6	-0.112201	0.0844369	0.611792	0.138016	0.0705009	0.243636	0.613633	0.397038
66	7	0.218862	0.847256	0.719366	1.17778	0.34	0.580156	0.776521	0.747122
66	8	0.245845	0.893724	0.952078	0.938709	0.0717013	0.552661	0.92678	0.596324
66	9	0.0342379	0.396017	0.916116	0.432278	-0.00529475	0.2011	0.848043	0.237134
67	0	0.0310228	0.032711	1.30065	0.0251498	0.182343	0.239517	1.30065	0.184152
67	1	0.250958	0.373437	1.23193	0.30313	0.309245	0.22866	1.37206	0.166655
67	2	0.44387	0.634118	1.15576	0.548661	0.378723	0.643647	1.26968	0.506936
67	3	0.208122	0.488504	0.993356	0.491772	0.0880321	0.0675072	0.725597	0.0930368
67	4	0.169776	0.164793	0.883369	0.18655	0.252585	0.384365	1.26438	0.303995
67	5	0.292355	0.658939	1.3198	0.499272	-0.276655	0.0585894	1.68693	0.0347313
67	6	-0.520194	-0.517812	1.23087	-0.420687	-0.145599	-0.246354	1.80374	-0.13658
67	7	0.0169541	0.641017	1.05841	0.605639	0.108225	0.859552	1.40914	0.609983
67	8	0.130404	0.403344	1.13955	0.353951	0.268169	0.566664	1.02191	0.554516
67	9	0.292695	0.401019	1.02594	0.390881	0.0244878	-0.0189615	1.35871	-0.0139554
68	0	0.021199	0.0822006	1.14284	0.0719264	0.0845061	0.0896228	1.14284	0.0784209
68	1	-0.0746179	-0.0683585	0.93545	-0.0730755	-0.137226	-0.432578	1.00918	-0.428642
68	2	0.283931	0.804626	1.20289	0.668912	0.331278	0.982754	1.53987	0.638205
68	3	0.221477	0.492394	1.24888	0.394269	0.34259	0.454601	1.28444	0.353928
68	4	0.213434	0.240858	0.89108	0.270299	0.112489	0.287496	1.1511	0.249759
68	5	0.108184	0.0344179	1.16155	0.029631	-0.0603065	-0.226091	0.971558	-0.23271
68	6	0.0650308	0.430764	0.804576	0.535392	0.0923249	0.345354	1.44312	0.239311
68	7	0.0205253	0.0274588	0.840662	0.0326633	0.187947	0.225479	1.70876	0.131955
68	8	0.28213	0.925336	0.803347	1.15185	0.238049	0.387545	0.962285	0.402734
68	9	0.146447	0.108696	0.766161	0.141871	0.294776	0.147074	0.612141	0.240262
69	0	0.106304	0.151834	0.991489	0.153138	0.114125	0.396168	0.991489	0.399569
69	1	0.045339	0.389605	0.924887	0.421247	0.0230805	0.196339	1.08426	0.181081
69	2	0.00631112	0.184065	0.97456	0.18887	-0.0696107	-0.00464606	0.907962	-0.00511702
69	3	0.0702877	0.402085	0.782686	0.513724	0.328012	0.419642	0.601479	0.697684
69	4	0.287876	0.715033	0.848743	0.842461	0.140572	0.36672	0.79009	0.464149
69	5	0.0737481	-0.0889267	0.798659	-0.111345	0.0215763	0.155656	0.806163	0.193083
69	6	-0.0213222	0.0875249	0.832166	0.105177	0.0858386	0.0479993	0.428757	0.11195
69	7	0.229819	0.34156	0.565294	0.604217	0.210058	0.0206474	0.267516	0.077182
69	8	0.134927	0.166875	0.552583	0.301991	0.0734212	0.0602114	0.752498	0.0800154
69	9	0.0633419	0.0723021	0.846395	0.0854236	0.00113306	0.204389	1.11763	0.182878
70	0	0.194305	0.345659	1.29463	0.266995	0.332646	0.490663	1.29463	0.379
70	1	0.291082	0.511832	1.19992	0.426555	0.177512	0.372312	1.78293	0.20882
70	2	0.138858	0.626429	1.34847	0.464547	0.293086	0.630733	1.52524	0.413531
70	3	0.249542	0.425573	1.22428	0.347611	0.0307613	0.219142	1.14306	0.191716
70	4	0.00480569	-0.167915	1.20685	-0.139135	0.0567788	0.228686	1.39109	0.164394
70	5	0.192359	0.458631	1.00393	0.456834	-0.151156	-0.539108	1.76472	-0.305492
70	6	-0.147217	-0.558523	1.24442	-0.448823	-0.0637207	-0.759986	2.25724	-0.336688
70	7	-0.235353	0.0482904	1.61198	0.0299572	0.166892	0.61389	3.88148	0.158159
70	8	0.0751641	-0.113262	1.54439	-0.0733375	0.101362	-0.234358	1.3106	-0.178818
70	9	0.192085	-0.0175183	1.01176	-0.0173147	-0.0414374	-0.0837678	0.908347	-0.0922201
71	0	0.0957107	0.209952	0.779518	0.269336	0.0527607	0.274325	0.779518	0.351916
71	1	-0.0840366	-0.0358334	0.899342	-0.039844	0.0163922	-0.122989	0.734723	-0.167394
71	2	0.268578	0.674148	0.96327	0.699854	0.379135	0.710033	1.07354	0.661396
71	3	0.258315	0.610401	0.96403	0.633176	0.0482146	0.558252	0.756466	0.737974
71	4	0.0503803	0.124677	0.860686	0.144858	-0.0855517	0.116756	0.833364	0.140102
71	5	-0.127521	0.32848	0.933208	0.35199	0.021022	0.169548	0.58024	0.292204
71	6	-0.0969015	-0.131258	0.945262	-0.138859	-0.117204	0.165764	0.729511	0.227226
71	7	-0.0484321	0.188006	0.717966	0.261859	0.189663	0.0944467	0.530101	0.178167
71	8	0.168581	0.222524	0.963023	0.231068	-0.0139821	-0.104064	1.24333	-0.083698
71	9	-0.0121744	-0.203547	0.980048	-0.20769	-0.101795	0.0806108	1.01025	0.0797932
72	0	0.0632134	0.194637	1.25321	0.155311	-0.0189304	-0.0494329	1.25321	-0.0394451
72	1	0.117576	0.272445	0.992632	0.274467	0.193154	0.530325	0.983975	0.538962
72	2	0.153419	0.668628	0.888896	0.7522	0.218539	0.582563	0.869662	0.669873
72	3	0.0480581	-0.0619947	0.975198	-0.0635714	0.128609	0.056778	1.47502	0.0384931
72	4	0.280963	0.408426	0.950861	0.429532	0.166125	0.188142	1.10903	0.169646
72	5	0.266741	0.314042	1.17627	0.266981	0.390454	0.305687	1.22591	0.249356
72	6	0.380155	0.302278	1.25289	0.241265	0.574902	0.672457	1.84545	0.364386
72	7	0.224026	-0.101189	0.954363	-0.106028	0.0256431	-0.0408665	1.60342	-0.0254871
72	8	0.207853	0.456897	0.984458	0.46411	0.15554	0.328876	0.835681	0.393542
72	9	0.057931	0.361258	1.05112	0.34369	0.238328	0.187689	1.02431	0.183234
73	0	0.181947	0.379032	0.990693	0.382593	0.289724	0.504325	0.990693	0.509063
73	1	0.250564	0.264534	0.912638	0.289856	0.207124	0.109894	0.861219	0.127602
73	2	0.0820614	0.110652	0.891472	0.124122	-0.0367557	-0.224024	0.871459	-0.257068
73	3	0.0512424	0.228317	1.02179	0.223448	-0.147347	0.0336437	0.897432	0.0374889
73	4	0.0130742	0.523677	0.854917	0.612547	0.348857	0.829035	1.00151	0.827784
73	5	0.219801	0.618128	1.0301	0.600064	0.0685996	0.145732	1.23473	0.118028
73	6	-0.181229	-0.682207	0.959115	-0.711288	-0.0212535	0.216605	1.07041	0.202357
73	7	0.0404812	0.379821	1.1267	0.337108	0.0128208	0.226268	2.04495	0.110647
73	8	0.294599	0.351675	1.24361	0.282786	0.166854	0.359157	0.694993	0.516778
73	9	-0.0651869	0.180272	1.06364	0.169486	0.210139	0.102875	0.723835	0.142125
74	0	0.0157516	0.0741307	1.53845	0.0481853	-0.0605872	-0.0171465	1.53845	-0.0111453
74	1	0.299884	0.665333	1.13603	0.585667	0.238822	0.735285	1.28607	0.571729
74	2	-0.270816	-0.390946	1.26004	-0.310265	-0.136584	-0.269226	1.13105	-0.238033
74	3	0.103599	-0.0436757	0.971979	-0.0449348	0.138945	0.378944	1.04429	0.362871
74	4	0.136851	0.658022	0.946765	0.695021	0.0685981	0.218997	1.05328	0.20792
74	5	-0.011744	-0.167981	1.1744	-0.143036	0.0779723	0.0685554	1.37568	0.0498338
74	6	-0.0259617	0.444308	1.25511	0.354	0.169947	-0.0224857	1.27708	-0.0176072
74	7	0.387287	0.521537	1.0069	0.517966	0.100335	0.7218	1.01183	0.71336
74	8	0.115975	0.522001	1.04501	0.499515	0.317512	0.492309	1.00243	0.491116
74	9	0.110975	0.338678	0.9293	0.364444	0.169958	-0.0616546	0.888738	-0.0693732
75	0	0.143054	0.245286	1.15799	0.21182	0.215721	0.279862	1.15799	0.241679
75	1	0.318587	0.525077	1.1534	0.455241	0.393386	0.574309	1.17112	0.490393
75	2	0.222543	0.501829	1.0398	0.48262	0.160243	0.38722	1.00958	0.383545
75	3	0.010426	0.214413	0.947046	0.226402	0.0211397	-0.00330459	1.05962	-0.00311865
75	4	0.12803	0.655218	0.927126	0.706719	-0.0992668	0.379693	0.686045	0.553452
75	5	-0.0330856	-0.0264281	0.701472	-0.0376751	0.0420675	-0.0679104	0.641019	-0.105941
75	6	-0.226086	-0.353534	1.01377	-0.348731	0.340714	-0.178282	1.30662	-0.136446
75	7	0.402944	0.881067	0.944485	0.932855	-0.0643404	-0.0201474	0.203931	-0.0987953
75	8	0.080718	0.190698	0.942362	0.202362	0.0550241	0.326905	1.19248	0.274138
75	9	0.0957211	0.0498498	0.979183	0.0509096	0.17101	-0.0200171	0.840404	-0.0238184
76	0	0.0459113	0.148465	0.848908	0.17489	0.197087	0.285787	0.848908	0.336652
76	1	0.0849104	0.218476	0.921444	0.237101	-0.0385373	-0.105071	1.00524	-0.104523
76	2	0.045573	-0.190931	1.05517	-0.180948	0.127179	0.213927	0.930455	0.229916
76	3	0.124839	0.288254	0.923294	0.312202	0.081162	0.100425	0.981773	0.10229
76	4	0.0340303	0.356964	0.921899	0.387205	0.107007	-0.0270631	0.665026	-0.0406948
76	5	0.139299	0.413869	0.89927	0.460228	-0.092013	-0.34471	1.22779	-0.280756
76	6	-0.00573062	-0.246382	1.52721	-0.161328	-0.0613578	-0.0493596	2.37256	-0.0208043
76	7	-0.0231122	0.217245	1.39551	0.155675	0.222015	0.499894	2.48555	0.20112
76	8	0.0261747	0.0595521	1.11931	0.0532043	-0.082704	-0.0383666	0.724875	-0.0529285
76	9	0.0398479	-0.059871	0.942318	-0.0635358	-0.00831695	0.113051	0.597933	0.189069
77	0	-0.0562258	-0.160123	0.98564	-0.162456	-0.0623598	-0.452949	0.98564	-0.459548
77	1	0.408472	0.660372	0.930359	0.709803	0.6017	0.980834	1.35159	0.725687
77	2	0.497988	0.924787	1.37302	0.673541	0.320201	0.85693	1.2688	0.675387
77	3	0.0740978	0.199317	1.10432	0.180488	-0.00791157	0.154062	0.834233	0.184675
77	4	0.230224	0.554862	0.936227	0.592658	0.188567	0.290925	0.978619	0.297281
77	5	-0.020227	0.225474	0.83309	0.270648	0.117078	0.116501	1.25607	0.0927506
77	6	-0.122733	-0.29714	1.00424	-0.295886	-0.0385382	-0.141167	0.884216	-0.159653
77	7	0.0556322	0.162647	0.829576	0.196061	0.115468	0.0492858	0.131503	0.374788
77	8	0.212841	0.273052	0.869892	0.313892	0.0665772	0.223201	1.04171	0.214264
77	9	0.00921849	-0.265539	0.926878	-0.286488	0.0188993	-0.348246	0.970712	-0.358753
78	0	0.118719	0.382474	0.834369	0.458399	0.232378	0.369539	0.834369	0.442896
78	1	0.187024	0.273998	0.882935	0.310326	0.151146	0.0546644	0.863773	0.0632857
78	2	0.130979	0.32781	0.915931	0.357898	-0.0713529	0.358497	0.976775	0.367021
78	3	-0.112923	0.0378852	1.06358	0.0356204	0.0797367	0.264926	1.08065	0.245154
78	4	0.303306	0.586734	1.07456	0.54602	0.388444	0.557009	0.964158	0.577715
78	5	0.0859362	0.178527	1.05017	0.169999	-0.359351	-0.170031	1.53085	-0.11107
78	6	-0.0887439	-0.0926229	1.01219	-0.0915071	0.0918888	-0.288608	0.967182	-0.298401
78	7	0.383024	0.37453	1.09982	0.340539	0.569956	0.5682	1.65176	0.343997
78	8	0.367108	0.636504	1.48352	0.42905	0.297349	0.438836	1.10468	0.397253
78	9	0.114421	0.250249	1.27961	0.195567	0.141646	0.423802	0.854259	0.496105
79	0	0.0394948	0.0113998	0.884178	0.0128931	0.045419	-0.00813421	0.884178	-0.00919974
79	1	0.0356847	0.219539	1.07992	0.203292	0.0283817	-0.122601	0.97076	-0.126294
79	2	0.0437262	-0.0461377	1.04554	-0.0441283	0.141833	0.100174	0.892585	0.112229
79	3	0.148483	0.00106141	0.732644	0.00144874	0.241486	-0.0235832	0.643409	-0.0366535
79	4	0.221278	0.304978	0.967577	0.315198	0.0619843	0.0912131	0.829642	0.109943
79	5	0.00603918	0.125422	0.981685	0.127762	-0.0441936	-0.182906	0.899576	-0.203324
79	6	-0.0572445	-0.197056	0.948145	-0.207833	-0.0185571	0.413005	1.23027	0.335702
79	7	0.182256	0.0199891	0.918934	0.0217525	0.222658	0.0566528	0.827291	0.0684799
79	8	0.374052	0.746311	0.925651	0.806256	0.558179	0.824365	1.11532	0.739127
79	9	0.324661	0.378966	0.960119	0.394707	-0.0388885	-0.0265405	0.862421	-0.0307744
80	0	0.0808237	0.240842	1.17849	0.204366	0.151135	0.319303	1.17849	0.270943
80	1	0.170588	0.469897	0.911892	0.515299	0.174916	0.152031	0.983594	0.154567
80	2	-0.00425983	0.11554	1.00275	0.115223	-0.137422	-0.041691	0.896862	-0.0464854
80	3	0.108941	0.295982	0.848908	0.348662	0.207423	0.317112	1.01374	0.312814
80	4	0.0433713	0.152053	0.815182	0.186526	0.0524771	-0.0427425	0.663621	-0.064408
80	5	0.0568195	0.141435	0.744394	0.19	-0.0496028	-0.157739	0.624608	-0.25254
80	6	-0.0538642	-0.368671	1.12542	-0.327586	0.12597	-0.257895	0.980021	-0.263152
80	7	0.247876	-0.0410821	0.931147	-0.0441199	0.295536	0.301483	1.05911	0.284656
80	8	0.170264	0.0474127	0.969568	0.0489008	0.0594804	-0.167063	1.1456	-0.145831
80	9	0.0842725	0.127321	1.11739	0.113945	-0.0862156	0.0383701	1.12745	0.0340325
81	0	0.202062	0.407855	0.925135	0.44086	0.313712	0.537378	0.925135	0.580864
81	1	0.263015	0.641607	1.02043	0.628761	0.212056	0.448079	1.40715	0.31843
81	2	0.171149	0.457631	1.09507	0.417901	0.187067	0.190453	0.889179	0.21419
81	3	0.296846	0.347188	1.11377	0.311725	0.333251	0.360903	0.776776	0.464617
81	4	0.170851	0.41277	0.757399	0.544984	0.149362	0.270065	0.700989	0.385263
81	5	0.0879069	0.357148	0.769477	0.464144	-0.238577	0.0715692	0.979875	0.0730391
81	6	-0.0893823	-0.10357	0.954475	-0.10851	-0.153027	-0.157035	0.527604	-0.297638
81	7	0.438768	0.836376	0.974213	0.858514	1.11554	1.43165	2.30277	0.621708
81	8	0.374922	0.371138	1.47495	0.251627	0.154839	0.459369	1.67853	0.273673
81	9	0.288385	0.404979	1.24696	0.324774	0.332415	0.270959	0.900723	0.300824
82	0	0.330353	0.643692	1.15632	0.556672	0.418301	0.956282	1.15632	0.827004
82	1	0.0325183	0.244859	1.0342	0.236761	0.129921	0.270069	0.967416	0.279165
82	2	0.2859	0.371441	1.09961	0.337794	0.0505726	0.168007	1.14743	0.14642
82	3	0.264179	0.617721	1.00549	0.61435	0.245406	0.785858	0.915551	0.858344
82	4	-0.0354809	-0.0264067	0.937085	-0.0281797	0.140559	-0.198421	0.841591	-0.235769
82	5	0.194026	0.570245	0.812776	0.701602	-0.211767	0.0343614	1.30531	0.0263244
82	6	-0.361439	-0.419385	1.07184	-0.391277	-0.160012	-0.343515	0.958003	-0.358575
82	7	0.0220516	-0.35688	1.05312	-0.33888	0.159591	-0.104638	1.05221	-0.0994456
82	8	0.00896942	-0.0332049	0.920896	-0.0360572	-0.0341442	0.115325	0.945834	0.121929
82	9	0.0556369	0.176301	0.899932	0.195904	0.270612	-0.030102	0.778754	-0.0386541
83	0	-0.072263	-0.105598	1.20887	-0.0873526	0.0587781	0.0488732	1.20887	0.0404286
83	1	0.290413	0.494407	1.12047	0.44125	0.425414	0.414864	1.00353	0.413404
83	2	0.377118	0.62856	1.08892	0.577234	0.0631895	0.456176	1.02294	0.445945
83	3	-0.0607921	0.127912	1.07996	0.118441	-0.0859639	0.0563573	1.03531	0.0544352
83	4	0.0898645	0.232252	1.03927	0.223475	0.236265	0.304235	0.80176	0.379458
83	5	0.0682308	-0.163675	0.843483	-0.194046	-0.21085	-0.302449	0.903357	-0.334805
83	6	-0.413033	-0.332416	1.30457	-0.254809	-0.172665	-0.281121	1.55004	-0.181363
83	7	0.0692109	-0.100952	0.898837	-0.112314	0.142708	-0.12903	0.260228	-0.495833
83	8	0.194855	0.495448	0.725322	0.683073	0.238686	0.243162	0.592422	0.410453
83	9	0.107152	-0.127714	0.915747	-0.139464	-0.00313939	-0.28123	1.04383	-0.26942
84	0	0.041207	0.179389	0.970278	0.184884	0.157509	0.377312	0.970278	0.388871
84	1	0.176663	0.548786	1.11961	0.490159	0.220283	0.401573	1.14089	0.351981
84	2	0.273631	0.580227	1.1156	0.520104	0.0611335	0.24177	0.865439	0.279361
84	3	-0.0138568	0.175058	0.772317	0.226666	0.067386	0.258636	0.704076	0.367342
84	4	0.0378433	-0.0356266	0.687471	-0.0518227	-0.201865	-0.155259	0.624805	-0.248492
84	5	-0.217411	-0.162387	0.738664	-0.219839	-0.0262366	-0.328398	1.2047	-0.272597
84	6	-0.0787621	-0.304894	1.0219	-0.29836	0.128923	0.0484236	0.386317	0.125347
84	7	0.368349	0.358431	1.03736	0.345521	0.236132	0.200703	0.20041	1.00146
84	8	0.181335	0.836922	0.895744	0.934332	0.178369	0.854819	1.14893	0.744014
84	9	0.0525515	0.501911	0.851392	0.589518	0.029341	0.612563	1.0483	0.58434
85	0	0.054284	0.175637	0.917659	0.191396	0.197168	0.338384	0.917659	0.368747
85	1	0.327716	0.64551	1.10224	0.585637	0.281725	0.260056	1.07514	0.24188
85	2	0.133007	0.28523	1.14919	0.248202	-0.0492107	0.161508	0.888774	0.18172
85	3	-0.00640522	0.0571538	0.886009	0.064507	0.105994	0.261042	0.973445	0.268163
85	4	0.118724	0.2392	0.93155	0.256776	0.0896335	0.0164581	0.725938	0.0226715
85	5	0.183044	0.149525	0.881096	0.169703	0.0750132	0.011278	0.927651	0.0121576
85	6	0.243358	0.235399	0.960762	0.245013	-0.144645	0.133508	1.14893	0.116202
85	7	-0.15726	0.462661	1.08841	0.425079	0.441256	0.643872	1.41839	0.453946
85	8	0.158126	0.214212	0.823071	0.260259	-0.0317227	0.369004	0.508984	0.724983
85	9	-0.0209772	0.492124	0.896969	0.548652	0.0552425	0.340134	1.1951	0.284607
86	0	0.0083906	0.0804981	1.04878	0.0767541	0.199606	0.116773	1.04878	0.111342
86	1	0.145174	0.403554	1.05124	0.383883	0.0209875	0.134182	1.22431	0.109598
86	2	0.101859	0.206083	1.05566	0.195217	0.160898	-0.101899	0.677042	-0.150506
86	3	0.275874	0.641176	0.781931	0.819991	0.17858	0.483159	0.777889	0.621116
86	4	0.0639645	0.390252	0.871781	0.447649	0.0477546	0.173037	0.784517	0.220564
86	5	0.0133774	0.48563	0.997248	0.48697	-0.170419	0.228357	1.92361	0.118713
86	6	0.25911	-0.0883115	1.41284	-0.0625063	0.669275	0.421512	0.405106	1.0405
86	7	0.293467	0.139166	0.759973	0.183119	0.118501	-0.173774	1.14922	-0.15121
86	8	0.171022	0.417664	0.725425	0.57575	0.312607	0.275913	0.966666	0.285427
86	9	0.258802	0.388088	1.0957	0.354192	-0.132765	-0.21711	1.54702	-0.140341
87	0	0.0108891	-0.0378582	0.800847	-0.0472727	0.165232	0.148023	0.800847	0.184833
87	1	0.273462	0.204204	0.898323	0.227318	0.174345	0.133893	0.960999	0.139326
87	2	0.269062	0.655897	1.076	0.609567	0.258554	0.744426	1.26461	0.588659
87	3	0.120016	0.22302	1.1135	0.200288	0.149018	0.102786	1.04469	0.0983891
87	4	0.415265	0.6445	1.0772	0.598312	0.183008	0.40468	1.10878	0.36498
87	5	-0.120156	0.01942	1.06187	0.0182884	-0.274995	-0.518113	1.07089	-0.483817
87	6	-0.287407	-0.510806	1.21979	-0.418767	0.135527	0.0811672	1.83591	0.0442109
87	7	-0.014312	0.384778	1.20958	0.318109	-0.127197	0.13665	1.04243	0.131088
87	8	0.102494	0.415323	0.96126	0.432061	0.349164	0.717835	1.13796	0.630811
87	9	0.168582	0.255159	1.06237	0.240179	-0.115872	0.0934908	0.868184	0.107685
88	0	0.171749	0.398227	0.887041	0.448939	0.300593	0.668928	0.887041	0.754112
88	1	0.0985646	0.162499	1.14337	0.142123	0.0645195	-0.186268	0.929293	-0.20044
88	2	0.188474	0.384752	1.17595	0.327185	0.193841	0.339953	1.12538	0.302079
88	3	0.236052	0.56307	1.02491	0.549383	0.138528	0.312248	0.927025	0.336828
88	4	0.179341	0.328355	0.817421	0.401696	0.243627	0.144245	0.946589	0.152384
88	5	0.0285742	0.0959842	0.900455	0.106595	-0.507861	-0.650794	0.911637	-0.713873
88	6	-0.418892	-0.512003	0.704	-0.727276	0.0992507	-0.139588	0.324519	-0.430138
88	7	0.168904	0.611599	0.706045	0.866232	0.0950461	0.594691	0.899961	0.660796
88	8	0.187827	0.302322	0.819148	0.369069	0.262548	0.248987	0.688191	0.3618
88	9	0.0999717	-0.199178	0.815914	-0.244117	0.273269	0.25369	0.802642	0.316069
89	0	-0.09507	-0.0731507	0.984298	-0.0743177	0.0316398	0.0929097	0.984298	0.0943919
89	1	0.16972	0.297048	0.945739	0.314091	0.172051	0.255713	0.782641	0.326731
89	2	0.292047	0.624668	0.725417	0.861116	0.183947	0.306882	0.672627	0.456244
89	3	0.48788	1.09525	1.26968	0.862616	0.41697	1.24919	1.329	0.939947
89	4	0.0430136	0.104628	0.917612	0.114022	0.0770649	0.364019	1.04646	0.347856
89	5	0.197753	0.669344	1.00155	0.668305	0.159515	0.621031	0.997834	0.622379
89	6	-0.16802	0.120334	0.919875	0.130815	-0.115332	-0.362324	1.24835	-0.290242
89	7	0.29098	0.442618	0.982268	0.450609	0.172386	0.394813	0.58798	0.671472
89	8	0.0609957	0.289462	0.759206	0.381269	0.0568477	0.274834	0.643486	0.427102
89	9	0.00194422	-0.10284	0.966613	-0.106392	0.234237	0.185085	0.516674	0.358224
90	0	0.230897	0.400567	0.665781	0.601651	0.395401	0.597777	0.665781	0.897858
90	1	0.420935	0.646112	0.875928	0.737632	0.370029	0.568146	0.906249	0.62692
90	2	0.26204	0.403553	0.949429	0.425048	0.247351	0.745208	0.906124	0.822414
90	3	0.315943	0.819249	1.15227	0.710989	0.229094	0.575492	1.39449	0.412691
90	4	0.0923055	0.467787	0.96828	0.483111	0.100387	0.359384	0.867928	0.414072
90	5	0.119597	0.432234	0.761747	0.567424	-0.217866	0.0720512	0.660248	0.109127
90	6	-0.376202	-0.408661	0.84445	-0.483938	-0.119619	-0.0825258	1.15181	-0.0716491
90	7	0.0269657	0.295031	0.936972	0.314877	0.101384	0.0321084	0.407303	0.0788318
90	8	0.0834986	0.619203	1.14903	0.538893	0.24916	0.370752	0.949137	0.39062
90	9	0.281395	0.40353	1.08933	0.370438	0.120134	0.265417	0.751277	0.353287
91	0	-0.0157658	0.00945478	0.627626	0.0150644	0.0685705	0.0617906	0.627626	0.0984512
91	1	0.309782	0.607807	0.962167	0.631707	0.335628	0.573333	0.651275	0.880325
91	2	0.167493	0.535122	0.886836	0.603406	-0.0405655	0.202519	1.03084	0.19646
91	3	-0.0617566	-0.175453	1.06708	-0.164423	-0.019211	-0.0457088	1.32111	-0.0345986
91	4	0.00251938	0.0815867	0.793355	0.102838	-0.201102	-0.106905	0.626179	-0.170725
91	5	-0.132497	-0.384648	0.799759	-0.480955	0.0482429	-0.243782	1.03346	-0.23589
91	6	0.186687	0.715248	1.39837	0.511485	0.151123	1.03821	1.75122	0.592848
91	7	0.024129	0.522942	1.20181	0.435127	0.244804	0.394309	1.0837	0.363853
91	8	0.106152	0.250139	0.865014	0.289173	0.00919119	0.105587	1.07746	0.0979963
91	9	0.0383439	0.178446	0.862217	0.206962	-0.115605	-0.0653356	0.797832	-0.0818915
92	0	0.0208883	-0.0294979	0.991351	-0.0297552	0.309407	0.20767	0.991351	0.209482
92	1	0.438378	0.62505	1.0103	0.618678	0.188284	0.0925462	1.00314	0.0922562
92	2	0.0968726	0.561111	0.863955	0.649467	0.250094	0.410955	0.725041	0.566803
92	3	0.254083	0.421332	0.812478	0.518576	0.163437	0.209421	0.896545	0.233586
92	4	0.137047	0.0626266	1.06064	0.0590459	-0.037087	-0.204928	0.938539	-0.218348
92	5	0.104144	0.0807762	1.00251	0.0805738	0.219846	0.117605	1.02118	0.115166
92	6	0.3257	0.121806	1.13425	0.107389	0.395124	0.658343	1.31882	0.499189
92	7	0.138115	0.510938	0.946997	0.539535	0.145324	0.0575922	0.394544	0.145972
92	8	0.251586	0.861674	1.24948	0.689626	0.292668	0.404342	0.675536	0.598549
92	9	0.234475	0.388047	1.06138	0.365608	0.0603398	0.226348	1.03837	0.217984
93	0	0.0978467	0.223929	0.884202	0.253256	0.33767	0.340505	0.884202	0.385099
93	1	0.306487	0.601804	1.06068	0.567373	0.117932	0.320322	0.943658	0.339447
93	2	0.0742349	0.00575378	0.888664	0.00647464	0.140405	-0.0575227	0.584287	-0.0984494
93	3	0.121741	-0.0395373	0.780164	-0.0506782	-0.00427552	-0.0105621	0.807419	-0.0130814
93	4	0.0292639	0.312232	0.930366	0.335601	0.0852337	0.156768	0.806778	0.194313
93	5	-0.0366983	-0.265363	0.988133	-0.26855	-0.153894	-0.251643	0.875204	-0.287525
93	6	-0.0697662	-0.134373	1.00501	-0.133703	-0.00243969	-0.1724	0.478676	-0.360159
93	7	0.00714392	-0.476883	0.825315	-0.57782	0.0339644	-0.37773	0.851411	-0.443652
93	8	0.100349	0.134993	0.787069	0.171513	0.0831494	9.09126e-05	0.388941	0.000233744
93	9	-0.0718297	0.0669499	0.814645	0.0821829	-0.247412	-0.411886	1.15054	-0.357992
94	0	0.324088	0.709674	1.1266	0.629926	0.617686	1.18871	1.1266	1.05513
94	1	0.291019	0.328882	0.992939	0.331221	-0.0373108	-0.212736	0.948277	-0.224339
94	2	-0.0573101	0.0471248	0.980423	0.0480658	-0.114675	0.0291492	1.03679	0.0281149
94	3	-0.142607	-0.169948	0.884575	-0.192124	0.0607796	0.0936964	0.861928	0.108706
94	4	0.156705	0.3779	1.11595	0.338635	-0.0147823	0.0630164	1.05353	0.0598142
94	5	0.0869748	-0.00496509	1.036	-0.00479255	0.385786	0.813813	1.12421	0.723897
94	6	0.371555	0.835507	1.31774	0.634048	-0.0447749	-0.0482684	0.955624	-0.0505098
94	7	0.14587	0.365895	1.32562	0.276018	0.42675	0.367508	2.37745	0.154581
94	8	0.147126	0.131176	0.983127	0.133428	0.163872	0.0472828	0.520989	0.0907559
94	9	0.224935	0.454494	0.859436	0.528828	0.254969	0.306551	0.922581	0.332276
95	0	0.140801	0.448011	0.960599	0.466387	0.273132	0.663834	0.960599	0.691063
95	1	0.23569	0.581867	0.998738	0.582602	0.254625	0.548633	1.5203	0.360871
95	2	0.205123	0.523238	1.12924	0.463353	0.111935	0.430319	0.951398	0.452302
95	3	0.337198	0.654457	1.0096	0.648236	0.281213	0.62414	1.41304	0.4417
95	4	0.238186	0.537893	1.00293	0.536323	0.369841	0.941351	0.980457	0.960114
95	5	0.277139	0.13833	0.785918	0.17601	0.014078	0.226675	0.576925	0.392901
95	6	-0.17587	0.324274	0.808228	0.401216	-0.000928694	-0.00803222	0.633906	-0.012671
95	7	0.0740619	0.162085	0.591286	0.274123	0.082146	-0.0309579	0.17361	-0.178318
95	8	-0.0293381	0.3249	0.634236	0.512271	0.0308985	0.296372	0.766468	0.386672
95	9	0.0332684	0.282041	0.879642	0.320632	-0.00344666	0.179755	0.767291	0.234272
96	0	0.0359076	0.0807717	0.938602	0.0860553	0.0685883	-0.0169844	0.938602	-0.0180955
96	1	0.0108104	0.145032	0.826845	0.175404	-0.0230948	0.129211	0.928651	0.139138
96	2	-0.0547756	0.184522	1.1317	0.163048	-0.0421132	0.0612436	0.980262	0.0624767
96	3	0.250249	0.701812	1.02981	0.681495	0.393273	0.664821	0.964818	0.689063
96	4	0.177343	0.531677	1.16245	0.457376	0.00566432	0.141366	0.945619	0.149496
96	5	0.107746	0.214815	0.891767	0.240887	0.342769	0.467266	0.49104	0.951584
96	6	0.0806123	0.306982	0.730238	0.420386	-0.0208121	0.0501491	0.514263	0.0975164
96	7	0.26959	0.0894047	0.76451	0.116944	0.0874491	0.120002	0.440232	0.272588
96	8	-0.0385929	0.0623506	0.752977	0.0828055	0.122659	0.305971	1.08863	0.281061
96	9	0.154219	0.461913	0.972575	0.474938	-0.0655584	0.493739	0.722673	0.683212
97	0	0.0556531	0.0532131	0.807858	0.0658693	0.276382	0.167047	0.807858	0.206777
97	1	0.344142	0.190916	0.782917	0.243852	0.261368	0.345218	0.779009	0.44315
97	2	0.236081	0.416175	1.09789	0.379066	0.231753	0.250261	1.03714	0.241299
97	3	0.221862	0.430897	1.08658	0.396562	0.290916	0.219912	0.805784	0.272916
97	4	0.333491	0.690654	1.07011	0.645404	0.310687	0.622039	0.914639	0.680092
97	5	0.0542445	0.394748	1.02887	0.383671	-0.333447	-0.364343	0.609243	-0.598026
97	6	-0.126676	-0.400683	0.785129	-0.510341	-0.0784263	0.000165296	0.34645	0.000477114
97	7	0.13608	0.179063	0.69454	0.257815	0.442935	0.322023	0.356377	0.903603
97	8	0.196776	0.195026	0.68499	0.284713	0.103387	0.159504	0.945237	0.168745
97	9	0.206846	0.574627	1.01021	0.568822	0.138936	0.257119	1.26096	0.203908
98	0	0.144045	0.489009	1.18304	0.413348	0.188901	0.714893	1.18304	0.604283
98	1	0.101509	0.323102	1.11217	0.290515	0.0279981	0.190518	0.933949	0.203992
98	2	0.076457	0.402259	0.779312	0.516172	0.161022	0.255642	1.05394	0.242559
98	3	0.275419	0.754131	0.993687	0.758921	0.225445	0.541258	1.2702	0.426121
98	4	0.0380978	0.122697	0.919697	0.133411	0.162931	0.131732	0.939412	0.140228
98	5	0.115474	0.133174	0.906369	0.146931	-0.161475	-0.540703	1.5532	-0.348123
98	6	-0.216118	-0.118372	1.20947	-0.0978713	0.0742696	-0.234651	1.07864	-0.217544
98	7	0.207606	0.464262	0.819065	0.56682	-0.0747741	0.0996093	1.43501	0.0694138
98	8	-0.122885	0.304017	0.76909	0.395295	-0.0545017	0.262339	0.772806	0.339462
98	9	-0.00334754	-0.0412633	0.759089	-0.0543591	0.3602	0.136368	0.550257	0.247827
99	0	0.0746913	0.0887492	0.939912	0.0944229	0.137137	0.0759131	0.939912	0.0807662
99	1	-0.0374471	0.108607	1.16946	0.0928694	-0.0614883	0.156399	1.2209	0.128101
99	2	0.174539	0.597657	1.0174	0.587433	0.238649	0.169574	0.841689	0.201469
99	3	0.237374	0.603278	1.02186	0.590375	0.355879	0.53475	1.49412	0.357903
99	4	0.230758	0.35371	1.18655	0.2981	-0.0233063	-0.254509	0.883471	-0.288079
99	5	0.0132959	0.272351	0.930932	0.292558	-0.0564874	0.164368	1.08089	0.152068
99	6	0.257785	0.241413	1.02199	0.236219	0.0658236	0.50125	1.17211	0.427649
99	7	-0.129384	0.407343	0.987142	0.412649	0.199648	0.579059	0.502659	1.15199
99	8	0.0195158	-0.0949321	0.820541	-0.115695	0.0555585	0.084322	1.07094	0.0787362
99	9	0.165433	0.302711	0.785452	0.385397	0.0570972	0.224464	0.506245	0.44339
100	0	-0.0410577	-0.0964417	0.831041	-0.116049	0.100735	-0.0234647	0.831041	-0.0282353
100	1	0.188837	0.486085	0.9879	0.492038	0.11272	0.106089	0.882472	0.120219
100	2	0.156872	0.044413	1.03717	0.0428213	0.264615	0.113898	0.982668	0.115907
100	3	0.249209	0.509969	0.98534	0.517557	0.141637	0.326181	1.22553	0.266155
100	4	0.111006	0.205745	0.913585	0.225206	0.0952391	0.186011	0.523603	0.355253
100	5	0.238773	0.433723	0.84279	0.514628	0.381292	0.308996	0.774346	0.399041
100	6	0.283753	0.135117	0.732171	0.184543	0.176085	0.266233	1.49922	0.177581
100	7	0.382381	0.63958	1.32448	0.48289	0.316001	0.484941	1.76626	0.274558
100	8	0.0511321	0.313146	1.08792	0.287839	-0.0812768	-0.344693	1.31026	-0.263072
100	9	-0.187837	-0.138192	1.04294	-0.132502	0.0929165	-0.0129048	1.18069	-0.0109298
