RUN	Year	DeltaBV	Sel	Var	Beta	DeltaBVRecruits	SelRecruits	VarRecruits	BetaRecruits
1	0	0.0398862	0.124942	0.855564	0.146035	0.124019	0.269825	0.855564	0.315376
1	1	0.061146	0.255747	0.852672	0.299936	-0.000985514	-0.115092	0.94921	-0.121251
1	2	0.121477	0.567259	1.23639	0.458804	0.150324	0.635168	1.02667	0.618667
1	3	0.169309	0.363789	1.05749	0.344011	0.213299	0.363257	0.856623	0.424057
1	4	0.134827	0.465359	0.910898	0.510879	-0.13504	0.17203	0.912235	0.18858
1	5	-0.247637	0.0258308	0.85599	0.0301766	-0.123872	-0.0138805	1.00932	-0.0137524
1	6	-0.066247	0.00252817	1.11027	0.00227708	0.0168223	0.664801	1.15147	0.577352
1	7	-0.0419712	-0.194058	0.947525	-0.204805	0.0701649	-0.476038	1.14826	-0.414575
1	8	0.182398	0.347063	0.986846	0.351689	0.0461855	0.116525	0.823952	0.141421
1	9	0.00883769	0.299168	0.775753	0.385649	-0.0317783	0.0587387	0.683715	0.0859111
2	0	-0.0591671	-0.138494	0.899661	-0.15394	0.0577857	-0.148691	0.899661	-0.165274
2	1	0.171377	0.380098	0.932151	0.407765	0.223187	0.319483	0.580071	0.550765
2	2	0.30353	0.468753	0.831478	0.563758	0.298538	0.563895	0.724181	0.778665
2	3	0.265018	0.776293	0.84131	0.922719	0.0137785	0.31511	1.05214	0.299494
2	4	-0.0534513	0.24254	0.977536	0.248114	0.117756	0.40868	0.860342	0.47502
2	5	0.158849	0.178935	1.0277	0.174112	-0.184995	-0.181335	1.04931	-0.172814
2	6	-0.130376	0.6076	1.25609	0.483723	0.123857	0.526784	1.43535	0.367008
2	7	-0.157248	-0.574814	1.05902	-0.542781	-0.115025	-0.115091	0.403824	-0.285004
2	8	0.106548	0.582622	0.794285	0.733517	0.0281273	0.386851	0.727389	0.531835
2	9	-0.0149201	0.4796	1.14101	0.420331	0.0232857	0.239244	0.954455	0.25066
3	0	0.0151965	0.112306	0.820614	0.136856	-0.00438298	0.177231	0.820614	0.215974
3	1	-0.0781981	-0.0838291	0.901159	-0.0930237	-0.100982	-0.189847	0.964362	-0.196863
3	2	-0.0251866	-0.086293	0.949703	-0.0908632	0.117442	0.112889	0.732048	0.154209
3	3	0.163569	0.579362	0.901701	0.642521	0.0457118	0.289265	0.779933	0.370884
3	4	0.0490642	0.436051	0.827173	0.527158	0.0770405	0.454978	0.678721	0.670346
3	5	0.0364443	0.163279	0.787265	0.2074	-0.109638	0.194743	0.558806	0.348499
3	6	-0.0343704	0.0525862	0.686708	0.0765772	-0.0444828	0.129177	0.749979	0.17224
3	7	-0.0323534	0.603054	1.00642	0.599205	0.139407	1.03141	1.50269	0.686373
3	8	-0.00952218	-0.19043	0.970781	-0.196161	-0.000955988	-0.0238503	0.845693	-0.0282021
3	9	0.0387458	0.39872	0.874454	0.455964	-0.0633691	0.205041	0.614137	0.333868
4	0	0.00113627	-0.161294	1.27519	-0.126487	0.124837	0.0481921	1.27519	0.0377922
4	1	0.0838964	0.399168	1.04394	0.382366	0.00303356	0.122077	0.921955	0.132411
4	2	0.0575903	0.393044	0.97495	0.403143	0.0657501	0.312785	1.16211	0.269152
4	3	0.0326248	0.529971	1.006	0.526811	0.0543371	0.392891	1.02717	0.382499
4	4	0.0828239	0.247172	0.802633	0.307952	0.0491583	0.307417	0.666686	0.461111
4	5	0.0700905	-0.136709	0.817362	-0.167256	0.0704151	-0.225959	0.978514	-0.23092
4	6	-1.58469e-05	-0.221318	0.973924	-0.227244	0.0354339	0.263997	0.505109	0.522654
4	7	0.11623	1.4138	0.700188	2.01918	0.121684	1.09497	1.1715	0.934667
4	8	0.178195	0.777691	1.10537	0.703558	0.15219	0.676944	1.12189	0.603397
4	9	0.175004	1.03281	1.25218	0.824815	0.0986666	0.818431	1.38904	0.589205
5	0	0.0351387	0.0490321	0.901629	0.0543817	0.16655	0.0550888	0.901629	0.0610992
5	1	0.1691	0.199212	0.912659	0.218277	0.115473	0.138483	0.906553	0.152758
5	2	0.116347	0.242061	0.89819	0.269498	0.120926	-0.0270512	1.089	-0.0248404
5	3	0.0286129	0.281891	0.996201	0.282966	0.0468067	0.0481555	0.794844	0.0605848
5	4	0.166055	0.410599	1.13291	0.362429	-0.0141655	0.268852	1.08208	0.248459
5	5	-0.0798617	-0.0842309	0.941907	-0.0894259	-0.0614921	-0.437699	1.24117	-0.352651
5	6	-0.10909	0.277881	1.09766	0.253158	-0.104557	0.534061	1.42363	0.375141
5	7	0.0271651	-0.0620786	0.869694	-0.0713798	0.0157497	0.184155	0.559561	0.329106
5	8	-0.0877034	-0.196128	0.865199	-0.226685	0.0976981	0.0278681	0.733866	0.0379744
5	9	0.139443	0.273147	0.804667	0.339454	-0.0493166	0.171181	0.764622	0.223877
6	0	-0.0426783	-0.0714444	0.901419	-0.0792577	-0.0230421	0.0761998	0.901419	0.0845331
6	1	0.361439	1.15465	0.858494	1.34498	0.39445	1.19307	1.01807	1.17189
6	2	-0.0245148	0.059898	1.19832	0.049985	-0.152847	-0.214446	1.14005	-0.188102
6	3	-0.0535322	-0.277217	1.02892	-0.269426	-0.0380138	-0.125854	0.738612	-0.170393
6	4	-0.0822101	0.182662	0.781131	0.233843	0.0614842	0.0195603	0.610025	0.0320647
6	5	0.195253	0.105029	0.886392	0.11849	0.125018	0.238199	0.749027	0.318011
6	6	0.169075	0.586333	1.09635	0.534803	0.0176642	1.14392	1.9249	0.594277
6	7	-0.193547	-0.444307	1.24048	-0.358172	-0.0940012	-0.520037	1.37637	-0.377833
6	8	0.00647625	0.133133	0.925668	0.143823	-0.0203921	0.0478749	0.620742	0.0771254
6	9	-0.0452139	0.212182	0.721319	0.294158	-0.00669049	0.0849832	0.940928	0.0903185
7	0	-0.00642156	-0.125386	1.16407	-0.107713	-0.0109433	-0.0247394	1.16407	-0.0212524
7	1	-0.0214195	0.766461	1.13067	0.677883	0.00154019	0.341409	1.02371	0.333501
7	2	0.0297382	0.0816563	1.08626	0.075172	-0.0167965	-0.102174	0.869426	-0.117519
7	3	-0.0290032	-0.18846	0.960769	-0.196155	-0.00925527	-0.101615	0.618825	-0.164207
7	4	-0.0101088	0.0803457	0.821046	0.0978578	0.0447811	0.0432117	0.771982	0.055975
7	5	0.12862	0.357909	0.786205	0.455236	0.0577187	0.159714	0.764789	0.208834
7	6	-0.0023079	0.409708	1.12522	0.364115	-0.0600159	0.100091	1.91577	0.0522456
7	7	0.0775944	0.242237	1.0428	0.232296	0.207641	0.61201	1.29629	0.472126
7	8	0.0563274	0.227048	0.829876	0.273593	0.0915777	0.151087	0.523992	0.288337
7	9	0.0311735	-0.0820576	0.744807	-0.110173	0.0497957	-0.222339	0.795266	-0.279578
8	0	-0.0531799	0.0375381	0.921625	0.0407304	0.0532495	0.0650348	0.921625	0.0705654
8	1	0.0924866	0.600978	1.00723	0.596666	-0.036642	0.441886	0.672728	0.656856
8	2	-0.029281	0.298091	0.873707	0.341179	-0.0229765	0.241357	0.949937	0.254077
8	3	0.0498862	-0.0249379	1.01043	-0.0246806	0.299415	0.362471	0.98844	0.366711
8	4	0.424618	0.783387	1.03517	0.756769	0.275168	0.588661	1.09838	0.535935
8	5	0.138263	0.396745	0.927347	0.427827	0.0504527	-0.11821	0.610903	-0.193501
8	6	0.153013	0.352207	0.768341	0.458399	0.0378085	0.568667	0.732995	0.775813
8	7	0.0583311	0.0621288	0.9356	0.0664053	0.227799	0.793673	0.908418	0.873687
8	8	0.14405	0.31163	0.891926	0.34939	0.0905386	0.183865	1.1098	0.165674
8	9	-0.042368	0.339017	1.27015	0.266911	-0.0956842	0.349097	1.62546	0.214768
9	0	0.0624586	0.267538	0.763143	0.350573	0.118905	0.357521	0.763143	0.468485
9	1	0.177702	0.473712	0.926833	0.511108	0.157353	0.511711	0.930289	0.550056
9	2	0.135111	0.7118	0.959189	0.742085	0.243209	0.633241	0.985982	0.642244
9	3	0.210011	1.15939	1.09575	1.05809	0.216994	0.853809	0.809011	1.05537
9	4	0.0990244	0.0725248	1.03471	0.0700923	-0.0733233	-0.0702521	1.0815	-0.0649577
9	5	-0.0108068	0.465173	1.02181	0.455246	-0.092657	-0.153066	0.626739	-0.244227
9	6	0.0555841	-0.501343	1.11071	-0.451373	0.170274	0.437453	0.822074	0.532133
9	7	0.0378965	0.334335	1.03622	0.32265	0.140111	-0.0246383	1.28823	-0.0191258
9	8	0.126619	0.536431	0.802975	0.668054	0.0335117	0.204135	0.697105	0.292833
9	9	-0.0114153	0.689446	1.08935	0.632899	-0.247219	0.423196	1.19675	0.353621
10	0	0.0207882	0.0648016	0.984151	0.0658452	0.0279021	0.166035	0.984151	0.168709
10	1	0.0369572	0.513925	0.913978	0.562295	0.116235	0.35086	0.696546	0.503714
10	2	0.0805463	0.514952	0.915139	0.562704	-0.00164695	0.424392	0.827452	0.51289
10	3	-0.0278655	0.250165	0.832852	0.300372	-0.0383175	0.290031	0.685151	0.42331
10	4	-0.00819824	0.0996825	1.03775	0.0960564	0.0315066	0.0836367	0.757645	0.11039
10	5	0.12087	-0.0923662	0.852687	-0.108324	0.190694	0.570211	0.669529	0.85166
10	6	0.0942818	0.5099	0.684085	0.745375	-0.0714304	0.229388	0.499427	0.459303
10	7	0.099135	0.62252	1.22531	0.508053	0.208918	0.156136	0.749679	0.20827
10	8	0.111741	0.964026	1.14297	0.843442	0.219673	0.507174	1.10122	0.460555
10	9	0.199037	0.101787	1.04893	0.097039	0.117645	0.338641	1.29057	0.262397
11	0	0.0437797	0.213005	1.04699	0.203445	0.151296	0.288792	1.04699	0.275831
11	1	0.304678	0.849061	1.12536	0.754479	0.215456	0.81446	1.09668	0.742658
11	2	0.0516939	0.197659	0.984029	0.200867	-0.0230766	0.373069	0.626058	0.595902
11	3	-0.0260707	0.0831455	0.901843	0.092195	-0.000906853	0.164973	1.37186	0.120255
11	4	0.0566256	0.828148	0.906104	0.913966	0.030242	0.818095	1.15931	0.705674
11	5	-0.034718	0.00921845	1.15112	0.00800822	-0.0905778	0.0155849	0.956439	0.0162947
11	6	-0.0726035	0.0743701	1.3349	0.0557121	0.266441	0.153187	1.8769	0.081617
11	7	0.362004	0.729903	1	0.729901	0.128576	0.239435	0.70897	0.337722
11	8	0.0330029	0.3697	0.988571	0.373974	0.213549	-0.0202636	0.325515	-0.062251
11	9	0.143637	0.0434208	0.947899	0.0458074	-0.0577896	-0.140818	0.920661	-0.152953
12	0	0.108782	0.397433	1.17247	0.338971	0.199984	0.726814	1.17247	0.619901
12	1	0.193819	0.845525	1.12408	0.752191	0.191597	0.653815	1.04236	0.627247
12	2	0.0685517	0.245899	0.996468	0.24677	0.0313998	0.197687	0.654196	0.302183
12	3	0.00238213	0.303478	0.920389	0.329728	-0.0645041	-0.0031946	1.04996	-0.0030426
12	4	0.0428402	0.176055	0.964998	0.18244	0.101787	0.104719	0.802101	0.130556
12	5	0.0227926	0.27874	1.03735	0.268702	-0.118039	0.276299	0.548631	0.503615
12	6	-0.0180728	-0.118769	0.707217	-0.167939	-0.0461126	0.0904402	0.897204	0.100802
12	7	0.0205364	0.921047	0.961878	0.957551	0.253523	0.64411	0.843427	0.763682
12	8	0.103241	0.244607	1.24873	0.195884	-0.0801886	0.113028	0.574313	0.196806
12	9	-0.0308055	-0.0967224	0.892569	-0.108364	0.124747	-2.60742e-05	0.668992	-3.89754e-05
13	0	0.0423034	0.298565	1.12464	0.265476	0.147491	0.47362	1.12464	0.42113
13	1	0.189024	0.424642	0.976991	0.434643	0.0815987	0.228711	0.968487	0.236153
13	2	0.0253455	0.331287	0.895908	0.369779	0.0420025	0.265752	0.768164	0.345958
13	3	0.132629	0.260623	0.816764	0.319092	0.0859562	0.131641	0.986945	0.133383
13	4	0.0733513	0.476878	1.20008	0.397373	0.115178	0.253948	1.44916	0.175238
13	5	0.136522	0.476284	1.21501	0.392001	0.128905	0.205507	1.34842	0.152406
13	6	-0.116087	-0.441435	1.29961	-0.339669	-0.320907	-0.662633	2.62054	-0.252861
13	7	-0.287368	-0.148723	1.41479	-0.10512	-0.108865	0.0673633	0.347626	0.193781
13	8	0.0330195	0.519171	0.858112	0.605016	0.154122	0.721686	0.758432	0.95155
13	9	0.065996	-0.0388851	0.934992	-0.0415887	-0.00839382	-0.119158	1.00447	-0.118627
14	0	0.127765	0.44598	0.795377	0.560716	0.244907	0.549969	0.795377	0.691457
14	1	0.182678	0.549246	0.781824	0.702518	0.0931927	0.153869	0.790938	0.19454
14	2	0.0214357	0.387495	0.847426	0.45726	-0.0999189	0.358309	0.789131	0.454055
14	3	-0.0908568	-0.0189438	0.940853	-0.0201347	0.0200633	0.0113236	0.837367	0.0135228
14	4	0.0560868	0.175557	1.00256	0.17511	-0.0659557	-0.113294	0.971432	-0.116625
14	5	-0.019335	0.13652	0.976516	0.139803	-0.0553393	-0.168561	1.23818	-0.136137
14	6	-0.060885	-0.480784	1.09088	-0.440729	0.0575316	-0.199573	0.75561	-0.264121
14	7	-0.0195516	0.248421	1.05471	0.235535	0.0504931	-0.126474	0.87065	-0.145264
14	8	0.160018	0.308221	0.962606	0.320195	0.141918	0.517878	0.866692	0.597534
14	9	0.0514686	0.200572	0.864993	0.231877	0.210866	0.279645	0.994319	0.281243
15	0	-0.00482542	0.0662679	0.888776	0.0745609	-0.00795603	0.0802151	0.888776	0.0902535
15	1	0.0991961	0.669022	0.971984	0.688305	0.14787	0.377363	1.11067	0.33976
15	2	0.130703	0.441513	1.11504	0.39596	0.204478	0.642008	1.16239	0.552317
15	3	0.117813	0.468752	0.964281	0.486116	0.0862922	0.150605	0.662309	0.227393
15	4	0.125885	0.63501	0.978599	0.648897	0.117013	0.274038	0.663214	0.413197
15	5	0.0129133	-0.0115121	0.91305	-0.0126084	-0.0345106	-0.509023	0.977415	-0.520785
15	6	0.223313	0.461827	1.23911	0.372708	0.263728	0.560313	1.15366	0.485681
15	7	0.0770992	0.62239	0.942026	0.660693	0.116909	0.429579	0.811825	0.529153
15	8	0.133925	0.280847	0.672778	0.417443	-0.0682648	0.0539741	0.589681	0.0915311
15	9	-0.0419566	0.0763857	0.880631	0.0867397	0.14521	0.461479	1.20963	0.381505
16	0	-0.0304051	0.0687068	0.778638	0.0882397	-0.0425448	0.167029	0.778638	0.214514
16	1	0.00139111	0.51341	0.87344	0.587803	0.150146	0.635824	0.976682	0.651005
16	2	0.165089	0.16932	1.11635	0.151673	0.099681	0.113923	1.49782	0.0760592
16	3	0.0919515	0.373411	1.15229	0.324061	-0.0665876	0.145595	0.534795	0.272245
16	4	-0.13566	-0.216799	0.916519	-0.236546	0.0733097	0.0397099	0.855395	0.0464229
16	5	0.180403	0.389863	0.995365	0.391679	0.261728	0.27801	0.902589	0.308014
16	6	0.188717	0.288525	0.884935	0.326041	0.0519458	0.0515826	0.420785	0.122587
16	7	0.0759779	0.416255	0.636069	0.654417	0.0380392	0.362485	0.456784	0.79356
16	8	0.000856119	0.2397	0.775617	0.309044	-0.0696612	0.306636	0.946563	0.323946
16	9	-0.0280956	0.291076	1.12597	0.258511	-0.0370577	0.380625	1.45131	0.262263
17	0	0.181481	0.72353	1.07317	0.674198	0.230906	1.00904	1.07317	0.940243
17	1	0.0812324	-0.0166658	1.00023	-0.0166619	0.226668	-0.048264	0.861275	-0.0560379
17	2	0.27959	0.411942	0.984388	0.418475	0.0646155	0.00803889	0.869427	0.0092462
17	3	0.0239952	0.183645	0.902887	0.203398	-0.0736871	0.213571	0.985516	0.21671
17	4	-0.0583167	0.261217	0.826309	0.316125	0.302897	0.272009	0.93091	0.292197
17	5	0.194867	0.272554	0.798956	0.341138	-0.202622	-0.241967	0.875818	-0.276276
17	6	-0.0849568	0.375881	1.29657	0.289904	0.100071	0.54345	1.40712	0.386214
17	7	0.0766523	0.0900046	1.00775	0.0893128	0.035514	0.0192146	0.734749	0.0261513
17	8	-0.0296602	0.0554863	0.909163	0.0610301	0.0110632	-0.081426	1.36883	-0.059486
17	9	0.00540525	-0.112731	1.05841	-0.10651	-0.0240989	-0.481019	0.809288	-0.594373
18	0	0.092434	0.38627	0.99144	0.389605	0.0856782	0.514635	0.99144	0.519078
18	1	-0.0048135	0.237116	0.972578	0.243802	0.0199902	0.243436	0.983298	0.247571
18	2	0.0803248	0.832248	1.05383	0.789741	0.125456	0.951081	0.915922	1.03839
18	3	0.120175	0.45608	0.775553	0.588071	0.0611465	0.451962	0.849349	0.532128
18	4	0.0123034	0.350332	1.00195	0.349651	-0.0279972	0.221659	0.645243	0.343528
18	5	-0.118921	0.232535	0.908043	0.256084	-0.330924	-0.157144	1.06134	-0.148062
18	6	-0.268744	-0.180134	1.02678	-0.175435	-0.0647988	-0.125267	1.27706	-0.0980899
18	7	-0.0267457	0.152831	1.07192	0.142577	-0.0258472	0.0541904	0.11637	0.465675
18	8	-0.0947701	0.271358	0.676219	0.401288	-0.128719	0.0978063	0.699562	0.139811
18	9	-0.0637166	0.428472	0.877726	0.488162	0.0429105	0.399861	0.80133	0.498996
19	0	0.0354252	-0.0197631	0.991882	-0.0199249	0.122341	-0.0273039	0.991882	-0.0275273
19	1	0.150242	0.401334	1.17102	0.342721	0.0220398	0.00960221	1.24116	0.00773647
19	2	0.0514222	0.0654994	1.07048	0.0611871	0.308878	0.272456	1.15421	0.236055
19	3	0.116922	0.108756	1.04704	0.103871	-0.0723746	-0.28523	1.08951	-0.261796
19	4	0.128302	0.405337	1.05193	0.385326	0.210554	0.61193	1.19507	0.512046
19	5	0.13656	0.313935	0.985249	0.318635	-0.256703	-0.181374	1.3671	-0.132671
19	6	-0.196	-0.477599	1.11593	-0.427984	-0.153831	-0.252318	1.03642	-0.243452
19	7	-0.274876	-0.678653	1.07511	-0.631243	0.120311	0.157124	1.67724	0.09368
19	8	0.0765189	0.420715	1.04857	0.401228	-0.102977	0.134996	0.708113	0.190642
19	9	-0.0250599	0.0585994	0.823228	0.0711825	-0.158608	0.0685805	0.992754	0.069081
20	0	0.0607715	0.359636	0.946267	0.380057	-0.000372384	0.569228	0.946267	0.601552
20	1	-0.0644001	0.297643	0.915188	0.325226	0.0598536	0.166838	0.688298	0.242392
20	2	0.085474	0.190345	1.0665	0.178477	0.0498062	-0.0455844	1.13525	-0.0401537
20	3	-0.0279144	0.213037	0.99683	0.213714	0.0804604	0.252394	0.812985	0.310454
20	4	0.126995	0.18566	0.984856	0.188515	-0.0498011	0.0753201	0.703385	0.107082
20	5	-0.0233844	0.15863	0.82113	0.193185	-0.0296887	0.151089	1.03333	0.146215
20	6	-0.122065	0.0663917	1.27816	0.0519432	-0.0115304	-0.140287	1.45489	-0.0964243
20	7	-0.0171535	0.117041	0.846003	0.138346	-0.00496122	-0.307215	0.473446	-0.648891
20	8	0.147514	0.656282	1.15737	0.567047	0.0803121	0.706374	1.1862	0.595491
20	9	0.0260577	0.0419777	1.09555	0.0383167	0.021559	-0.301846	0.928234	-0.325183
21	0	0.0397793	0.285063	0.894618	0.318642	0.0657845	0.370146	0.894618	0.413748
21	1	0.0595623	0.482107	0.94791	0.5086	0.1283	0.203595	1.16314	0.17504
21	2	0.160834	0.61687	1.07188	0.575502	0.036314	0.757531	1.24394	0.608975
21	3	-0.0168637	-0.134688	1.09407	-0.123107	0.072198	-0.0659393	1.00999	-0.0652873
21	4	0.164103	0.563998	1.02912	0.548038	0.13626	0.545044	1.23059	0.442914
21	5	0.190559	0.11504	0.893995	0.128681	0.108082	-0.0429208	0.932901	-0.0460078
21	6	-0.147349	-0.0463547	0.831751	-0.0557315	-0.12784	0.0297143	1.11023	0.0267641
21	7	-0.0419048	0.0664239	0.722161	0.0919793	0.0417302	0.109394	0.831168	0.131615
21	8	0.094079	0.388672	0.779922	0.498348	0.14257	0.137304	0.501794	0.273626
21	9	0.128797	0.0765825	0.866817	0.0883491	0.0424871	-0.130497	0.78785	-0.165637
22	0	0.0422924	0.329035	1.12409	0.292714	0.138763	0.569779	1.12409	0.506882
22	1	0.103775	0.358176	1.10347	0.32459	-0.0145913	0.370305	0.963922	0.384165
22	2	0.0104508	0.216096	1.04405	0.20698	0.107715	0.226284	1.11118	0.203642
22	3	0.0898091	0.232332	0.913376	0.254367	0.095067	0.0149229	0.755083	0.0197632
22	4	0.0982013	0.26497	0.929322	0.285121	-0.00995179	-0.114033	0.562645	-0.202673
22	5	0.0681538	0.522087	0.778972	0.670226	0.0430642	0.580734	1.40861	0.412274
22	6	0.0963962	0.488184	1.13376	0.430588	0.120726	0.501992	1.0559	0.475414
22	7	-0.000100729	0.090944	0.853812	0.106515	-0.0802069	0.286352	0.478513	0.598421
22	8	-0.0780855	-0.0689531	0.729677	-0.094498	0.109847	0.202163	0.807995	0.250203
22	9	0.126016	0.0113658	0.958618	0.0118564	0.196419	0.106143	1.00584	0.105527
23	0	-0.0257457	-0.109295	0.979706	-0.111559	-0.0606932	0.0383134	0.979706	0.0391071
23	1	0.020458	0.471938	0.915842	0.515305	0.148872	0.496566	0.753706	0.658832
23	2	0.079948	0.225188	0.89385	0.251931	0.0152945	0.203824	0.971449	0.209814
23	3	0.00178227	0.487933	1.036	0.47098	-0.0597457	0.570372	1.14717	0.497198
23	4	0.016336	0.20567	1.00474	0.204699	0.144663	0.49669	0.792933	0.626395
23	5	0.113139	0.136498	0.778198	0.175403	-0.0505146	-0.321993	1.0776	-0.298804
23	6	-0.138007	0.0175822	0.767524	0.0229077	-0.0908521	-0.131747	0.208301	-0.632484
23	7	-0.0379622	0.00131646	0.817566	0.00161022	-0.00844774	0.0918169	0.597539	0.153658
23	8	0.0301939	0.705791	0.959466	0.735608	-0.0190912	0.332986	0.875029	0.380543
23	9	-0.0551761	0.0838087	0.899998	0.093121	-0.0908462	0.134008	0.9324	0.143724
24	0	-0.00197413	0.0598947	1.01533	0.0589901	-0.0333727	-0.0383615	1.01533	-0.0377821
24	1	-0.0208996	0.0313577	1.05906	0.0296091	0.0707061	0.0880225	0.872289	0.10091
24	2	0.0813791	0.256081	0.998087	0.256572	0.103217	0.0453157	1.31088	0.0345691
24	3	0.234952	0.271852	1.01574	0.267638	0.0201599	0.322365	1.05327	0.306061
24	4	-0.0174691	-0.0386663	1.0581	-0.0365432	0.0743838	0.0156688	1.06503	0.0147121
24	5	0.191806	0.288394	1.13678	0.253693	0.155554	-0.097575	0.947718	-0.102958
24	6	0.263299	0.585225	0.970999	0.602704	0.275071	1.13887	1.53068	0.744028
24	7	0.116942	1.20663	1.33109	0.9065	0.284086	1.21564	1.55475	0.781886
24	8	0.113617	0.360772	0.989103	0.364746	0.0413016	0.164702	0.548458	0.300301
24	9	0.0573625	0.399859	0.766708	0.521527	-0.0789526	0.27421	0.708008	0.387298
25	0	0.0586709	0.191404	1.22302	0.156502	0.119616	0.417579	1.22302	0.341433
25	1	0.133252	0.237968	1.10021	0.216293	0.091494	0.134124	0.896242	0.149651
25	2	0.0809848	0.510972	0.944288	0.541118	0.0687007	0.252973	0.639241	0.395739
25	3	-0.206298	-0.456874	0.782882	-0.583579	-0.296396	-0.2536	0.931834	-0.272151
25	4	-0.0914847	0.0805787	1.08733	0.0741068	0.0631941	0.0706868	0.891181	0.0793181
25	5	0.0866862	-0.171168	0.880823	-0.194328	-0.018677	0.23025	0.935061	0.24624
25	6	-0.102011	-0.0514876	0.959164	-0.0536797	-0.136509	-0.219323	0.890481	-0.246297
25	7	-0.122348	0.554831	0.796102	0.696935	-0.00956799	0.494723	0.377628	1.31008
25	8	0.0424489	0.428343	1.16685	0.367093	0.0398924	0.160834	0.971692	0.165519
25	9	0.0444356	0.544341	1.14251	0.476443	-0.00626698	0.390607	1.43027	0.273099
26	0	0.0286085	-0.00388668	1.07891	-0.00360242	0.0427572	-0.00203225	1.07891	-0.00188361
26	1	0.0817206	0.853942	0.941849	0.906666	0.122512	0.710926	0.812103	0.875414
26	2	0.0664631	0.122946	0.846513	0.145238	0.0713924	0.320879	0.731451	0.438688
26	3	0.103623	0.133042	0.825238	0.161216	0.0781407	-0.158229	0.754283	-0.209774
26	4	0.0177483	-0.020511	0.890472	-0.0230338	-0.0190557	0.0743899	0.860761	0.0864234
26	5	0.0355229	-0.00626834	0.744858	-0.00841548	0.120291	0.224269	0.539811	0.415459
26	6	0.0890224	0.300312	0.936794	0.320574	-0.00907266	-0.0879913	1.55145	-0.0567157
26	7	-0.127904	0.0195449	1.50925	0.0129501	-0.0892732	-0.380481	1.91467	-0.198719
26	8	-0.0136343	0.288183	1.10614	0.260531	-0.00676578	0.302003	0.496214	0.608615
26	9	0.144411	0.522533	0.818743	0.638214	-0.0173111	0.296226	0.937224	0.316068
27	0	0.066912	0.126569	0.984402	0.128574	0.120828	0.193742	0.984402	0.196811
27	1	0.124705	0.422273	1.10936	0.380645	0.00120145	-0.11086	1.071	-0.10351
27	2	-0.0950115	-0.243676	1.0696	-0.22782	0.0397707	-0.221075	1.08487	-0.20378
27	3	0.15001	0.2888	0.940264	0.307148	0.1356	0.351528	1.17746	0.298547
27	4	0.0453079	0.435531	0.982947	0.443087	0.0923356	0.427621	0.698212	0.612451
27	5	0.208676	0.413784	0.945071	0.437834	0.252037	0.285763	1.22822	0.232665
27	6	0.154265	0.331607	1.19718	0.276991	0.0753669	0.156705	0.899168	0.174278
27	7	-0.0241409	-0.575866	0.746728	-0.771186	-0.036864	-0.541692	0.652938	-0.829623
27	8	0.0321478	0.101414	1.09323	0.0927649	0.0903388	-0.0826791	0.829697	-0.0996498
27	9	0.156333	0.430883	0.917962	0.469391	-0.0202055	0.0809218	0.640045	0.126432
28	0	0.0208473	0.00252123	1.00393	0.00251137	-0.100398	-0.0112173	1.00393	-0.0111734
28	1	-0.100667	0.0603529	1.02058	0.0591361	0.0353719	0.00750699	1.0099	0.00743338
28	2	0.114556	0.347724	0.923363	0.376584	0.177089	0.30471	0.740781	0.411336
28	3	-0.00913541	0.0371143	0.82737	0.0448582	-0.0725276	-0.114076	0.921001	-0.123861
28	4	0.0828546	0.41273	0.87133	0.473678	0.187294	0.431816	0.651613	0.662688
28	5	0.142369	0.422341	0.947488	0.445748	-0.109076	0.335847	0.908932	0.369497
28	6	0.00952338	0.0875764	0.811926	0.107863	0.0956679	0.0965234	0.532615	0.181226
28	7	0.0529846	0.913416	0.993066	0.919793	0.130091	1.049	1.38856	0.755457
28	8	0.0589736	0.280814	0.890235	0.315438	0.0437551	0.217615	1.05815	0.205657
28	9	0.045603	0.196918	0.902648	0.218156	0.121855	0.25969	1.06521	0.243792
29	0	0.00458524	0.0609024	0.837182	0.0727469	0.0421895	0.133085	0.837182	0.158967
29	1	-0.042191	-0.189786	0.78199	-0.242697	-0.0699614	-0.0129852	0.631754	-0.0205542
29	2	0.11833	0.224491	0.780658	0.287566	0.314182	0.402703	0.539584	0.746322
29	3	0.19126	0.356214	0.828842	0.429773	-0.0939551	0.255617	0.798492	0.320125
29	4	-0.0975642	0.419753	0.960642	0.436951	0.0343306	0.0905304	0.937776	0.0965374
29	5	0.178268	0.204437	0.969706	0.210824	0.0916839	0.428777	1.2668	0.338472
29	6	0.0127261	0.35715	1.23588	0.288983	0.0561508	0.0474804	1.15465	0.041121
29	7	0.221282	0.882781	1.37699	0.641095	0.309494	0.796042	1.48002	0.537861
29	8	0.176187	0.573214	1.10516	0.518669	0.106796	0.40761	1.06552	0.382547
29	9	-0.0232878	-0.0762653	1.10443	-0.0690542	-0.077595	-0.0647121	0.851024	-0.0760403
30	0	0.0506872	0.233847	0.826151	0.283056	0.0823187	0.353212	0.826151	0.427539
30	1	0.0507563	0.286067	0.873538	0.32748	0.0378726	0.0960942	0.657277	0.1462
30	2	0.0439238	0.316539	0.837703	0.377865	0.0552931	0.283574	0.720427	0.39362
30	3	0.104649	0.31305	0.917091	0.341351	0.0584531	0.112716	1.14951	0.0980563
30	4	-0.0429639	0.166998	1.1598	0.143989	0.0321209	-0.117442	0.971066	-0.120941
30	5	0.22099	0.677059	1.28042	0.528778	-0.067245	0.296206	1.07643	0.275174
30	6	0.193198	0.166005	1.11387	0.149036	0.288733	0.537288	0.955394	0.562373
30	7	0.0534676	0.893418	1.20066	0.744105	0.230651	0.904411	1.30051	0.695428
30	8	0.113802	0.252552	0.96326	0.262184	0.182208	0.0743733	1.10372	0.0673845
30	9	0.109616	0.389509	1.19862	0.324966	-0.0290218	-0.226468	1.46432	-0.154658
31	0	0.0546597	0.162735	1.0234	0.159014	0.100004	0.359299	1.0234	0.351085
31	1	0.0450795	0.223084	1.07309	0.207888	0.097477	-0.060628	1.10001	-0.0551159
31	2	0.244646	0.458862	1.1548	0.397352	0.213143	0.609141	0.927657	0.656645
31	3	0.0535224	-0.172767	0.97535	-0.177133	0.0184658	-0.297545	0.806599	-0.368889
31	4	-0.0506592	-0.113959	1.02823	-0.11083	-0.102284	-0.204877	0.97127	-0.210938
31	5	-0.138253	0.0610059	1.27102	0.0479975	-0.269309	-0.234956	1.11712	-0.210324
31	6	0.135017	0.53852	1.30181	0.41367	0.696784	1.27851	1.93869	0.65947
31	7	0.463416	0.500629	0.989544	0.505919	-0.0203501	0.377578	0.28124	1.34255
31	8	-0.0228503	0.0528507	0.953215	0.0554447	0.163061	0.0949924	1.26182	0.0752818
31	9	0.11481	0.550887	0.923601	0.596456	0.0438329	0.364687	0.67529	0.540045
32	0	-0.0328471	0.175759	1.08016	0.162716	0.122905	0.397682	1.08016	0.368171
32	1	0.228891	0.562521	1.05569	0.532849	0.0875593	0.291589	0.84956	0.343223
32	2	0.0100691	0.316451	1.03268	0.306436	0.00546985	0.0599357	0.932031	0.0643066
32	3	0.0423131	0.010742	0.896048	0.0119881	0.0625611	-0.073454	0.743784	-0.0987571
32	4	0.100193	0.497972	1.02752	0.484635	0.0669543	0.410168	1.32209	0.310242
32	5	-0.0216059	0.449437	1.04195	0.431344	-0.180878	0.20967	0.630051	0.332783
32	6	-0.16065	-0.369836	0.680739	-0.543287	0.0405623	0.062882	1.18698	0.0529765
32	7	0.0865199	0.0519784	0.849756	0.0611686	-0.00357036	0.0913389	0.924911	0.0987543
32	8	-0.0721139	0.52697	0.827163	0.63708	-0.0236829	0.247975	0.714844	0.346894
32	9	-0.0121559	0.283452	0.913487	0.310297	0.0901413	0.519593	0.687063	0.756253
33	0	0.131699	0.597876	1.26571	0.472364	0.189586	0.765843	1.26571	0.60507
33	1	0.143093	0.939207	1.23867	0.758238	0.0793378	0.905922	1.32509	0.683666
33	2	0.0775243	1.12213	1.11926	1.00257	0.199394	1.66958	1.08632	1.53691
33	3	0.0732482	0.273137	1.05958	0.257778	-0.103101	-0.0181878	1.31712	-0.0138088
33	4	-0.00322813	0.460775	1.09354	0.421363	-0.0972108	0.976958	1.50004	0.651287
33	5	-0.159378	0.681373	1.15594	0.589455	-0.138165	1.03881	1.22738	0.846363
33	6	-0.103306	0.399475	1.16115	0.344035	-0.0853414	1.11201	1.90155	0.584793
33	7	0.0170712	-0.755898	1.28937	-0.586255	0.262383	-1.16438	1.88252	-0.618521
33	8	0.114367	0.391193	1.04497	0.374356	-0.0254524	0.107908	1.02027	0.105765
33	9	0.0248622	0.110377	0.973325	0.113402	0.130065	0.123617	0.794763	0.15554
34	0	0.0137983	0.0537273	1.04309	0.0515078	0.0749146	0.36746	1.04309	0.352279
34	1	0.150283	0.77719	0.968735	0.802273	0.16864	0.475173	1.10327	0.430696
34	2	0.117205	0.38598	0.991121	0.389438	-0.0325393	0.399866	0.873703	0.457668
34	3	-0.116409	-0.0171251	0.930741	-0.0183994	-0.0741875	-0.332498	1.02939	-0.323004
34	4	0.0712825	0.359244	1.03032	0.348673	0.185389	0.552011	0.997779	0.55324
34	5	0.209518	0.403594	1.10519	0.365181	0.0804316	0.263344	1.00204	0.262808
34	6	-0.124228	-0.303997	0.802662	-0.378736	-0.193531	-0.0492458	0.338116	-0.145648
34	7	-0.199571	0.571566	0.988746	0.578072	0.0337374	0.612884	2.36108	0.259578
34	8	0.30727	1.0551	1.3007	0.811185	0.146193	0.936919	1.30263	0.719254
34	9	0.0237093	0.745254	1.14603	0.650292	0.254856	0.698667	1.19398	0.585158
35	0	0.118668	0.283278	1.14997	0.246336	0.37639	0.517596	1.14997	0.450095
35	1	0.305433	0.35955	1.20043	0.299519	0.0359943	0.412722	1.10572	0.373262
35	2	-0.000555094	0.162272	0.933894	0.173759	0.0147775	-0.0293656	0.722735	-0.0406312
35	3	0.0788138	0.393215	0.717375	0.548131	0.0875339	0.253339	0.805943	0.314338
35	4	0.0315877	0.342798	0.95763	0.357965	0.120547	0.268756	1.11613	0.240793
35	5	0.155133	-0.0156755	1.00923	-0.0155322	-0.0273145	0.00315203	0.561076	0.00561784
35	6	-0.170149	-0.447434	0.600147	-0.74554	-0.278926	-0.4049	0.807487	-0.501432
35	7	-0.183833	0.44562	0.659556	0.675637	0.0183457	0.210336	0.940169	0.223721
35	8	0.0286307	-0.160075	0.932725	-0.17162	0.0955711	-0.0717854	0.93717	-0.076598
35	9	0.12849	0.418108	1.06912	0.391075	0.0238084	0.308673	1.17495	0.262711
36	0	-0.0144402	-0.0880929	0.657033	-0.134077	0.0344623	-0.146695	0.657033	-0.223269
36	1	0.0158465	0.497478	0.85313	0.583121	-0.0293243	0.396518	0.993105	0.399271
36	2	0.0447719	0.550525	1.10014	0.500413	0.211996	0.682884	0.918044	0.743847
36	3	0.123748	0.56309	1.03157	0.545855	-0.0375683	0.288071	1.19707	0.240648
36	4	0.0704379	0.464376	0.963362	0.482037	0.07578	0.740906	1.18011	0.627828
36	5	-0.098547	0.293837	1.17939	0.249144	-0.249905	0.603998	0.789099	0.765428
36	6	-0.28289	0.76408	0.836975	0.912906	-0.0383479	0.366511	0.629771	0.581975
36	7	0.124223	0.090162	1.09791	0.0821216	0.0945225	-0.265531	0.592593	-0.448083
36	8	0.026684	0.088077	1.02797	0.0856803	-0.142606	0.0119127	0.826225	0.0144182
36	9	0.00872196	0.0890225	0.965258	0.0922266	0.252195	0.19105	1.24063	0.153995
37	0	-0.0295846	-0.0755079	1.09298	-0.0690846	0.0179881	0.0330689	1.09298	0.0302558
37	1	0.116922	0.327175	1.03065	0.317446	0.00730217	0.201866	1.03513	0.195015
37	2	-0.0402618	0.401046	0.956723	0.419188	0.0194979	0.0263433	0.98841	0.0266521
37	3	-0.00909507	-0.172188	0.940688	-0.183044	-0.039777	-0.130267	0.859521	-0.151557
37	4	0.02338	0.437793	1.05158	0.416319	0.0849505	0.552339	1.22765	0.449916
37	5	0.00273161	0.223505	1.02378	0.218313	-0.122463	0.0022856	1.18543	0.00192808
37	6	0.00192657	0.030598	1.41232	0.0216651	0.219237	0.863295	1.83108	0.471468
37	7	0.216221	0.686525	0.972478	0.705954	0.141163	0.00313173	0.406485	0.00770443
37	8	0.102965	0.339285	0.917902	0.369631	0.118554	0.381929	1.11917	0.341262
37	9	0.116699	0.385582	1.00959	0.381918	0.0532837	0.374133	0.988178	0.378609
38	0	0.0495329	0.151087	0.698263	0.216375	0.181082	0.362031	0.698263	0.518474
38	1	0.185584	0.334792	0.901335	0.37144	0.0373479	0.125693	1.06517	0.118003
38	2	0.00789073	0.046789	0.976646	0.0479078	0.0769776	0.359423	0.568755	0.631947
38	3	0.0807013	0.468662	0.769039	0.609413	-0.00199051	0.277674	0.718526	0.386449
38	4	-0.0721875	0.205536	0.760006	0.270439	-0.0882393	0.211713	0.591802	0.357743
38	5	-0.0988593	-0.140778	0.962093	-0.146324	-0.111825	-0.57115	1.39697	-0.408849
38	6	-0.143055	0.256237	0.953815	0.268644	-0.0140563	-0.0594473	0.261352	-0.227461
38	7	0.0761214	0.368694	1.18256	0.311776	0.0242192	0.233829	0.277699	0.842024
38	8	0.0427135	0.362613	0.62339	0.58168	-0.0855304	-0.00511192	1.03553	-0.00493654
38	9	-0.120099	-0.244777	0.936088	-0.26149	-0.0093879	-0.0836803	1.39367	-0.0600433
39	0	0.00490573	-0.0694343	1.09817	-0.0632272	0.025463	-0.0300286	1.09817	-0.0273442
39	1	0.0228002	0.0327912	0.944856	0.0347049	0.0550273	0.113094	0.584169	0.193599
39	2	0.0588785	0.251814	0.878077	0.286779	0.0688284	-0.0266021	0.740397	-0.0359295
39	3	0.105689	0.30595	0.86955	0.351849	0.0776052	0.0229031	0.544321	0.0420764
39	4	0.0603415	0.31563	0.812271	0.388577	0.0798289	0.219522	0.49687	0.441809
39	5	0.153064	0.374704	0.674965	0.555146	0.313794	0.812191	0.99689	0.814724
39	6	0.140847	0.348282	0.975304	0.357101	0.130773	0.419869	0.598626	0.701388
39	7	0.130223	-0.210766	0.92269	-0.228425	0.00751633	-0.526854	0.988392	-0.533042
39	8	0.063155	0.528251	0.842493	0.627009	0.0605722	0.354047	0.732717	0.483197
39	9	0.103364	0.713043	1.01599	0.701822	0.0844415	0.718104	0.994631	0.72198
40	0	0.0191225	0.0956166	0.870517	0.109839	-0.040395	0.0757483	0.870517	0.0870152
40	1	-0.0334711	0.096824	1.0074	0.096113	-0.0165976	0.235509	0.848024	0.277715
40	2	-0.00153041	0.260368	0.888651	0.292992	0.230968	0.597816	0.959889	0.622797
40	3	0.224919	0.524011	0.92803	0.564649	0.0780375	0.332654	0.844497	0.393908
40	4	0.0190472	0.336532	0.971652	0.346351	-0.0857258	-0.153189	0.652616	-0.234731
40	5	-0.0248368	0.0924997	1.04321	0.0886682	-0.0701418	0.321119	1.19346	0.269067
40	6	-0.0620406	0.062269	1.06699	0.0583595	0.0676705	-0.151457	0.37048	-0.408812
40	7	-0.0386111	-0.178081	0.649729	-0.274085	-0.0844528	-0.108936	0.742958	-0.146625
40	8	0.0840401	0.705973	0.782696	0.901976	0.211948	0.62486	0.998732	0.625653
40	9	0.225233	0.374317	0.786882	0.475697	0.15112	0.472464	0.889185	0.531345
41	0	-0.0664771	-0.293389	1.03411	-0.283713	0.0324189	-0.288704	1.03411	-0.279182
41	1	0.20117	0.561843	1.13849	0.493497	0.117508	0.749799	1.34616	0.556993
41	2	0.117248	0.236014	1.00917	0.233871	0.189307	-0.115896	1.18412	-0.0978754
41	3	0.300917	0.285319	1.11884	0.255013	0.184091	0.329107	1.76083	0.186905
41	4	0.172761	0.227775	1.15448	0.197296	0.200848	0.289969	1.37861	0.210334
41	5	-0.0559689	0.00334943	1.05526	0.00317403	-0.214684	-0.672606	1.6707	-0.402588
41	6	-0.173474	-0.0137573	1.38122	-0.00996029	-0.130185	0.296274	2.70861	0.109383
41	7	-0.0567919	0.629841	1.36785	0.46046	0.0559363	0.432742	0.840796	0.514682
41	8	0.00925132	0.239983	0.988809	0.242699	0.0453044	0.236641	0.6741	0.351047
41	9	-0.0110161	0.497613	0.665741	0.747457	-0.0190441	-0.0391619	0.604064	-0.0648307
42	0	-0.0509048	-0.120672	1.03321	-0.116793	0.0121056	0.0859209	1.03321	0.0831592
42	1	0.128793	0.532294	1.08208	0.491916	0.134665	-0.0661002	0.97047	-0.0681116
42	2	0.100895	0.419502	1.04227	0.402491	0.0679555	0.627231	1.17084	0.535709
42	3	0.129718	0.487065	0.909778	0.535367	0.161844	0.329563	0.879923	0.374537
42	4	0.112183	0.291789	1.02093	0.285807	-0.00995326	0.333632	0.975682	0.341948
42	5	0.0138732	-0.0263476	0.92847	-0.0283775	0.00263207	0.0487887	0.748276	0.0652014
42	6	0.00509184	0.121518	0.683484	0.177791	0.0804928	0.258529	0.49445	0.522863
42	7	0.114122	0.935233	0.879982	1.06279	0.104154	0.157971	0.348022	0.453912
42	8	-0.0471697	-0.276959	0.969183	-0.285765	-0.133583	-0.234173	1.30596	-0.179311
42	9	-0.0467227	0.316561	1.09239	0.289787	0.0732776	0.158773	0.978659	0.162235
43	0	-0.0524115	-0.181869	0.814841	-0.223196	-0.027594	-0.233018	0.814841	-0.285968
43	1	0.00569514	0.150108	0.851586	0.176269	0.0352574	0.0750847	0.907402	0.0827469
43	2	0.0814868	0.140048	1.04358	0.1342	-0.00902748	0.302735	0.723655	0.418341
43	3	-0.0071648	0.138714	0.777173	0.178485	0.146032	-0.0711597	0.750668	-0.0947952
43	4	0.14078	0.277125	0.979902	0.282809	0.0853313	0.0744704	0.775524	0.096026
43	5	0.0839986	0.270973	1.01356	0.267347	0.196238	-0.254343	0.723525	-0.351534
43	6	0.258646	-0.16592	0.758059	-0.218875	0.219292	0.057055	0.288211	0.197962
43	7	0.182777	0.181995	0.717528	0.253642	0.111618	0.101293	1.00789	0.1005
43	8	0.0804256	-0.172802	1.13476	-0.15228	-0.0268961	-0.0594054	1.14097	-0.0520655
43	9	-0.100064	0.128822	1.00802	0.127797	0.166395	0.362705	0.608202	0.596357
44	0	0.0123038	0.127328	0.868007	0.146691	0.0905239	0.291987	0.868007	0.336388
44	1	0.077506	0.350381	1.08662	0.322449	-0.0376178	0.181289	1.04132	0.174096
44	2	-0.0153181	0.0373651	0.875413	0.0426828	0.00769976	-0.212286	0.992624	-0.213864
44	3	-0.0310883	-0.0607647	1.07643	-0.0564502	0.13359	0.271407	1.03166	0.263078
44	4	0.226109	0.787543	0.960905	0.819585	0.160684	0.341528	1.14183	0.299106
44	5	0.067024	0.0551818	1.15781	0.0476605	0.181628	-0.25455	1.06011	-0.240116
44	6	0.124872	0.241606	1.04509	0.231183	-0.0174877	-0.12178	1.40048	-0.0869559
44	7	0.0633166	0.664341	1.00174	0.663186	0.138695	0.671922	1.11465	0.602812
44	8	0.178282	0.376041	1.05423	0.356699	-0.152611	0.0921475	1.01629	0.0906702
44	9	-0.140282	-0.00758577	0.866963	-0.00874982	-0.118905	-0.193409	1.02108	-0.189416
45	0	0.0895139	0.405924	1.02463	0.396168	0.0736309	0.440734	1.02463	0.430142
45	1	0.122027	1.09302	1.12253	0.973713	0.183105	1.02442	1.37271	0.746276
45	2	0.0485298	0.202658	0.927005	0.218615	0.142115	0.0233333	0.910641	0.0256229
45	3	0.161328	0.767704	0.923097	0.831661	0.00492821	0.540786	0.842134	0.642162
45	4	-0.0360661	-0.0425651	0.766757	-0.0555131	0.0967466	0.160034	0.481962	0.332047
45	5	0.080619	0.167008	0.764637	0.218414	-0.152787	-0.2386	0.891059	-0.267772
45	6	-0.142042	-0.286767	1.11319	-0.257609	-0.0437728	0.00354772	1.31126	0.00270558
45	7	-0.0990565	-0.278162	1.21378	-0.22917	-0.072742	-0.0991388	1.40712	-0.0704553
45	8	0.0532927	0.059699	1.14612	0.0520879	0.0434117	0.315902	0.628845	0.502353
45	9	0.0206175	0.258164	0.89656	0.287949	0.00290427	0.111501	0.691768	0.161182
46	0	0.0227104	0.116342	0.711089	0.163611	-0.0273034	0.316266	0.711089	0.444762
46	1	0.011922	0.429284	0.924246	0.46447	0.0321042	0.172662	0.970261	0.177954
46	2	0.0897286	0.160254	1.20558	0.132927	0.0287942	0.404121	1.28085	0.31551
46	3	-0.0782	0.0401941	0.922794	0.0435569	-0.0176465	-0.0268405	0.694246	-0.0386613
46	4	0.0422299	0.128548	0.986274	0.130337	0.309938	0.585639	1.02308	0.572427
46	5	0.31518	0.45927	0.994738	0.461699	-0.0988289	0.366451	0.795485	0.460664
46	6	0.202887	0.900751	0.825299	1.09142	0.256563	0.767261	1.54855	0.49547
46	7	-0.185342	-0.250864	1.11925	-0.224135	-0.118635	-0.0850897	0.75765	-0.112307
46	8	0.0567843	0.645219	1.2557	0.513831	0.034091	0.323162	1.60266	0.201641
46	9	-0.0399101	0.206058	0.959051	0.214857	0.173923	0.480319	1.03227	0.465304
47	0	0.084693	0.208791	0.974876	0.214172	0.164026	0.407973	0.974876	0.418488
47	1	0.0654798	0.156291	1.0373	0.150671	0.040264	0.0687453	1.11214	0.0618137
47	2	0.0586783	0.0428025	1.07839	0.0396913	0.0484644	-0.13487	0.831208	-0.162258
47	3	0.083079	0.510621	0.871955	0.585605	0.120765	0.367225	0.921867	0.398349
47	4	0.118644	0.394033	0.942332	0.418147	0.0674194	0.245651	0.609627	0.402953
47	5	0.0600375	0.062346	0.743981	0.0838005	-0.245219	-0.107663	0.679395	-0.158469
47	6	-0.211952	0.516727	0.847052	0.61003	0.128639	0.258908	0.954036	0.271381
47	7	0.0128406	-0.234792	0.956411	-0.245493	0.0309446	-0.27619	0.588379	-0.469408
47	8	-0.00387192	-0.155942	0.763936	-0.204129	0.0577437	-0.155323	0.547577	-0.283655
47	9	0.232172	0.65217	0.836937	0.779235	-0.0155175	0.293018	0.833902	0.351382
48	0	-0.0175518	0.0876651	1.14614	0.0764874	0.0722583	0.411026	1.14614	0.358618
48	1	0.123343	0.230663	1.06391	0.216807	0.0659054	0.185963	1.33247	0.139563
48	2	0.0579199	0.504538	1.23535	0.408418	0.0658832	0.431636	1.00512	0.429437
48	3	0.0908706	0.0803511	0.85692	0.0937673	0.0115912	0.188295	1.03681	0.18161
48	4	-0.132194	-0.144097	0.973292	-0.148051	-0.134411	-0.16636	1.01464	-0.163959
48	5	-0.042014	-0.132973	0.933579	-0.142433	0.102711	0.0841182	0.879901	0.0955996
48	6	0.162926	0.52134	1.03312	0.504625	0.170457	0.53565	1.25332	0.427383
48	7	0.267169	0.762429	0.949016	0.803389	0.327677	0.736417	1.7035	0.432296
48	8	0.198816	0.0423213	1.18	0.0358656	0.115326	0.27495	1.59619	0.172253
48	9	0.155146	0.319822	1.22174	0.261776	-0.00845447	-0.109191	1.19049	-0.0917194
49	0	0.0542293	0.289732	0.899556	0.322083	0.152679	0.427011	0.899556	0.474692
49	1	0.0638588	0.100842	0.97416	0.103517	0.0153374	-0.291501	0.624596	-0.466704
49	2	-0.0257873	0.225468	0.95912	0.235078	0.00369494	0.172794	0.814226	0.212219
49	3	0.123675	0.0238377	0.903678	0.0263785	0.0185926	0.182392	0.79179	0.230355
49	4	0.0010607	0.246307	0.855876	0.287783	0.114378	0.302434	0.792274	0.38173
49	5	0.0584602	0.242388	0.787956	0.307616	0.00480806	0.0569796	0.900327	0.0632876
49	6	0.0429597	0.474803	0.932271	0.509298	0.0124379	0.584402	0.904136	0.646365
49	7	-0.149342	-0.505121	1.02872	-0.491021	-0.167515	-0.00806385	0.701397	-0.0114968
49	8	0.0280755	0.548775	1.09523	0.50106	0.0425304	0.391479	1.15613	0.338612
49	9	0.0276205	0.270838	0.956188	0.283247	0.143857	0.426352	0.765747	0.556779
50	0	0.0825574	0.383019	0.628791	0.609135	0.118752	0.404173	0.628791	0.642778
50	1	0.134125	0.51288	0.730937	0.701675	0.128881	0.647166	0.900536	0.718646
50	2	0.0889414	0.347535	1.0166	0.341859	0.0912506	0.239664	0.898325	0.26679
50	3	0.0189958	-0.116807	1.00016	-0.116788	-0.0307325	-0.0049972	0.984512	-0.00507582
50	4	0.00660768	0.263661	0.938289	0.281002	-0.0774726	0.0288785	0.723422	0.0399194
50	5	-0.0901298	0.131731	0.812239	0.162183	-0.198747	-0.0390619	0.890675	-0.0438565
50	6	-0.301646	-0.14487	0.800445	-0.180987	-0.0731865	-0.00103697	0.287643	-0.00360507
50	7	0.102964	0.167761	0.674033	0.248892	0.139072	0.0352708	0.430858	0.0818617
50	8	0.19566	0.747646	1.1766	0.635427	0.115024	0.455978	1.01541	0.449059
50	9	-0.0206275	0.544963	1.02883	0.52969	0.0250912	0.22767	1.10666	0.205727
51	0	0.0149449	0.574295	1.10458	0.519921	0.0957893	0.94656	1.10458	0.856939
51	1	0.0926144	0.476216	0.993464	0.479349	0.0389573	0.280093	0.764713	0.366273
51	2	0.0991074	0.423172	1.14436	0.369787	0.0750004	0.439083	1.32417	0.331591
51	3	-0.0689876	-0.302575	1.13462	-0.266675	-0.0124849	-0.287122	1.28816	-0.222893
51	4	0.0919822	0.354546	1.11914	0.316803	0.136896	0.174623	1.05462	0.165579
51	5	0.0391864	0.461327	0.979026	0.47121	-0.12485	0.348069	0.53435	0.651388
51	6	-0.0230006	0.0287976	0.922906	0.0312032	0.0896732	0.367333	1.07979	0.34019
51	7	0.218742	0.892496	0.867313	1.02904	0.338182	0.616615	1.00557	0.613201
51	8	0.244089	0.457013	0.832806	0.548763	0.0746588	0.22119	0.561684	0.393798
51	9	-0.0186531	0.0650901	0.794157	0.0819612	0.0725076	0.0151343	0.630467	0.0240049
52	0	0.00897321	0.20046	0.934596	0.214488	0.0125606	0.149829	0.934596	0.160315
52	1	0.00776082	-0.0971784	0.987456	-0.0984129	-0.019364	-0.103659	1.00512	-0.103131
52	2	-0.0278626	0.205294	0.938859	0.218663	0.00885577	0.216244	1.11574	0.193813
52	3	0.0363953	-0.0648835	0.864872	-0.0750209	0.0591663	-0.0465971	0.544674	-0.0855504
52	4	0.0114108	0.182895	0.845036	0.216434	0.0620579	-0.0801017	1.09498	-0.0731536
52	5	0.142078	0.626541	1.11938	0.55972	0.205031	0.341419	1.02419	0.333354
52	6	0.155334	0.157684	1.03454	0.152419	0.0520629	0.202577	1.04075	0.194644
52	7	-0.00797366	0.0992871	0.99877	0.0994094	-0.00383379	-0.0310735	0.401317	-0.0774289
52	8	0.099564	0.64928	1.20422	0.539169	0.104498	0.0637095	1.41115	0.0451472
52	9	0.127801	0.396507	1.06053	0.373876	0.213966	0.0501791	0.988758	0.0507497
53	0	0.0194756	0.148094	1.08867	0.136032	0.144017	0.302063	1.08867	0.277461
53	1	0.119154	0.28824	1.10898	0.259913	0.00689784	-0.13832	1.54611	-0.0894635
53	2	0.0115276	0.0986249	1.16076	0.0849655	-0.0411066	0.047193	1.08484	0.0435022
53	3	0.0101474	0.498996	0.950775	0.52483	-0.0071892	0.472784	0.942904	0.501413
53	4	0.123697	0.569664	1.04888	0.543116	0.265798	0.931793	1.19631	0.778892
53	5	0.0817419	0.212982	1.15035	0.185145	-0.0222839	-0.0250592	0.846281	-0.0296109
53	6	0.0291783	0.30024	0.966081	0.310782	-0.00273913	0.253184	1.08524	0.233297
53	7	-0.00389857	-0.102594	0.96992	-0.105775	0.0708563	0.371536	1.24021	0.299576
53	8	0.0893866	0.505883	0.845805	0.598109	0.0150684	0.421588	0.86174	0.489229
53	9	-0.111903	0.0349639	1.23694	0.0282665	-0.0903351	0.034757	1.27504	0.0272596
54	0	-0.00864914	-0.0288997	0.95671	-0.0302074	0.0532965	-0.133987	0.95671	-0.140049
54	1	0.0352866	0.0899383	0.986509	0.0911683	0.0635625	0.160036	0.744706	0.214898
54	2	0.0993383	-0.250186	1.10348	-0.226725	0.0566709	-0.0800396	0.787365	-0.101655
54	3	0.0367668	0.394545	0.948842	0.415818	0.00839691	0.500505	0.764548	0.654641
54	4	0.0598947	0.345332	0.933563	0.369908	0.0446769	0.144589	0.945002	0.153004
54	5	0.0325711	0.519421	1.09591	0.473962	0.0746183	0.141443	1.73953	0.081311
54	6	-0.0212832	0.0142077	1.1326	0.0125443	0.0381349	0.411307	0.443394	0.927633
54	7	0.112095	0.403362	0.660368	0.610813	-0.0155858	0.315858	0.418138	0.755392
54	8	-0.0471213	0.293288	0.833981	0.351672	-0.166946	0.116075	0.732618	0.158439
54	9	-0.207383	0.154732	1.03832	0.149021	0.0447161	0.256486	1.29243	0.198452
55	0	0.0622255	0.20355	0.787937	0.258333	0.103823	0.079592	0.787937	0.101013
55	1	0.00401127	0.0580768	0.881844	0.0658584	0.0173385	0.0101172	0.552759	0.0183032
55	2	0.119314	0.351582	0.804319	0.437117	0.18012	0.622668	0.811005	0.767773
55	3	0.250321	0.634386	0.941683	0.673673	0.197858	0.774982	0.871054	0.889706
55	4	0.193291	0.60493	1.00733	0.600529	0.109205	0.599849	1.18196	0.507502
55	5	0.0697473	0.320337	1.06886	0.299699	0.154144	0.487821	1.13152	0.43112
55	6	0.19461	-0.063965	0.940358	-0.0680219	-0.157414	0.198226	0.677675	0.292508
55	7	-0.329516	-0.247667	1.38689	-0.178578	-0.0695918	-0.227787	1.57138	-0.144959
55	8	0.133092	0.540029	0.995662	0.542382	0.314825	0.453563	0.615983	0.736324
55	9	0.181478	0.547077	0.781512	0.700023	0.119535	0.0462901	0.469105	0.0986775
56	0	0.116568	0.420624	1.0104	0.416296	0.308369	0.726001	1.0104	0.718531
56	1	0.339593	0.749504	1.13139	0.66246	0.158906	0.71461	1.4387	0.496707
56	2	0.00785678	-0.286733	1.17429	-0.244176	-0.0565165	-0.258168	0.999534	-0.258288
56	3	-0.0592261	-0.0450512	1.02134	-0.04411	-0.0973948	-0.27115	0.841079	-0.322384
56	4	-0.0775275	-0.528435	1.07517	-0.491491	0.0664175	-0.244152	0.923773	-0.264299
56	5	0.0645466	0.173762	0.8797	0.197524	-0.0536958	-0.146198	0.763564	-0.191468
56	6	-0.116656	-0.175693	0.86552	-0.202991	-0.144899	-0.0260412	1.33644	-0.0194855
56	7	-0.1231	-0.12892	1.24527	-0.103528	-0.113759	0.175903	0.98173	0.179176
56	8	-0.0821295	0.478566	0.943475	0.507238	0.0116884	-0.0937855	0.856122	-0.109547
56	9	0.113641	0.282621	0.825324	0.342436	0.155414	0.201268	0.951802	0.21146
57	0	0.0167023	0.0871936	0.907449	0.0960865	-0.0997916	-0.0189134	0.907449	-0.0208424
57	1	-0.172346	-0.230303	0.79806	-0.288579	-0.00902448	-0.202488	0.849706	-0.238303
57	2	0.0624055	0.315486	0.81941	0.385016	0.0683553	0.387546	0.844562	0.458873
57	3	0.0270813	0.171952	0.986368	0.174328	-0.0807263	-0.0999281	0.862528	-0.115855
57	4	-0.059695	-0.0735316	0.909448	-0.080853	-0.0729716	-0.0491394	0.720891	-0.0681648
57	5	-0.0702787	0.304664	0.908317	0.335416	0.187763	0.201647	0.612869	0.329021
57	6	0.276559	0.616924	0.697156	0.884914	0.0782513	0.374636	0.787154	0.475937
57	7	-0.0574012	0.134896	0.79358	0.169984	0.0253467	0.211603	0.544997	0.388264
57	8	0.0804997	0.137817	0.606823	0.227112	-0.0392414	0.21463	0.674445	0.318233
57	9	-0.0229864	0.183515	0.739104	0.248295	0.0356936	0.139015	0.724241	0.191946
58	0	0.0391644	0.371166	0.733815	0.505803	0.0323941	0.260856	0.733815	0.35548
58	1	0.211818	0.765639	0.906992	0.844152	0.315481	0.974551	1.2666	0.769425
58	2	0.0685639	0.0798552	1.34781	0.0592479	-0.122279	-0.448673	0.949835	-0.472369
58	3	-0.0534283	0.0361924	1.07042	0.0338113	0.016009	0.525104	1.43171	0.366767
58	4	-0.0454253	0.346383	0.977544	0.35434	-0.0547482	-0.0862077	1.06638	-0.0808415
58	5	0.0598951	0.0985659	1.03586	0.0951537	0.018325	0.0368572	1.39863	0.0263524
58	6	0.155996	0.779043	1.46767	0.530802	0.29156	0.941262	1.32988	0.707778
58	7	0.0583157	0.0959261	1.44539	0.066367	-0.0809815	0.0995876	0.916331	0.108681
58	8	-0.0157609	0.412383	0.748226	0.551148	0.0331697	0.133484	0.744745	0.179234
58	9	-0.0177405	0.501567	0.772286	0.649458	0.0363454	0.291021	0.595291	0.488873
59	0	0.0561659	0.153561	1.0639	0.144338	0.0822081	0.141982	1.0639	0.133455
59	1	0.172442	0.605766	1.11023	0.545621	0.1569	0.854677	1.04206	0.820176
59	2	-0.0337355	0.0814413	1.0736	0.0758579	-0.0020297	-0.0346489	1.26506	-0.0273892
59	3	0.0612163	0.1739	1.15253	0.150886	0.00281016	0.0541944	1.06915	0.0506894
59	4	0.0843566	0.599556	1.01524	0.590556	0.268222	0.680356	1.20244	0.565814
59	5	0.264538	0.617187	1.08601	0.568309	0.183159	0.632234	1.46831	0.430587
59	6	0.234887	0.688547	1.30474	0.527728	0.190067	0.365479	2.55139	0.143247
59	7	0.105977	0.397313	1.14473	0.347079	0.122463	0.548718	1.48164	0.370345
59	8	-0.012229	0.0779848	1.48076	0.0526654	-0.0823954	0.374065	1.28467	0.291177
59	9	-0.0527311	0.217045	1.02807	0.211118	-0.0261714	0.0118735	1.40573	0.00844648
60	0	0.0189572	0.182382	1.02406	0.178097	-0.0417465	0.242854	1.02406	0.237148
60	1	-0.0653455	0.394007	0.957633	0.411438	0.0591089	0.0597387	1.0885	0.0548815
60	2	0.120855	0.0989112	0.982173	0.100707	0.130338	0.064157	1.17261	0.0547128
60	3	0.0895061	0.287709	1.07507	0.267618	-0.0244223	0.226617	0.944508	0.239931
60	4	0.0428552	0.761729	0.984389	0.773808	0.162806	0.663146	1.36552	0.485637
60	5	0.109981	0.348288	1.27161	0.273895	-0.167889	-0.226877	1.12542	-0.201594
60	6	-0.0335425	0.1939	1.26328	0.153489	0.308902	0.908719	1.21969	0.745043
60	7	0.12645	0.00720467	1.12066	0.00642894	-0.0426426	-0.324993	0.567798	-0.572374
60	8	0.00280293	0.781721	1.11564	0.700691	0.0866299	0.58876	1.30545	0.451002
60	9	0.0294278	0.185298	1.02464	0.180842	0.0129627	0.219361	0.975094	0.224964
61	0	0.0183813	0.147496	0.833172	0.17703	0.0160686	0.153119	0.833172	0.183779
61	1	0.0469008	0.560452	1.05404	0.53172	0.11687	0.364322	0.677067	0.538089
61	2	0.0293962	0.306823	0.835316	0.367314	-0.124724	0.300735	0.981621	0.306366
61	3	-0.0670778	-0.0139493	0.854413	-0.0163261	0.00250891	0.102864	0.751288	0.136917
61	4	0.0442445	0.524685	0.837404	0.626561	0.0924554	0.5227	0.829584	0.630075
61	5	0.0717734	0.218189	0.739667	0.294983	0.0964424	0.119996	0.527497	0.227481
61	6	0.0674088	0.218936	0.753802	0.290443	-0.0094474	0.45758	0.596993	0.766473
61	7	0.0917945	0.297136	0.608137	0.4886	0.0806406	0.18323	0.999456	0.18333
61	8	0.0341096	0.345808	0.990106	0.349264	0.0101894	0.140092	0.9132	0.153407
61	9	0.00761875	0.448153	1.22421	0.366074	0.05393	0.268621	1.22023	0.220141
62	0	0.0334724	0.306483	0.763303	0.401523	0.0687245	0.419123	0.763303	0.549092
62	1	0.0395924	0.349707	1.01034	0.346127	0.115608	0.0613754	0.970853	0.063218
62	2	0.136064	0.556365	0.941879	0.590696	-0.0892749	0.263699	0.800965	0.329226
62	3	-0.0430782	0.287976	0.888302	0.324187	0.0890566	0.589172	1.33977	0.439757
62	4	0.0477127	0.225166	0.978957	0.230006	0.0789857	-0.234315	0.840844	-0.278667
62	5	0.143987	0.42868	1.06901	0.401007	0.154753	0.014434	1.08895	0.013255
62	6	-0.000690555	-0.441797	0.940464	-0.469765	0.0249266	-0.28975	0.851022	-0.340473
62	7	0.139358	0.555192	0.980564	0.566197	0.166569	0.592834	0.809277	0.732548
62	8	0.116566	0.331207	0.849604	0.389836	0.0775646	-0.0446891	0.729427	-0.061266
62	9	0.0881986	0.327564	0.846364	0.387026	0.198618	0.438964	0.637653	0.688407
63	0	0.160514	0.549027	1.00244	0.547688	0.109458	0.605921	1.00244	0.604444
63	1	0.242715	0.795382	1.0699	0.743417	0.481937	0.971218	1.31643	0.737768
63	2	0.195765	0.287295	1.07338	0.267654	-0.0901529	0.0318804	0.771764	0.0413085
63	3	-0.0515182	0.0803624	0.89809	0.0894815	0.0076581	0.076653	0.534297	0.143465
63	4	-0.0822859	0.131412	0.922071	0.142518	-0.0200176	0.0715595	0.928027	0.0771094
63	5	-0.0245635	0.0442266	0.901991	0.0490321	-0.162678	0.0864656	1.0593	0.081625
63	6	0.0599352	0.334222	0.775954	0.430724	0.0375593	0.275524	0.758987	0.363015
63	7	0.0186726	0.61697	0.707696	0.871802	0.225788	0.480973	0.88413	0.544007
63	8	0.121021	0.257272	0.860324	0.299041	-0.120634	0.211055	0.51359	0.41094
63	9	-0.136087	0.123058	1.01269	0.121517	0.0573302	0.0151962	1.10601	0.0137397
64	0	0.00881138	-0.0780102	0.864928	-0.0901928	0.00311607	-0.0390873	0.864928	-0.0451914
64	1	-0.042338	-0.190949	0.884859	-0.215796	0.0398302	-0.270142	0.970442	-0.27837
64	2	0.157901	0.872824	1.08358	0.805499	0.0915915	0.574025	1.08877	0.527222
64	3	0.0552499	0.422538	1.10349	0.382911	0.0503573	0.571071	1.03367	0.552468
64	4	-0.0322756	0.345177	0.983755	0.350877	-0.020063	0.465156	1.16792	0.398277
64	5	0.0693306	0.595777	1.04935	0.567756	0.256018	0.197298	1.00448	0.196417
64	6	0.302431	0.956376	1.21688	0.785926	0.172842	0.427816	2.19759	0.194675
64	7	0.24875	0.772931	1.21988	0.633613	0.137344	0.625158	1.15764	0.540029
64	8	-0.100198	0.172982	0.96013	0.180165	-0.0595672	0.0432241	0.40056	0.107909
64	9	0.0580588	0.549324	1.06805	0.514323	0.127534	0.566162	1.19157	0.475141
65	0	0.0149836	0.0438531	0.736048	0.0595791	0.104143	-0.047065	0.736048	-0.0639428
65	1	0.184824	0.573624	0.979914	0.585382	0.208206	0.712688	1.01533	0.701925
65	2	0.123786	0.516705	1.04133	0.4962	0.03757	0.345827	0.977053	0.353949
65	3	0.0572819	0.111675	1.02559	0.108888	-0.0170838	-0.170895	0.894812	-0.190984
65	4	-0.047826	0.0901327	1.04545	0.0862139	0.0840477	0.0610894	0.92559	0.0660005
65	5	-0.0238354	0.0577713	0.799489	0.0722603	-0.102632	-0.365789	0.930287	-0.3932
65	6	0.019092	0.585392	1.24707	0.469413	0.136967	0.243378	1.43654	0.169419
65	7	0.294529	0.846939	1.05362	0.803834	0.111889	-0.102435	0.846436	-0.121019
65	8	-0.0477941	-0.167369	1.1758	-0.142345	0.028184	0.213952	1.60041	0.133686
65	9	0.0205279	0.11065	1.12294	0.0985358	-0.0349611	-0.0412678	0.789948	-0.0522412
66	0	-0.011045	0.0801652	1.69719	0.0472339	0.141174	0.217858	1.69719	0.128364
66	1	0.233675	0.371734	1.19	0.312382	0.182302	0.387702	1.22578	0.31629
66	2	0.0924957	0.101144	0.957712	0.10561	0.0296139	0.00694375	0.968887	0.00716672
66	3	0.0896001	0.398939	0.971965	0.410446	0.129922	0.218167	0.751234	0.290412
66	4	0.101996	0.0280275	0.982539	0.0285256	0.0882074	0.151365	0.682755	0.221697
66	5	0.100956	0.230457	0.801072	0.287685	-0.0190622	0.0272932	0.556734	0.0490237
66	6	-0.0390981	0.177133	0.652612	0.271422	0.0479917	0.195145	0.738143	0.264373
66	7	0.202431	0.962155	0.825095	1.16611	0.357773	0.48958	0.590885	0.828555
66	8	0.181402	0.988209	1.02389	0.96515	-0.00785781	0.595935	1.07107	0.556394
66	9	-0.0338841	0.476486	1.024	0.465316	-0.0511029	0.338581	1.01138	0.334773
67	0	0.0219364	0.03768	1.2621	0.029855	0.143483	0.229767	1.2621	0.182051
67	1	0.1749	0.341284	1.16643	0.292588	0.174097	0.0918184	1.27851	0.0718168
67	2	0.204414	0.434404	1.07258	0.405009	0.0801531	0.538458	1.19718	0.449772
67	3	0.029447	0.396358	1.06128	0.373472	0.0728801	0.159216	0.663173	0.240082
67	4	0.113954	0.306049	0.858403	0.356533	0.029101	0.426602	1.28432	0.332161
67	5	0.0573141	0.489248	1.33707	0.365911	-0.239137	0.279314	1.55005	0.180196
67	6	-0.371695	-0.321029	1.15274	-0.278492	-0.10744	-0.177742	1.03555	-0.17164
67	7	0.00815247	0.940341	0.814806	1.15407	0.035613	1.19465	1.40727	0.848909
67	8	0.0275556	0.522872	1.10557	0.472942	0.227466	0.491869	1.04599	0.470241
67	9	0.189493	0.226793	0.973941	0.232861	-0.0548272	-0.207734	1.61278	-0.128805
68	0	0.01469	0.0876099	1.20352	0.072795	0.0743993	0.0750781	1.20352	0.0623823
68	1	-0.0117518	-0.0610765	0.982155	-0.0621862	-0.0325871	-0.339945	0.933764	-0.364058
68	2	0.199477	0.795216	1.11151	0.715437	0.187812	0.861168	1.21001	0.711702
68	3	0.0940972	0.181518	1.06044	0.171172	0.198738	0.224327	1.02269	0.219349
68	4	0.223293	0.379383	0.823026	0.460961	-0.0745788	0.164118	1.05148	0.156082
68	5	-0.131856	-0.142602	1.00219	-0.14229	0.0398904	-0.0525187	1.19347	-0.044005
68	6	0.0751113	0.465042	0.876251	0.530718	-0.00419199	0.202452	1.08722	0.186211
68	7	0.000595587	-0.056778	0.733601	-0.0773964	0.080227	0.199958	1.42545	0.140277
68	8	0.0702008	0.852482	0.824082	1.03446	0.0618366	0.338349	0.976719	0.346414
68	9	0.0554717	0.0617684	0.796686	0.0775317	0.0568462	0.0346454	0.671353	0.0516054
69	0	0.0574347	0.12986	1.07711	0.120564	0.0817434	0.374865	1.07711	0.34803
69	1	0.0546451	0.5259	0.988109	0.532229	0.00385501	0.298698	1.19209	0.250565
69	2	-0.010411	0.228113	1.04392	0.218515	-0.0166809	0.0770605	0.88665	0.086912
69	3	0.034408	0.421049	0.818373	0.514494	0.142646	0.29131	0.562731	0.517672
69	4	0.171927	0.657329	0.867916	0.757365	0.057582	0.229292	0.641913	0.357202
69	5	-0.0273298	-0.227285	0.835285	-0.272105	-0.0294428	-0.124844	0.774996	-0.16109
69	6	-0.0586516	0.0499683	0.863351	0.0578771	0.00146237	0.063576	0.785025	0.0809859
69	7	0.0961112	0.274055	0.661719	0.414156	0.101442	-0.00598745	0.373634	-0.0160249
69	8	0.0845698	0.165593	0.667422	0.248109	0.000162026	-0.0185885	0.921641	-0.0201689
69	9	-0.0211172	-0.0443775	0.892875	-0.0497018	0.0577734	0.33902	1.17036	0.289672
70	0	0.111326	0.29143	1.29316	0.225363	0.169404	0.401648	1.29316	0.310595
70	1	0.179023	0.538858	1.16484	0.462603	0.176872	0.497071	1.69055	0.294029
70	2	0.0583214	0.631114	1.39488	0.45245	0.132856	0.609319	1.4941	0.407817
70	3	0.181472	0.425768	1.15624	0.368235	-0.0198047	0.127253	1.10564	0.115094
70	4	-0.0481391	-0.275762	1.16127	-0.237467	-0.00960882	0.113567	1.00629	0.112857
70	5	-0.00675466	0.0343199	0.76493	0.0448668	-0.225475	-0.458694	1.27173	-0.360685
70	6	-0.13959	-0.402271	1.09169	-0.368484	-0.0349777	-0.752636	1.89965	-0.396198
70	7	-0.145386	0.102405	1.2541	0.0816559	0.0127293	0.219086	2.68465	0.081607
70	8	-0.0529295	-0.240904	1.1981	-0.201072	0.0726716	-0.41423	1.31545	-0.314896
70	9	0.174879	0.122302	1.06713	0.114607	-0.00940105	-0.0105977	0.756213	-0.0140141
71	0	0.0515535	0.18647	0.804348	0.231828	0.0387746	0.263593	0.804348	0.32771
71	1	-0.0202429	0.158283	0.940473	0.168301	-0.0141347	0.0422326	0.882074	0.0478788
71	2	0.189287	0.742847	1.01865	0.729246	0.260761	1.02149	1.10235	0.926646
71	3	0.187201	0.610089	0.978147	0.623719	0.137445	0.705364	1.08901	0.647712
71	4	0.128136	0.362081	0.993325	0.364514	0.0749102	0.173713	1.03978	0.167067
71	5	-0.0941603	0.379903	1.17666	0.322867	-0.0852	0.163819	0.983192	0.16662
71	6	-0.179248	-0.169165	1.1494	-0.147176	-0.242961	0.0778301	0.382414	0.203523
71	7	-0.179997	0.174376	0.811138	0.214977	-0.00529386	0.0292156	0.953376	0.0306444
71	8	0.0471379	0.122812	1.09908	0.111741	-0.0283937	-0.114581	1.27826	-0.0896383
71	9	-0.00347894	-0.223793	1.01717	-0.220016	-0.0061316	0.184439	0.890398	0.207143
72	0	0.042861	0.199623	1.21553	0.164228	-0.0210439	-0.060333	1.21553	-0.0496353
72	1	0.0520847	0.226854	0.982991	0.23078	0.141141	0.493269	0.998834	0.493845
72	2	0.131431	0.747302	0.929455	0.804022	0.132994	0.576389	0.89779	0.642009
72	3	0.0361775	0.00458235	1.03519	0.00442659	0.0652028	-0.0276995	1.45099	-0.01909
72	4	0.126385	0.307985	0.959746	0.320903	0.0171009	0.0817925	1.12346	0.072804
72	5	0.0316004	0.126623	1.15871	0.109279	0.223485	0.0688953	1.04474	0.0659451
72	6	0.271062	0.168519	1.04688	0.160973	0.304475	0.430886	1.34275	0.320898
72	7	0.0138367	-0.423625	0.874174	-0.4846	-0.0752335	-0.19999	1.09708	-0.182293
72	8	0.112627	0.433	0.934746	0.463227	0.111013	0.439859	0.867286	0.507167
72	9	0.0505066	0.392192	1.06194	0.369317	0.0967294	0.3223	1.14785	0.280784
73	0	0.0978612	0.346971	0.964715	0.359662	0.10274	0.344791	0.964715	0.357402
73	1	0.071723	0.197924	0.944282	0.209602	0.0923409	0.0940737	0.765659	0.122866
73	2	0.0647126	0.0659548	0.923276	0.0714356	0.0494535	-0.175363	0.794983	-0.220587
73	3	0.0934871	0.333127	0.985632	0.337983	-0.0900284	0.11214	0.81556	0.137501
73	4	0.00701929	0.596465	0.866549	0.688321	0.241622	0.885831	0.898241	0.986184
73	5	0.105767	0.328253	1.03014	0.318648	-0.0712346	-0.262286	0.834389	-0.314345
73	6	-0.158536	-0.628595	0.890315	-0.706036	0.0288799	0.323569	1.10261	0.293456
73	7	0.111932	0.507182	1.03239	0.491272	0.0598784	0.308496	1.71758	0.179611
73	8	0.110386	0.360664	1.20136	0.300212	0.0443594	0.326882	0.59483	0.549539
73	9	-0.0656197	0.186815	1.02376	0.182481	0.15952	0.116879	0.651633	0.179363
74	0	0.0099249	0.0803643	1.47265	0.0545714	-0.0428416	-0.00508319	1.47265	-0.00345174
74	1	0.150213	0.585296	1.09253	0.535727	0.126748	0.629637	1.14299	0.55087
74	2	-0.216245	-0.404585	1.15526	-0.350211	-0.213921	-0.263863	1.02578	-0.257232
74	3	-0.0105945	-0.260963	0.944788	-0.276213	0.0492668	0.299606	1.0614	0.282273
74	4	0.0258075	0.595604	1.07511	0.553992	0.0257987	0.563736	1.23972	0.45473
74	5	0.0277283	-0.126101	1.10871	-0.113736	0.0197709	-0.0606691	1.04853	-0.0578609
74	6	-0.055318	0.468887	1.00668	0.465778	0.0637537	-0.0868736	0.907342	-0.0957452
74	7	0.144801	0.26829	0.966597	0.277561	0.0292422	0.699168	0.729047	0.959017
74	8	0.0221755	0.674467	1.11064	0.60728	0.116334	0.440685	1.13609	0.387895
74	9	0.0601016	0.381458	1.03838	0.367358	-0.0144788	-0.0512278	0.746607	-0.0686141
75	0	0.0748083	0.240477	1.05006	0.229011	0.092919	0.217137	1.05006	0.206784
75	1	0.16778	0.50269	1.12061	0.448584	0.178094	0.475005	0.991921	0.478874
75	2	0.105054	0.375726	1.06254	0.353612	0.0403726	0.294333	0.995874	0.295552
75	3	-0.0840661	0.221578	0.972915	0.227747	0.00527563	0.0285845	1.03831	0.0275297
75	4	0.129575	0.635681	1.00517	0.632414	0.0461473	0.594524	1.12332	0.529256
75	5	0.00969018	0.145503	0.836573	0.173928	0.0612703	-0.121688	0.638925	-0.190457
75	6	-0.0806573	-0.275494	1.11706	-0.246624	0.260954	-0.209198	1.38172	-0.151404
75	7	0.318732	0.886549	1.03557	0.856095	-0.0315349	0.0639325	0.180639	0.353925
75	8	0.0560702	0.18918	0.963849	0.196276	0.0558415	0.330333	1.19611	0.276173
75	9	0.077111	-0.114757	1.06383	-0.107871	0.123187	-0.218814	0.887155	-0.246647
76	0	0.00908492	0.189785	0.986432	0.192395	0.0986019	0.302002	0.986432	0.306156
76	1	0.0761411	0.236491	1.00912	0.234353	0.0358989	-0.193815	1.10467	-0.175451
76	2	0.0661299	-0.17685	1.06701	-0.165744	0.0378276	0.2009	1.07165	0.187467
76	3	0.0282274	0.209539	0.970382	0.215935	0.0579376	0.0843359	1.11113	0.075901
76	4	0.0217067	0.488667	1.00353	0.486949	0.0574907	-0.00821499	0.768968	-0.0106831
76	5	0.0986788	0.377387	1.0215	0.369446	-0.0678181	-0.443096	1.37727	-0.32172
76	6	0.0152071	-0.219111	1.64202	-0.13344	-0.0389181	-0.0603482	2.4174	-0.0249641
76	7	-0.0357797	0.265377	1.46018	0.181743	0.0983974	0.654396	2.49324	0.262468
76	8	-0.0600521	0.0231289	1.20902	0.0191303	-0.0710602	0.0276885	0.70115	0.0394901
76	9	0.0499015	0.0164667	0.943639	0.0174502	-0.0156232	0.175503	0.701229	0.250279
77	0	-0.0335289	-0.154654	1.02566	-0.150785	-0.0657002	-0.44939	1.02566	-0.438149
77	1	0.195776	0.406545	0.944128	0.430603	0.305701	0.733227	1.12227	0.653345
77	2	0.199321	0.765441	1.22117	0.626811	0.163208	0.838516	1.20623	0.695154
77	3	0.184022	0.369772	1.04645	0.353359	0.123573	0.404317	1.03163	0.391921
77	4	0.0976091	0.541509	1.04601	0.517691	0.146067	0.243965	0.97003	0.251502
77	5	0.0911233	0.207828	0.868901	0.239184	-0.0302946	0.173841	1.07265	0.162067
77	6	-0.195419	-0.280915	0.919229	-0.305598	-0.00276203	-0.0169586	0.821792	-0.0206361
77	7	0.0443065	0.153834	0.840567	0.183012	-0.0210173	0.0416772	0.210021	0.198443
77	8	0.0213351	-0.000913301	0.941876	-0.000969662	0.0629919	0.0626594	0.997581	0.0628113
77	9	0.0904451	-0.288774	0.951761	-0.303411	0.0366371	-0.414545	1.14443	-0.36223
78	0	0.0551914	0.449624	0.972862	0.462166	0.174588	0.531421	0.972862	0.546245
78	1	0.162841	0.343963	0.998309	0.344545	0.0182537	0.122745	0.820396	0.149617
78	2	-0.00528888	0.360519	0.911285	0.395616	-0.0555037	0.502792	1.06089	0.473935
78	3	-0.0572188	0.0626656	1.05438	0.0594335	0.114986	0.363401	1.02904	0.353145
78	4	0.294991	0.710121	1.04838	0.677352	0.258281	0.50576	0.963204	0.525081
78	5	-0.0153566	0.0631666	1.03322	0.0611355	-0.35252	-0.218542	1.43537	-0.152255
78	6	-0.166537	-0.210565	0.933354	-0.225601	0.12534	-0.237743	0.808572	-0.294028
78	7	0.291201	0.258864	0.880717	0.293924	0.393615	0.377646	1.04129	0.36267
78	8	0.184566	0.602772	1.24286	0.48499	0.00194591	0.258568	0.655555	0.394427
78	9	-0.00803305	0.105124	1.0525	0.0998807	0.0534673	0.559434	1.43767	0.389125
79	0	0.026841	0.00220796	0.919771	0.00240055	0.055745	0.0352956	0.919771	0.0383743
79	1	0.0697728	0.351215	1.13884	0.308396	0.0157795	-0.107425	1.30399	-0.0823817
79	2	0.0188094	-0.0484165	1.11586	-0.0433892	0.0300398	0.0940186	0.82507	0.113952
79	3	0.00381811	-0.159193	0.748651	-0.212641	0.159008	-0.0859989	0.771052	-0.111534
79	4	0.160267	-0.0339954	1.0223	-0.0332537	0.0684764	-0.151677	0.979846	-0.154797
79	5	0.0490505	0.272354	1.1366	0.239621	0.0579509	0.00375537	0.90134	0.00416643
79	6	0.0312913	-0.15653	0.866629	-0.180619	-0.0384132	0.333993	1.17921	0.283236
79	7	0.0985263	-0.083139	0.954967	-0.0870596	0.15574	0.153447	1.0494	0.146223
79	8	0.185477	0.701104	0.981624	0.714228	0.307521	0.511742	0.682723	0.74956
79	9	0.214158	0.233927	0.868266	0.269419	-0.0287726	0.0349254	0.845596	0.0413028
80	0	0.0424787	0.212979	1.24481	0.171093	0.067604	0.224787	1.24481	0.180579
80	1	0.0835531	0.332082	0.881002	0.376937	0.144566	0.101328	0.993635	0.101977
80	2	0.0399781	0.059106	0.967563	0.0610875	-0.101703	-0.020912	0.846315	-0.0247095
80	3	0.01405	0.322577	0.938692	0.343645	0.0806438	0.187356	1.20122	0.155972
80	4	0.0169329	0.122107	0.881063	0.138591	0.0536182	-0.00734267	0.69626	-0.0105459
80	5	0.0399587	0.258889	0.7956	0.325401	-0.0255741	-0.232406	0.659296	-0.352506
80	6	0.0204665	-0.060591	1.24777	-0.0485596	-0.160212	-0.138225	2.24033	-0.0616985
80	7	-0.182571	-0.019698	1.24128	-0.0158692	0.143422	0.474414	1.45335	0.326428
80	8	0.100662	0.0881338	1.06129	0.0830437	0.00280425	-0.188637	1.44931	-0.130156
80	9	0.0426331	0.0663553	1.1945	0.0555508	-0.0108984	0.115858	1.13001	0.102528
81	0	0.114589	0.421386	0.977908	0.430906	0.168151	0.527791	0.977908	0.539714
81	1	0.126366	0.616723	0.984893	0.626183	0.144623	0.569004	1.32326	0.430003
81	2	0.175339	0.539428	1.1032	0.488966	0.0729168	0.328654	1.01692	0.323186
81	3	0.10572	0.254325	1.13042	0.224983	0.227891	0.335163	0.633485	0.529078
81	4	0.105574	0.305678	0.78593	0.388938	-0.0563797	0.112829	0.437717	0.257766
81	5	-0.126001	0.295951	0.705381	0.419563	-0.205187	0.296344	0.690672	0.429067
81	6	-0.00121445	0.191968	1.05213	0.182456	-0.0607209	0.182789	1.27066	0.143853
81	7	0.0489307	0.402927	0.987713	0.407939	0.462028	0.875862	1.35374	0.646992
81	8	0.234803	0.285561	1.07527	0.265573	0.0937115	0.491906	1.3745	0.357879
81	9	0.13229	0.298549	1.20882	0.246975	0.236759	0.176441	1.168	0.151062
82	0	0.183236	0.576439	1.14627	0.502882	0.223525	0.849352	1.14627	0.740969
82	1	-0.0448337	0.324374	1.01863	0.31844	-0.02468	0.112744	0.725113	0.155485
82	2	0.111481	0.321311	0.997264	0.322192	0.0346818	0.313352	1.30207	0.240658
82	3	0.0991073	0.669262	1.12041	0.597338	0.0579131	0.733749	1.10161	0.666069
82	4	-0.0230768	-0.00653241	0.962666	-0.00678575	0.253615	-0.0446063	0.886477	-0.0503186
82	5	0.333013	0.622631	0.860544	0.723531	-0.0701569	-0.0489174	1.30782	-0.0374036
82	6	-0.201032	-0.250133	1.25847	-0.19876	0.0102502	-0.19451	0.967672	-0.201008
82	7	0.0748701	-0.352029	1.06694	-0.329942	0.108892	-0.160264	1.32273	-0.121162
82	8	0.0468756	0.138047	1.0222	0.13505	-0.0722312	-0.0150095	1.1044	-0.0135907
82	9	-0.018002	0.127491	0.99025	0.128746	0.20381	0.0469038	0.872162	0.0537787
83	0	-0.0465977	-0.0753545	1.08166	-0.0696658	-0.00161344	0.0584567	1.08166	0.0540436
83	1	0.107293	0.282402	0.998594	0.2828	0.295239	0.340442	0.881269	0.386309
83	2	0.23418	0.588897	1.05589	0.557727	-0.0646592	0.369804	1.13667	0.325341
83	3	-0.0606162	0.115804	1.12858	0.10261	-0.0352103	0.227669	1.28045	0.177804
83	4	0.0342753	0.171364	1.14522	0.149633	0.0961591	0.145278	0.799387	0.181736
83	5	0.0770159	-0.188194	0.806516	-0.233342	-0.00129954	0.0381824	0.858122	0.0444953
83	6	-0.207895	-0.0697862	1.31323	-0.0531406	-0.128693	-0.290161	1.41612	-0.204899
83	7	0.035994	-0.128807	0.855446	-0.150572	0.0843082	-0.174345	0.21876	-0.796967
83	8	0.131852	0.472772	0.779139	0.606787	0.162893	0.207131	0.620058	0.334051
83	9	0.125352	-0.105394	0.878954	-0.119908	0.0406785	-0.279634	0.879772	-0.317848
84	0	0.00499032	0.15663	0.968433	0.161735	0.0730341	0.403556	0.968433	0.41671
84	1	0.0802005	0.481843	1.06208	0.453677	0.082391	0.372831	1.29501	0.287899
84	2	0.107881	0.384278	1.12353	0.342026	0.069255	0.243025	0.781012	0.311167
84	3	0.0204179	0.234015	0.747893	0.312899	-0.059081	-0.112323	0.495764	-0.226566
84	4	-0.0329043	-0.208842	0.752717	-0.277451	-0.132501	-0.107257	0.647448	-0.165661
84	5	-0.143458	-0.0390894	0.792981	-0.0492943	0.157999	0.0519491	0.612735	0.0847823
84	6	0.0921127	-0.0731196	0.778345	-0.0939424	0.0972487	0.0538131	0.421665	0.12762
84	7	0.25403	0.292527	1.15474	0.253328	0.137506	0.165598	0.160409	1.03235
84	8	0.139955	1.08119	0.974831	1.1091	0.118589	0.992372	1.41415	0.701746
84	9	0.0111106	0.778309	1.07251	0.725687	0.0218282	0.653597	0.992401	0.658602
85	0	0.00767737	0.168071	0.900918	0.186555	0.0453822	0.260341	0.900918	0.288973
85	1	0.147696	0.521896	1.05334	0.495467	0.141434	0.125305	1.09923	0.113993
85	2	0.0871211	0.360695	1.16914	0.308513	0.00536629	0.403442	1.05804	0.381312
85	3	0.0166529	0.0987461	1.04293	0.0946811	0.0840648	0.221906	1.00169	0.221532
85	4	0.0616815	0.335378	0.846408	0.396237	0.0555208	0.113161	0.553562	0.204423
85	5	0.0884264	-0.0981974	0.772666	-0.127089	-0.0542448	-0.0293834	0.990832	-0.0296553
85	6	-0.0191787	0.133421	0.866673	0.153946	-0.170807	0.164295	0.511107	0.321449
85	7	-0.0810981	0.616084	0.816693	0.754364	0.371372	0.581779	0.974578	0.596954
85	8	0.257446	0.469328	0.752248	0.623901	0.0833861	0.563172	0.730502	0.770939
85	9	0.28402	0.837473	1.10465	0.758134	0.282672	0.653153	1.36247	0.479389
86	0	0.0133599	0.118797	1.06235	0.111825	0.146794	0.0803918	1.06235	0.0756737
86	1	0.0994616	0.400045	1.04626	0.382358	-0.0148759	0.108257	1.26336	0.08569
86	2	0.022338	0.140696	1.09197	0.128846	-0.0249616	-0.263227	1.05096	-0.250463
86	3	0.0122706	0.455443	0.950892	0.478964	0.0502134	0.537833	0.561838	0.957275
86	4	0.00439703	0.441641	0.956234	0.461854	-0.048629	0.108751	1.08993	0.0997778
86	5	0.0275782	0.583989	1.22789	0.475605	0.000135492	0.442792	2.39992	0.184503
86	6	0.263078	-0.069397	1.59803	-0.0434266	0.486546	0.312479	0.352444	0.886605
86	7	0.169006	-0.0511752	0.848221	-0.0603323	0.0374546	-0.292183	1.26015	-0.231863
86	8	0.106637	0.395365	0.848851	0.465765	0.184063	0.224345	1.18766	0.188896
86	9	0.134296	0.402926	1.11273	0.362105	-0.134836	-0.0643877	1.38365	-0.0465347
87	0	0.00769977	-0.0281469	0.671697	-0.0419041	0.0537748	0.064218	0.671697	0.0956057
87	1	0.0397972	0.1112	0.821793	0.135314	0.043083	-0.0047469	0.886835	-0.00535263
87	2	0.24669	0.707651	0.929157	0.761605	0.253271	0.74396	1.23002	0.604837
87	3	0.126149	0.265999	1.02412	0.259735	0.0732977	0.0628062	0.881546	0.0712455
87	4	0.203208	0.332127	1.02033	0.325509	0.169496	0.618113	1.03658	0.596302
87	5	-0.0520958	0.0225292	1.08957	0.0206771	-0.166032	-0.604895	1.17868	-0.513195
87	6	-0.0876258	0.0700972	1.33625	0.052458	0.18628	0.418386	1.77041	0.236322
87	7	0.0276354	0.431603	1.12651	0.383134	-0.112218	0.148073	1.05052	0.140952
87	8	0.02681	0.526549	0.99839	0.527399	0.170762	0.742064	1.09467	0.677891
87	9	0.0949495	0.223535	1.04734	0.21343	0.00351979	0.190048	0.685784	0.277125
88	0	0.0858918	0.402228	0.888218	0.452848	0.112744	0.515925	0.888218	0.580854
88	1	-0.0840842	0.069385	1.13831	0.0609545	-0.113786	-0.255162	1.22242	-0.208734
88	2	0.0460024	0.311194	1.27092	0.244857	0.143978	0.496872	1.23073	0.40372
88	3	0.121785	0.619214	1.07829	0.574257	0.0890686	0.330912	0.923093	0.358482
88	4	0.150822	0.26797	0.787725	0.340182	0.260308	0.25635	0.623517	0.411136
88	5	0.175224	0.229186	0.842522	0.272023	-0.224406	-0.629608	0.842173	-0.747599
88	6	-0.219964	-0.305088	0.704383	-0.433128	0.0770048	-0.200977	0.474758	-0.423325
88	7	0.193121	0.74118	0.807712	0.917629	0.0924945	0.720889	1.11377	0.647249
88	8	0.0771334	0.294135	0.88466	0.332484	0.209779	0.252224	0.718298	0.351142
88	9	0.102659	-0.116814	0.90211	-0.12949	0.104891	0.10765	0.806952	0.133403
89	0	-0.0787912	-0.0980867	0.90879	-0.107931	-0.00277699	0.0781801	0.90879	0.0860266
89	1	0.120114	0.286962	0.980086	0.292793	0.0499766	0.275218	0.928762	0.296328
89	2	0.0806851	0.446122	0.70038	0.636972	0.104483	0.404105	0.730769	0.552986
89	3	0.222021	1.00559	1.24304	0.808977	0.149749	1.05905	1.27902	0.82802
89	4	-0.0158215	0.192951	0.894602	0.215684	-0.00592649	0.335468	0.839914	0.399408
89	5	0.0643892	0.608665	0.855809	0.711217	0.013999	0.470489	0.710049	0.662615
89	6	-0.138004	0.140956	0.909958	0.154904	-0.00555787	-0.279174	0.885309	-0.31534
89	7	0.142326	0.30495	0.840213	0.362944	0.00904446	0.287713	0.351032	0.819619
89	8	-0.00592114	0.38354	0.836184	0.458679	0.0934833	0.454659	0.728489	0.624112
89	9	0.125455	0.138474	1.04398	0.13264	0.097073	0.0340568	0.530456	0.0642029
90	0	0.0781583	0.402511	0.671571	0.599356	0.1358	0.594269	0.671571	0.884894
90	1	0.190629	0.50446	0.730093	0.690953	0.172764	0.430197	0.817546	0.526205
90	2	0.180249	0.375337	1.03818	0.361532	0.228486	0.873411	1.05881	0.824902
90	3	0.20016	0.780742	1.09977	0.709911	0.152267	0.595492	1.15708	0.514652
90	4	0.0997017	0.618797	1.10049	0.562291	0.0184389	0.47123	0.945461	0.498413
90	5	-0.0453533	0.283036	0.828753	0.34152	-0.167803	0.0965737	0.58048	0.166369
90	6	-0.138478	-0.128246	0.856478	-0.149736	0.0109915	0.143478	1.30513	0.109933
90	7	-0.0227871	0.444824	0.974665	0.456386	0.0279918	-0.0206098	0.429916	-0.0479393
90	8	0.0562697	0.797617	1.07187	0.744134	0.143879	0.569277	0.809768	0.703013
90	9	0.175517	0.374288	0.998025	0.375029	0.0368656	0.173622	0.705297	0.246168
91	0	-0.0147954	0.0172806	0.617554	0.0279823	0.051552	0.0858591	0.617554	0.139031
91	1	0.207562	0.807349	0.962699	0.838631	0.241516	0.553382	1.01558	0.544894
91	2	0.15198	0.777126	1.02095	0.76118	0.0305304	0.54888	1.10559	0.496456
91	3	0.000224301	-0.0737399	1.10544	-0.0667062	-0.0608032	-0.129941	1.20011	-0.108274
91	4	-0.0266181	0.0712271	0.805339	0.0884436	-0.142026	-0.113288	0.633432	-0.178848
91	5	-0.11515	-0.438436	0.759957	-0.576922	0.0393473	-0.292155	1.08777	-0.268582
91	6	0.144686	0.33238	1.52726	0.217632	0.113957	0.851204	2.53251	0.336111
91	7	0.0322878	0.675336	1.45916	0.462824	0.163301	0.401242	0.908448	0.441678
91	8	0.0232966	0.176298	0.94997	0.185582	-0.0784821	0.148178	1.15652	0.128124
91	9	-0.0337415	0.219875	0.928665	0.236764	-0.0596845	0.010784	0.775459	0.0139066
92	0	0.021506	-0.0756991	0.987895	-0.0766267	0.226461	0.112001	0.987895	0.113373
92	1	0.320789	0.6147	0.955099	0.643598	0.186765	0.125323	0.758094	0.165313
92	2	0.0550193	0.649795	0.794021	0.818359	0.00146339	0.458503	0.694104	0.660569
92	3	0.0467149	0.247458	0.774256	0.319608	0.0388249	0.118173	0.88345	0.133763
92	4	0.0618562	-0.0818978	1.20523	-0.0679519	0.0650231	-0.109531	1.133	-0.0966732
92	5	0.0764428	0.176643	0.964411	0.183161	0.065762	-0.105559	0.95199	-0.110883
92	6	0.140241	-0.100859	1.02996	-0.0979251	0.192753	0.510369	1.11307	0.458525
92	7	0.0597713	0.488535	0.987383	0.494777	0.0530127	-0.0141124	0.454223	-0.0310692
92	8	0.0972894	0.770942	1.19745	0.643821	0.154373	0.433422	0.803106	0.539683
92	9	0.17005	0.527711	1.0522	0.501532	-0.0378644	0.168796	0.952603	0.177195
93	0	0.0375493	0.20631	0.875119	0.235751	0.234181	0.267612	0.875119	0.305801
93	1	0.256141	0.618053	1.00888	0.612612	0.176107	0.432463	0.963816	0.448699
93	2	0.113245	0.0870326	0.881555	0.0987262	0.0558199	-0.0823301	0.59686	-0.137939
93	3	0.0238441	0.0320825	0.867841	0.0369682	-0.0363032	-0.0563198	0.878699	-0.0640946
93	4	0.00666465	0.313606	1.07381	0.29205	0.0774848	0.403979	1.03314	0.39102
93	5	0.0655595	-0.112295	1.04574	-0.107383	-0.0326779	-0.0967526	1.05063	-0.0920901
93	6	-0.00178581	-0.0872307	1.04062	-0.083826	-0.0595468	-0.243801	0.496435	-0.491104
93	7	-0.0974797	-0.633587	0.871929	-0.72665	0.0063461	-0.432885	0.915453	-0.472864
93	8	0.0757618	0.171671	0.811014	0.211674	0.115095	0.0274508	0.487468	0.056313
93	9	0.0322627	0.137668	0.862936	0.159534	-0.0926587	-0.267055	1.10842	-0.240933
94	0	0.168677	0.647315	1.10217	0.587311	0.357921	1.0539	1.10217	0.956209
94	1	0.19332	0.285404	0.971247	0.293853	0.0234194	-0.0821972	0.86645	-0.0948667
94	2	0.04919	0.163006	0.954706	0.170739	-0.0195087	0.0150513	1.04754	0.0143682
94	3	-0.0739943	-0.105005	0.996581	-0.105366	0.013737	0.121935	1.15463	0.105605
94	4	0.0742545	0.325357	1.14318	0.284607	0.0233107	-0.0464837	1.17896	-0.0394278
94	5	0.0288839	-0.0908975	0.972969	-0.0934228	0.165064	0.612456	0.850448	0.720156
94	6	0.23239	0.867672	1.15529	0.751042	0.00142075	0.109809	0.953607	0.115151
94	7	0.0684137	0.385416	1.36185	0.283009	0.25864	0.252715	2.14067	0.118054
94	8	0.137798	0.13795	1.01308	0.136169	0.127787	-0.0737346	0.734546	-0.100381
94	9	0.149323	0.420661	0.94724	0.444092	0.20529	0.318558	1.05734	0.301283
95	0	0.0434837	0.486716	0.943285	0.51598	0.166078	0.824537	0.943285	0.874113
95	1	0.146443	0.559809	0.939546	0.59583	0.152807	0.353386	1.33041	0.265622
95	2	0.16943	0.516475	1.16164	0.444608	0.0877789	0.498521	1.17058	0.425875
95	3	0.204433	0.923474	1.15926	0.796609	0.266741	0.677294	1.16916	0.579301
95	4	0.266026	0.644112	0.957791	0.672497	0.142627	0.711991	0.859889	0.828003
95	5	0.0621547	5.08359e-05	0.852094	5.966e-05	0.105679	0.596399	0.703256	0.848054
95	6	-0.0192797	0.558299	0.919764	0.607002	-0.0389264	-0.00958691	0.789082	-0.0121494
95	7	0.000509296	-0.201149	0.720485	-0.279185	0.0104664	-0.27562	0.378855	-0.727508
95	8	-0.074496	0.317496	0.776154	0.409063	-0.0459546	0.312538	0.946122	0.330336
95	9	0.0194338	0.0916677	1.03741	0.0883622	0.022519	0.383811	1.10211	0.348251
96	0	0.0259377	0.0952951	0.902141	0.105632	0.019853	-0.0292632	0.902141	-0.0324375
96	1	-0.0123875	0.176424	0.881823	0.200068	0.00236553	0.120425	0.935603	0.128713
96	2	-0.0511415	0.21933	1.17361	0.186885	-0.0709845	0.0398264	0.953808	0.0417551
96	3	0.113293	0.640633	1.04806	0.611256	0.192254	0.395878	0.904268	0.437788
96	4	0.110182	0.501686	1.08211	0.463617	0.102104	0.21671	0.833854	0.259889
96	5	0.153677	0.314378	0.945212	0.332601	0.0379103	0.252885	0.830467	0.30451
96	6	-0.122012	0.107689	1.07682	0.100007	0.0108665	0.305459	0.705654	0.432873
96	7	0.155312	-0.0181457	0.825328	-0.0219861	0.0561449	0.121977	0.415951	0.293249
96	8	-0.0125148	0.0506143	0.870402	0.0581504	0.0882245	0.29566	1.10809	0.266819
96	9	0.0971952	0.366305	0.966396	0.379043	-0.0247583	0.582775	0.729685	0.798666
97	0	0.0393527	0.04697	0.810935	0.0579208	0.204197	0.212523	0.810935	0.262071
97	1	0.205009	0.131908	0.792189	0.166511	0.230686	0.28359	0.642442	0.441425
97	2	0.241137	0.498133	0.926993	0.537364	0.172795	0.200046	0.7222	0.276996
97	3	0.221901	0.374856	0.946054	0.396231	0.126046	0.168474	1.10654	0.152254
97	4	0.0890568	0.49091	1.09481	0.448397	0.110821	0.485769	0.976832	0.497291
97	5	-0.0365051	0.311778	0.969515	0.321581	-0.192877	-0.219694	0.600799	-0.36567
97	6	-0.0261748	-0.326358	0.772531	-0.422453	-0.0563598	0.12858	0.464516	0.276805
97	7	0.00438523	0.200905	0.798845	0.251494	0.245775	0.259221	0.270524	0.958219
97	8	0.114977	0.151526	0.757983	0.199907	0.0370804	0.174622	1.00006	0.17461
97	9	0.128762	0.669649	1.02248	0.654925	0.116262	0.320968	1.13158	0.283645
98	0	0.0613768	0.48569	1.21287	0.400448	0.0801599	0.667615	1.21287	0.550445
98	1	0.0526334	0.308849	1.10238	0.280166	0.0415412	0.0588597	1.17788	0.0499709
98	2	0.0485143	0.47825	0.904141	0.528956	0.0931685	0.426531	1.04828	0.406887
98	3	0.101807	0.774597	0.948138	0.816966	0.0138392	0.227423	1.05054	0.216482
98	4	-0.0424358	0.158562	0.841145	0.188508	0.00200341	0.249409	0.895613	0.278479
98	5	0.0154108	0.156721	0.851552	0.184042	-0.14819	-0.579909	1.31419	-0.441268
98	6	-0.141919	0.0880673	1.14342	0.077021	0.0463578	-0.250927	1.06276	-0.236108
98	7	0.157323	0.237265	0.740073	0.320597	0.184901	0.462545	1.16464	0.397155
98	8	0.047412	0.606469	0.839325	0.722568	-0.0880957	0.346201	0.63378	0.546247
98	9	-0.109558	-0.0300022	0.717762	-0.0417997	0.0189547	-0.172517	0.625792	-0.275678
99	0	0.0284787	0.0456703	0.9489	0.0481297	0.0825596	0.0858025	0.9489	0.0904232
99	1	-0.0139243	0.123674	1.15694	0.106897	-0.0528411	0.173984	1.17818	0.147672
99	2	0.110995	0.572945	1.08975	0.525758	0.177898	0.207714	1.01058	0.205539
99	3	0.17196	0.631208	1.11263	0.567312	0.28378	0.628556	1.51184	0.415754
99	4	0.221152	0.366666	1.15666	0.317003	0.0947893	-0.295069	0.998972	-0.295373
99	5	0.0698923	0.277731	1.02846	0.270045	-0.191973	0.298389	1.18089	0.252682
99	6	0.0154764	0.25792	1.13746	0.226751	0.0513879	0.587094	1.28478	0.456959
99	7	0.00841188	0.633119	1.09063	0.580508	0.178665	0.643648	0.677662	0.949808
99	8	-0.0245898	-0.0964605	0.939919	-0.102626	-0.00490739	-0.0075591	1.08211	-0.00698553
99	9	0.0943072	0.396042	0.869239	0.455619	0.107324	0.238177	0.561847	0.423919
100	0	-0.0203136	-0.0954709	0.773046	-0.1235	0.0771574	-0.0688889	0.773046	-0.0891136
100	1	0.0943348	0.422736	0.897495	0.471017	0.103227	-0.0718116	0.84757	-0.0847265
100	2	0.207069	0.267123	1.05086	0.254194	0.190382	0.17204	1.1068	0.155438
100	3	0.14719	0.56876	1.07594	0.528616	0.0751327	0.361987	1.27628	0.283626
100	4	0.0309761	0.145167	0.937699	0.154812	0.074782	0.140644	0.575923	0.244206
100	5	0.0830628	0.314748	0.913938	0.344386	0.0154178	-0.0646807	0.528257	-0.122442
100	6	0.0394673	-0.191455	0.569102	-0.336416	0.0797762	0.169962	1.00229	0.169573
100	7	0.175853	0.445627	1.09737	0.406086	0.146328	0.301897	1.25884	0.239822
100	8	0.0352451	0.381999	1.06077	0.360114	0.0232027	-0.26468	1.3558	-0.19522
100	9	-0.0406772	-0.0312098	1.06314	-0.0293561	-0.0526766	-0.238421	0.961478	-0.247973
