RUN	Year	DeltaBV	Sel	Var	Beta	DeltaBVRecruits	SelRecruits	VarRecruits	BetaRecruits
1	0	0.0894479	0.122993	0.674941	0.182227	0.285656	0.271058	0.674941	0.401602
1	1	0.19439	0.208841	0.778222	0.268357	-0.023184	-0.194305	0.761143	-0.25528
1	2	0.204236	0.44907	1.0745	0.417935	0.442465	0.434943	0.896405	0.485208
1	3	0.534655	0.440072	0.941711	0.467311	0.49951	0.454599	0.832348	0.546165
1	4	0.327629	0.425885	0.863036	0.493473	-0.047066	0.0170735	0.658534	0.0259265
1	5	-0.196596	-0.144635	0.880468	-0.164271	-0.207454	-0.0623075	1.28217	-0.0485953
1	6	-0.178671	-0.0709981	1.13617	-0.0624892	0.106475	0.383669	0.970149	0.395475
1	7	-0.0220373	-0.0815867	0.982627	-0.0830292	0.254243	-0.131283	1.11167	-0.118095
1	8	0.511032	0.517043	0.803462	0.643519	0.191224	0.140395	0.651608	0.215459
1	9	0.105186	0.117223	0.786524	0.149039	0.107319	0.0270473	0.538477	0.0502292
2	0	-0.14338	-0.137476	1.01982	-0.134804	-0.0794784	-0.161464	1.01982	-0.158326
2	1	0.356033	0.325587	1.0015	0.325099	0.487195	0.373416	1.00375	0.372022
2	2	0.644738	0.823647	0.97453	0.845173	0.817276	0.65198	0.98235	0.663694
2	3	0.749123	0.935672	0.994464	0.94088	0.362995	0.518111	1.27888	0.405128
2	4	0.129383	0.291683	0.979025	0.297933	0.268131	0.404708	1.15948	0.349042
2	5	0.388752	0.206692	1.16129	0.177985	-0.0835324	-0.0849862	1.47255	-0.0577137
2	6	0.0856203	0.373321	1.37061	0.272376	0.456267	0.52368	2.76614	0.189318
2	7	-0.340331	-0.463702	1.18702	-0.390643	0.00521022	0.0265604	1.85667	0.0143054
2	8	0.624206	0.821453	1.37082	0.59924	0.347401	0.327229	0.76619	0.427086
2	9	0.228286	0.691229	0.997145	0.693208	0.0182648	0.338115	1.36509	0.247688
3	0	0.041556	0.106202	0.91969	0.115476	0.135865	0.105001	0.91969	0.11417
3	1	-0.0434593	-0.00540046	0.883114	-0.00611525	-0.241525	-0.139462	0.777208	-0.17944
3	2	-0.00630007	-0.0399176	0.82757	-0.0482347	0.289657	0.16471	0.802242	0.205312
3	3	0.356549	0.32769	0.980572	0.334182	0.101281	0.256352	1.02579	0.249907
3	4	0.0935476	0.293877	0.856491	0.343118	0.279555	0.257593	0.634907	0.405718
3	5	0.302852	0.328972	0.620799	0.529917	-0.312831	-0.21448	0.69683	-0.307795
3	6	-0.221929	-0.0185815	0.796661	-0.0233243	0.194331	0.442821	1.43454	0.308685
3	7	0.585448	0.655422	1.23635	0.530125	0.872464	1.13177	1.44008	0.785911
3	8	0.195639	0.189861	1.02668	0.184927	0.0723806	0.0645482	0.593159	0.108821
3	9	0.131846	0.224441	0.724738	0.309685	-0.0738083	0.165077	0.508335	0.32474
4	0	0.0122525	-0.122924	1.01359	-0.121276	0.217188	0.0309652	1.01359	0.0305502
4	1	0.138062	0.333326	0.931928	0.357674	-0.027572	0.0868174	0.752112	0.115432
4	2	0.179273	0.365159	0.910092	0.401234	0.151227	0.199236	1.29219	0.154185
4	3	0.0895266	0.161845	1.05041	0.154078	0.275623	0.270958	0.688191	0.393725
4	4	0.259613	0.387082	0.742944	0.521011	0.194232	0.152664	0.651488	0.234332
4	5	0.216632	-0.0064571	0.673051	-0.00959377	0.22007	-0.013167	0.612355	-0.0215023
4	6	0.153864	0.114839	0.672481	0.17077	0.213311	0.271767	0.38897	0.698685
4	7	0.242152	1.04638	0.574716	1.82069	0.284468	0.667424	0.511778	1.30413
4	8	0.352869	0.595101	0.867788	0.685768	0.188186	0.289762	0.499878	0.579665
4	9	0.215357	0.581743	0.842496	0.6905	0.26624	0.272355	0.785679	0.346649
5	0	0.190762	0.132638	0.940323	0.141056	0.36729	0.128873	0.940323	0.137052
5	1	0.265687	0.306725	1.0385	0.295352	0.266623	0.247181	0.964108	0.256383
5	2	0.302136	0.376816	0.935851	0.402646	0.188025	-0.0300356	1.04544	-0.0287302
5	3	-0.0227432	0.10728	0.989418	0.108428	0.0633916	-0.0112791	0.982893	-0.0114754
5	4	0.266216	0.374202	1.26965	0.294728	0.25868	0.506388	1.49495	0.338732
5	5	0.169432	0.212622	1.15756	0.18368	0.21759	0.0541378	0.850725	0.0636372
5	6	0.28598	0.217588	0.786032	0.276818	-0.047949	0.0908961	0.918157	0.0989984
5	7	0.160626	0.393408	0.911701	0.43151	0.33811	0.367845	1.11909	0.328701
5	8	0.0888414	0.0213533	1.0056	0.0212343	0.266811	0.350566	0.939881	0.37299
5	9	0.316432	0.287264	0.76831	0.37389	-0.101191	0.164616	0.63517	0.259169
6	0	-0.113012	-0.0764209	0.914426	-0.0835725	-0.192869	0.058365	0.914426	0.0638269
6	1	0.91045	1.276	0.89913	1.41915	1.18439	1.61168	1.12993	1.42635
6	2	-0.018902	-0.118354	1.37939	-0.0858018	-0.316779	-0.356304	1.14845	-0.310248
6	3	-0.167534	-0.064462	1.07035	-0.0602254	-0.0832795	-0.0379228	1.0329	-0.0367149
6	4	-0.107703	0.0684055	1.15953	0.0589942	-0.12079	-0.0269127	1.09693	-0.0245345
6	5	0.0241105	-0.0595351	1.16519	-0.0510947	-0.103121	0.0700877	1.45825	0.048063
6	6	0.166175	0.710062	1.36417	0.520509	-0.0258566	0.525472	1.27017	0.413703
6	7	-0.540948	-0.626769	0.873622	-0.717437	-0.263596	-0.169177	0.410287	-0.412338
6	8	0.101557	0.245687	0.807458	0.304273	0.0118706	0.200161	0.915902	0.218539
6	9	-0.0717609	-0.0472114	0.778582	-0.0606377	0.270117	0.255449	0.629426	0.405845
7	0	-0.0325538	-0.0962658	1.00575	-0.0957155	-0.0143615	-0.102573	1.00575	-0.101987
7	1	0.136626	0.572481	1.00461	0.569854	0.362345	0.471207	0.695687	0.677327
7	2	0.284339	0.28055	0.869159	0.322784	0.0657709	0.00821852	1.16254	0.00706945
7	3	-0.0791425	-0.154318	1.08284	-0.142512	-0.0717581	-0.143434	0.806531	-0.177841
7	4	0.0400314	0.0885502	0.803231	0.110243	-0.166307	-0.0779557	0.729391	-0.106878
7	5	-0.095551	-0.0542783	0.695353	-0.0780586	0.0519905	0.0690485	0.72372	0.0954078
7	6	-0.0681519	0.0950612	0.842734	0.112801	-0.246294	-0.212552	0.830314	-0.25599
7	7	0.0854169	0.153281	0.729826	0.210024	0.403935	0.558907	0.824544	0.677837
7	8	0.123143	0.185221	0.60447	0.306418	0.159944	0.0778291	0.412983	0.188456
7	9	0.0081814	0.0155496	0.653011	0.0238121	-0.119982	-0.19166	0.649519	-0.29508
8	0	-0.114264	-0.00547027	0.919271	-0.00595066	0.130609	0.1663	0.919271	0.180904
8	1	0.734783	0.957733	1.00271	0.955142	0.808237	0.944743	1.04514	0.903941
8	2	0.387579	0.558977	1.03451	0.540332	0.241776	0.269094	0.661035	0.407081
8	3	0.299208	0.167549	0.883431	0.189657	0.390252	0.301388	1.06157	0.283909
8	4	0.553497	0.493413	1.11292	0.443349	0.283523	0.339774	0.731895	0.464238
8	5	0.0960653	0.258922	0.785734	0.329529	-0.084897	-0.109457	0.926337	-0.118161
8	6	0.219077	0.265747	0.732131	0.362978	0.426617	0.271936	0.896846	0.303214
8	7	0.794051	0.802178	0.935243	0.857722	0.926799	1.23267	1.65481	0.744902
8	8	0.419284	0.38479	0.996759	0.386041	0.538878	0.178289	1.04443	0.170705
8	9	0.507184	0.571446	1.20666	0.473576	0.19388	0.362233	1.13235	0.319894
9	0	0.198877	0.309877	0.967341	0.320339	0.45411	0.470152	0.967341	0.486025
9	1	0.443568	0.577627	1.07987	0.534905	0.341553	0.435699	0.9337	0.466637
9	2	0.452925	0.659307	0.979213	0.673303	0.707706	0.974282	0.945499	1.03044
9	3	0.659297	1.08777	1.13342	0.959722	0.396303	0.676588	1.05301	0.642527
9	4	0.0231867	0.00491579	0.88677	0.00554348	-0.157592	-0.0827223	0.786756	-0.105144
9	5	-0.0703043	-0.0081897	0.937596	-0.00873479	-0.137811	-0.225044	0.710544	-0.31672
9	6	0.31239	0.130789	0.85526	0.152923	0.160873	0.39616	0.981465	0.403642
9	7	-0.115595	0.122936	0.971267	0.126572	0.431732	0.595598	1.24644	0.47784
9	8	0.520275	0.884266	0.806937	1.09583	0.402016	0.361268	0.741855	0.48698
9	9	0.300198	0.391848	1.0118	0.387277	0.176725	0.224955	0.721349	0.311854
10	0	0.0464812	0.0672574	0.904906	0.0743253	0.186716	0.177685	0.904906	0.196358
10	1	0.228404	0.361585	0.865059	0.417989	0.282021	0.324987	0.566713	0.573459
10	2	0.231331	0.328012	0.711392	0.461084	0.0453149	0.252765	0.664555	0.380352
10	3	0.0851795	0.253619	0.766922	0.330697	0.279069	0.2159	0.669967	0.322255
10	4	0.221234	0.250328	0.911795	0.274545	-0.0714632	-0.109926	0.858599	-0.128029
10	5	0.147567	-0.066618	0.879812	-0.0757185	0.535033	0.4967	0.676025	0.734736
10	6	0.163416	0.523983	0.863174	0.607043	-0.106459	-0.0702457	0.539491	-0.130207
10	7	0.277879	0.405104	1.12207	0.361032	0.459998	0.387831	0.83314	0.465505
10	8	0.498442	0.928438	0.992677	0.935287	0.615226	0.613035	0.981457	0.624618
10	9	0.460581	0.302246	0.982893	0.307507	0.0205211	-0.109897	0.804416	-0.136618
11	0	0.167425	0.24851	1.18074	0.21047	0.158902	0.231049	1.18074	0.195682
11	1	0.362528	0.641592	1.15332	0.556298	0.61609	0.78829	1.09899	0.717283
11	2	0.480548	0.520655	1.02393	0.508488	0.356315	0.466617	0.819394	0.569466
11	3	0.294987	0.344944	1.01321	0.340447	0.0113396	0.00348387	1.32079	0.00263771
11	4	0.271351	0.474703	1.19451	0.397405	0.418491	0.687597	1.29572	0.530669
11	5	0.236259	0.360812	1.43568	0.251318	-0.0381103	0.352691	1.80926	0.194936
11	6	-0.605977	-0.722746	1.84306	-0.392145	0.362727	0.0788858	3.74671	0.0210547
11	7	1.16643	1.25947	2.49511	0.504775	0.404992	0.472824	2.66344	0.177524
11	8	0.0428152	0.0123498	1.22925	0.0100466	0.400574	0.0640537	0.673975	0.0950387
11	9	0.221675	0.188598	0.902823	0.208898	-0.208075	-0.289165	0.875765	-0.330185
12	0	0.236215	0.394566	1.19492	0.330201	0.659193	0.841622	1.19492	0.704331
12	1	0.843348	1.13031	1.23862	0.912556	0.453564	0.632272	0.964894	0.655276
12	2	0.0942976	0.0596024	0.975829	0.0610787	0.182864	0.120761	0.84582	0.142774
12	3	0.211166	0.574854	0.869073	0.661456	0.170525	0.371667	1.22654	0.303021
12	4	0.254312	0.282653	1.1275	0.250691	0.122142	0.00800241	0.9657	0.00828664
12	5	-0.162466	0.0432334	0.992314	0.0435683	-0.621819	-0.229689	1.31418	-0.174777
12	6	-0.397117	-0.531516	1.25073	-0.424966	-0.133423	-0.000845006	1.3575	-0.000622472
12	7	-0.129642	0.217959	0.932197	0.233812	0.190569	0.35137	0.734547	0.478349
12	8	0.116257	0.135973	0.933674	0.145633	0.0673288	0.162469	0.577022	0.281564
12	9	0.128419	-0.00911562	0.92414	-0.0098639	0.1479	0.201645	0.919458	0.219308
13	0	0.164091	0.281181	1.07858	0.260695	0.255937	0.354872	1.07858	0.329017
13	1	0.290154	0.288274	1.05612	0.272956	0.21779	0.259285	0.921192	0.281467
13	2	0.195918	0.29272	0.758995	0.385668	0.118891	0.199439	0.764033	0.261034
13	3	0.321758	0.241235	0.873248	0.27625	0.524566	0.317099	0.905777	0.350085
13	4	0.411522	0.511243	1.02834	0.497155	0.322807	0.129844	1.15631	0.112292
13	5	0.474433	0.420655	1.12316	0.374528	0.203892	0.0578082	1.49524	0.0386615
13	6	-0.425416	-0.459019	1.65164	-0.277917	-0.373055	-0.0995115	3.51651	-0.0282984
13	7	-0.28339	-0.1707	2.03734	-0.083786	-0.121562	-0.026241	0.959742	-0.0273418
13	8	0.285797	0.523741	0.953534	0.549263	0.512474	0.525947	0.715508	0.735068
13	9	0.215805	0.227154	0.876183	0.259254	-0.0311068	-0.0638548	0.731271	-0.0873203
14	0	0.286498	0.42669	0.877891	0.48604	0.546255	0.531973	0.877891	0.605967
14	1	0.43668	0.486658	0.783975	0.620757	0.269573	0.0655385	0.777898	0.0842508
14	2	0.244005	0.507676	0.754633	0.672746	0.00498273	0.442	0.85906	0.514516
14	3	-0.214321	-0.291058	0.833073	-0.349379	0.130948	-0.115391	0.702346	-0.164294
14	4	0.26976	0.268703	0.814175	0.330032	-0.223387	-0.161797	0.736733	-0.219614
14	5	-0.0452453	-0.0600317	0.652006	-0.0920723	0.011766	-0.217303	0.812091	-0.267584
14	6	-0.239427	-0.400798	0.703524	-0.5697	0.0968978	-0.290266	1.0847	-0.267601
14	7	-0.10832	-0.204859	1.07872	-0.189909	-0.0665936	-0.182688	0.672646	-0.271595
14	8	0.427041	0.412895	0.771203	0.535391	0.548495	0.332125	0.696761	0.47667
14	9	0.346353	0.387739	0.740594	0.523552	0.0646788	0.180871	0.851556	0.212401
15	0	0.0177554	0.0681568	0.870362	0.0783086	0.22443	0.225621	0.870362	0.259226
15	1	0.48215	0.735433	0.825948	0.890411	0.400107	0.457116	0.875897	0.521884
15	2	0.397044	0.505747	0.934167	0.541388	0.511794	0.605054	0.742055	0.815376
15	3	0.299775	0.461443	0.815319	0.565966	0.148153	0.0334987	0.669931	0.0500033
15	4	0.166429	0.377956	0.754994	0.500608	0.160818	0.225594	0.666358	0.338548
15	5	-0.0105151	0.11879	0.80463	0.147633	-0.24854	-0.713726	0.715255	-0.997862
15	6	0.142077	0.205666	0.79607	0.258352	0.265789	0.389846	0.901717	0.432337
15	7	0.0720203	0.107931	0.944235	0.114305	0.222009	0.158401	0.563151	0.281276
15	8	0.179217	0.154296	0.500291	0.308412	-0.0678738	-0.0197311	0.616987	-0.0319797
15	9	0.0734374	0.17729	0.831176	0.2133	0.30301	0.44004	1.0268	0.428555
16	0	-0.046061	0.042667	0.763109	0.055912	-0.0230952	0.0814275	0.763109	0.106705
16	1	0.281227	0.352113	0.825027	0.426789	0.38838	0.524179	1.12586	0.46558
16	2	0.261471	0.240586	1.12306	0.214223	0.250356	0.127829	1.53403	0.0833289
16	3	0.224462	0.286024	1.21938	0.234566	0.0888338	0.0854893	0.660774	0.129378
16	4	-0.0557117	-0.0700843	0.891714	-0.0785951	0.115537	0.146235	0.836135	0.174894
16	5	0.33206	0.35396	0.895014	0.39548	0.365825	0.174566	0.968498	0.180244
16	6	0.602949	0.74472	0.963983	0.772544	1.05488	1.10501	1.02856	1.07433
16	7	0.88789	1.00288	1.09461	0.916198	0.298764	0.324231	0.71599	0.452842
16	8	0.0534712	0.230772	0.619507	0.372509	-0.169474	0.0623604	0.610968	0.102068
16	9	-0.0750363	-0.0146758	0.840719	-0.0174562	0.142745	0.224811	1.01598	0.221276
17	0	0.450993	0.616327	1.15486	0.533681	0.651693	0.816809	1.15486	0.70728
17	1	0.195151	0.117002	1.24833	0.0937267	0.0891832	-0.0345612	0.885563	-0.0390274
17	2	0.234652	0.272363	0.834159	0.326512	0.108051	0.103558	0.908736	0.113958
17	3	0.0137867	0.1126	0.856085	0.131529	-0.11381	-0.0787769	0.972671	-0.0809902
17	4	-0.012136	0.0657364	0.965067	0.0681159	0.507734	0.208196	1.00784	0.206577
17	5	0.338779	0.455711	0.890625	0.511676	-0.434371	-0.243929	0.933223	-0.261384
17	6	0.0614424	-0.0976147	1.05188	-0.0928002	0.68103	0.522211	1.16891	0.446749
17	7	0.444569	0.360571	1.33456	0.270179	0.435829	0.0200675	1.12497	0.0178382
17	8	0.311944	0.383612	0.870226	0.440819	0.0775722	0.0971593	1.33059	0.0730194
17	9	-0.0789904	-0.217198	1.01095	-0.214846	-0.00976562	-0.335188	0.656078	-0.510897
18	0	0.264473	0.361855	1.0414	0.347471	0.296444	0.437128	1.0414	0.419751
18	1	0.0143137	0.0503775	0.941678	0.0534976	0.123785	0.024293	0.782616	0.0310408
18	2	0.418535	0.609273	0.849718	0.71703	0.506107	0.410971	0.603113	0.681416
18	3	0.331536	0.516227	0.581622	0.887565	-0.0335578	0.23683	0.636861	0.371871
18	4	-0.106675	0.0158106	0.776782	0.020354	-0.0236176	0.00808198	0.893475	0.00904556
18	5	-0.167883	0.0450705	0.902618	0.0499331	-0.634722	-0.57087	0.935024	-0.61054
18	6	-0.469903	-0.463068	1.05743	-0.43792	-0.0317451	-0.0787875	1.16382	-0.0676974
18	7	-0.0517796	-0.0219555	1.08726	-0.0201933	0.0326637	-0.0873631	0.494723	-0.17659
18	8	-0.055173	0.176403	0.499612	0.35308	-0.0963532	0.0611533	0.384219	0.159162
18	9	-0.0181926	0.0190956	0.625311	0.0305377	-0.0743094	0.0550865	0.613191	0.0898357
19	0	0.0648657	0.0582542	1.15592	0.0503962	0.221226	0.174389	1.15592	0.150865
19	1	0.333651	0.418421	1.17722	0.355432	0.215925	0.0861878	1.44992	0.0594431
19	2	0.172725	0.133377	1.21998	0.109327	0.526935	0.22658	0.994132	0.227917
19	3	0.229298	0.275228	0.893287	0.308107	-0.184878	-0.256383	0.688718	-0.37226
19	4	0.100914	0.0889942	0.786502	0.113152	0.133582	0.0324113	0.875389	0.037025
19	5	-0.061917	0.097825	0.837275	0.116837	-0.066229	-0.244702	0.883172	-0.277071
19	6	0.0544307	-0.20725	0.805016	-0.257449	-0.259878	-0.200164	1.03946	-0.192566
19	7	-0.479162	-0.750441	0.97587	-0.768996	0.0708631	-0.0437184	1.06391	-0.0410921
19	8	0.2142	0.486482	1.02744	0.473487	0.0648934	0.260458	1.21713	0.213994
19	9	0.0287383	0.0284083	0.893619	0.0317901	-0.259895	0.00919258	0.882513	0.0104164
20	0	0.247816	0.359461	0.899688	0.39954	0.48956	0.708243	0.899688	0.78721
20	1	0.432805	0.573256	1.02757	0.557878	0.255082	0.450765	1.34027	0.336323
20	2	0.147992	0.231778	1.24029	0.186874	-0.00138834	-0.0504786	1.37972	-0.0365861
20	3	-0.132954	-0.112989	1.01861	-0.110925	0.139378	0.196765	1.0841	0.181502
20	4	0.215601	0.394549	1.19432	0.330354	0.194507	0.41418	1.32037	0.313683
20	5	0.481789	0.516196	1.2139	0.425236	-0.107542	-0.0836096	1.75848	-0.0475466
20	6	-0.790171	-0.630397	1.80223	-0.349787	-0.314224	-0.484394	2.97817	-0.162648
20	7	-0.129653	-0.165185	1.88019	-0.0878553	-0.150695	-0.381226	1.55541	-0.245097
20	8	0.490486	0.977499	1.27193	0.768518	0.606506	1.0642	1.72509	0.616896
20	9	0.0742893	0.0936511	1.29575	0.0722758	0.0107985	-0.244181	0.751866	-0.324767
21	0	0.169837	0.202173	0.910522	0.22204	0.535388	0.456673	0.910522	0.501551
21	1	0.523509	0.644833	0.987412	0.653054	0.475803	0.335932	1.00087	0.33564
21	2	0.678177	0.664164	1.02384	0.648697	0.469535	0.417943	1.11025	0.376441
21	3	0.0670103	0.209696	1.04599	0.200475	0.135974	0.0021241	1.60217	0.00132576
21	4	0.362031	0.535047	1.42205	0.376251	0.299097	0.209306	1.24043	0.168736
21	5	0.564787	0.403256	1.01819	0.396051	0.164469	0.122834	1.39495	0.0880557
21	6	-0.211472	-0.0617451	1.39599	-0.0442303	-0.20249	0.0106939	3.32956	0.00321181
21	7	0.22174	0.180371	1.46165	0.123402	0.542956	0.469866	1.51053	0.311059
21	8	0.112551	0.220307	0.738477	0.298327	0.285205	0.0518118	0.31579	0.164071
21	9	0.203973	0.237136	0.609736	0.388915	0.0680372	0.00249415	0.46497	0.00536412
22	0	0.169378	0.251518	0.893604	0.281464	0.382179	0.411378	0.893604	0.460359
22	1	0.254775	0.419745	0.827483	0.507255	0.0630552	0.163649	0.592288	0.2763
22	2	0.0363507	0.063649	0.90944	0.069987	0.186178	0.132319	1.04348	0.126805
22	3	0.141898	0.208815	0.896248	0.232988	0.0984626	-0.135727	0.748094	-0.181431
22	4	0.157503	0.106241	0.839027	0.126624	0.361221	-0.00958083	0.809421	-0.0118366
22	5	0.660274	0.79773	1.01715	0.78428	0.450812	0.42496	0.950483	0.447099
22	6	0.908288	1.09424	1.01532	1.07773	0.852484	1.13788	1.94107	0.586214
22	7	0.51729	0.480444	1.29749	0.370286	0.465692	0.676519	1.2606	0.536664
22	8	0.0812975	0.123807	0.780051	0.158717	0.097024	0.168344	0.540049	0.31172
22	9	0.0857283	0.0943398	0.824453	0.114427	0.168231	0.247536	0.816576	0.303139
23	0	-0.0629333	-0.047917	0.773693	-0.0619329	-0.203992	-0.152236	0.773693	-0.196765
23	1	0.174344	0.344454	0.886802	0.388423	0.363971	0.410864	0.745426	0.551181
23	2	0.142807	0.137291	0.912217	0.150503	0.227055	0.146386	0.882842	0.165812
23	3	0.176407	0.340848	0.853915	0.399158	-0.0538778	0.175445	0.802256	0.218689
23	4	0.0457354	0.297708	0.889481	0.334698	0.0877171	0.273911	0.885895	0.309192
23	5	-0.0534336	0.00540366	0.722337	0.0074808	-0.110701	-0.24923	0.455828	-0.546762
23	6	-0.220739	-0.094795	0.486368	-0.194904	0.172364	0.153138	0.214625	0.713511
23	7	0.423714	0.542139	0.535141	1.01308	0.0902681	0.332381	0.42097	0.789559
23	8	0.300425	0.555023	0.852044	0.651402	0.340004	0.504662	1.15936	0.435292
23	9	-0.108222	0.0198449	0.971741	0.020422	-0.121831	0.0273767	0.695709	0.0393508
24	0	0.00583073	0.0193019	0.987417	0.0195479	-0.0394625	0.00386271	0.987417	0.00391194
24	1	0.00710154	0.0729087	1.03477	0.0704592	0.366238	0.266035	1.12005	0.23752
24	2	0.416945	0.491941	1.1302	0.43527	0.051571	0.142094	1.31496	0.108059
24	3	0.271456	0.31788	1.26973	0.250352	0.271205	0.342716	1.72702	0.198443
24	4	0.0990415	-0.0124024	1.45791	-0.00850696	0.0705971	-0.176609	1.32614	-0.133175
24	5	0.395496	0.212252	1.37511	0.154353	0.277477	-0.0314477	1.40605	-0.0223659
24	6	0.0870357	-0.0307526	1.23418	-0.0249174	0.221432	0.513488	1.90944	0.26892
24	7	0.513402	0.961868	1.31171	0.733295	0.62193	0.749628	1.68364	0.445242
24	8	0.211121	0.35491	0.981049	0.361766	0.277972	0.347795	1.15065	0.30226
24	9	0.204624	0.260966	0.686775	0.379988	-0.146905	0.0140704	0.561024	0.0250798
25	0	0.156806	0.224509	1.09168	0.205655	0.298059	0.40689	1.09168	0.37272
25	1	0.378338	0.31978	0.982999	0.325311	0.357156	0.337322	0.827495	0.407642
25	2	0.277823	0.583446	0.933562	0.624967	0.170194	0.359995	0.999204	0.360282
25	3	-0.304887	-0.368167	0.931261	-0.395342	-0.536619	-0.386641	0.985505	-0.392328
25	4	-0.222321	-0.170725	0.854047	-0.199901	0.0132817	0.101922	0.350033	0.291179
25	5	0.0851967	-0.00830495	0.578086	-0.0143663	-0.097157	0.01014	0.794571	0.0127617
25	6	-0.268176	-0.199215	0.880857	-0.22616	-0.0760797	-0.0965677	0.628568	-0.153631
25	7	-0.0886152	0.0688554	0.605724	0.113674	-0.152816	0.238138	0.160956	1.47953
25	8	-0.0547089	0.285097	0.854196	0.333761	-0.0407484	0.0966842	0.692401	0.139636
25	9	0.00625642	0.26555	0.852269	0.311581	0.122018	0.41921	1.09032	0.384482
26	0	0.0485276	0.00646347	1.17609	0.00549574	0.135758	0.0387744	1.17609	0.032969
26	1	0.437615	0.630545	0.9708	0.649511	0.431829	0.498594	0.698021	0.714297
26	2	0.0753226	0.167739	0.943289	0.177823	-0.0978525	0.195788	0.730407	0.268053
26	3	0.0202563	0.0440828	0.778234	0.0566446	0.342134	-0.0125253	0.600895	-0.0208445
26	4	0.419051	0.450764	0.86754	0.519589	0.337338	0.419273	0.905283	0.46314
26	5	0.231262	0.201667	0.863142	0.233642	0.137082	-0.0197261	0.490209	-0.0402401
26	6	0.0382093	0.144269	0.600918	0.240082	-0.0494987	0.077992	1.04687	0.0745004
26	7	-0.279156	-0.120811	0.784064	-0.154084	-0.263519	-0.36316	0.874021	-0.415504
26	8	0.0234058	0.144581	0.775759	0.186374	0.170883	0.0305871	0.606845	0.0504035
26	9	0.245332	0.253622	0.808788	0.313583	-0.0983854	0.0715384	1.13511	0.0630231
27	0	0.186381	0.149994	0.848715	0.176731	0.377368	0.310914	0.848715	0.366335
27	1	0.301776	0.264149	0.998977	0.264419	0.119207	0.085829	0.95416	0.0899524
27	2	-0.0695761	-0.132837	0.783228	-0.169603	0.0627322	-0.00947189	0.835334	-0.011339
27	3	0.337276	0.378741	0.882485	0.429175	0.260231	0.344213	1.07494	0.320216
27	4	0.147574	0.448878	0.825419	0.543819	0.25616	0.392813	0.720491	0.545202
27	5	0.384646	0.301601	0.869712	0.346783	0.389089	0.318393	0.969638	0.328363
27	6	0.216065	0.321468	0.921643	0.348799	0.0520971	0.0657157	0.931993	0.0705109
27	7	-0.124493	-0.251828	0.771537	-0.326398	-0.0646405	-0.223472	0.414184	-0.539548
27	8	0.0870029	0.18167	0.712011	0.25515	0.215742	0.110214	0.456225	0.241579
27	9	0.347792	0.593818	0.838091	0.708537	0.264867	0.25729	0.76412	0.336713
28	0	0.0468277	0.0416939	0.991471	0.0420526	-0.158618	-0.0426131	0.991471	-0.0429797
28	1	-0.149775	-0.112921	0.994164	-0.113584	0.235007	0.217395	0.956866	0.227194
28	2	0.439984	0.501933	0.913548	0.549432	0.488502	0.540315	0.747296	0.723028
28	3	0.142686	0.0851428	0.733372	0.116098	0.096299	-0.053999	0.700528	-0.0770833
28	4	0.326143	0.465241	0.685003	0.679182	0.179047	0.374917	0.488657	0.767239
28	5	0.226102	0.421354	0.735767	0.572673	-0.171035	0.300002	0.791441	0.379058
28	6	-0.128533	-0.211022	0.695352	-0.303475	0.128869	-0.197037	0.487951	-0.403805
28	7	0.250832	0.716979	1.00068	0.716488	0.520002	0.940094	1.47324	0.638112
28	8	0.395777	0.285301	0.766826	0.372054	0.513979	0.269741	0.658772	0.40946
28	9	0.320267	0.369273	0.740567	0.498636	0.194906	0.111384	0.621306	0.179275
29	0	0.0373343	0.032893	0.854468	0.0384952	0.134138	0.101489	0.854468	0.118774
29	1	-0.104021	-0.191972	0.915337	-0.209729	0.0296594	0.0590744	0.69581	0.0849001
29	2	0.654504	0.714554	0.892176	0.800912	0.984859	0.884112	1.14847	0.769819
29	3	0.592865	0.795632	1.17014	0.679948	0.0182161	0.0923597	0.782399	0.118047
29	4	0.152338	0.24023	1.00949	0.237973	0.00427526	0.184521	0.961589	0.191892
29	5	0.127262	0.163758	0.903529	0.181243	0.115904	0.28914	0.969846	0.298129
29	6	-0.0455849	-0.376244	1.12763	-0.333659	0.288627	-0.150223	1.09168	-0.137607
29	7	0.329659	0.678004	1.1558	0.586609	0.305517	0.566422	0.738355	0.767141
29	8	0.274744	0.468658	0.929081	0.504432	0.305434	0.467905	1.02204	0.457815
29	9	0.142286	-0.104309	1.06503	-0.0979405	-0.106662	-0.291457	0.921953	-0.31613
30	0	0.182025	0.303828	0.939651	0.323342	0.183616	0.428145	0.939651	0.455642
30	1	0.0307292	0.198931	0.980506	0.202886	0.105499	0.0888287	0.95261	0.0932477
30	2	0.217653	0.241613	0.920068	0.262603	0.150076	0.172627	0.79998	0.215789
30	3	0.114919	0.226898	0.883161	0.256916	0.149293	0.2825	1.30531	0.216423
30	4	0.0115644	0.0788854	1.25718	0.0627477	-0.0730241	-0.0709288	1.09214	-0.0649448
30	5	0.463307	0.954499	1.1684	0.81693	-0.0531883	0.554502	2.12381	0.261089
30	6	0.199304	0.241349	2.26267	0.106666	0.329726	0.499743	1.69231	0.295303
30	7	-0.027793	0.385289	1.1882	0.324263	0.50967	0.769011	1.31782	0.583546
30	8	0.302918	0.310619	1.07799	0.288147	0.213781	0.00377623	0.929235	0.0040638
30	9	0.0171397	0.180475	0.849476	0.212455	-0.0946689	-0.155366	0.535573	-0.290092
31	0	0.110334	0.102375	0.915966	0.111767	0.281862	0.266318	0.915966	0.290751
31	1	0.239464	0.316365	0.980872	0.322534	0.190156	0.122068	1.21027	0.10086
31	2	0.477049	0.511925	1.1562	0.442765	0.51409	0.567241	1.01063	0.561274
31	3	0.0422286	-0.109635	0.977233	-0.112189	-0.188308	-0.405747	1.03055	-0.393717
31	4	-0.457957	-0.436696	1.03503	-0.421915	-0.493313	-0.656531	0.980519	-0.669575
31	5	-0.163883	-0.119842	1.62403	-0.0737931	-0.0164067	-0.0149402	1.63167	-0.00915634
31	6	0.454286	0.574034	1.38339	0.414947	1.11366	1.09346	1.83038	0.597394
31	7	0.699328	0.7481	0.950286	0.787237	-0.160056	0.178693	0.392113	0.455719
31	8	-0.0891918	-0.0770311	0.719444	-0.10707	0.242662	0.0343467	0.775331	0.0442993
31	9	0.281634	0.449869	0.723842	0.621503	0.555695	0.480083	0.592037	0.8109
32	0	0.0491379	0.128556	0.92937	0.138326	0.276891	0.418648	0.92937	0.450464
32	1	0.545742	0.659247	0.98366	0.670198	0.414372	0.494862	0.940934	0.525927
32	2	0.0469603	0.106068	0.863228	0.122874	-0.305107	-0.251528	0.917833	-0.274045
32	3	-0.306146	-0.341345	0.778034	-0.438727	-0.135453	-0.0401783	0.515326	-0.0779666
32	4	0.0813466	0.0944577	0.922985	0.102339	0.354929	0.324012	1.36927	0.236631
32	5	0.210407	0.535031	1.0282	0.520355	-0.244855	0.0254941	0.652587	0.0390663
32	6	-0.387467	-0.507338	0.701288	-0.723438	-0.111629	0.0332194	1.22744	0.0270641
32	7	0.133021	0.323242	0.772975	0.418179	0.156711	0.348255	0.871462	0.399622
32	8	0.0914087	0.379431	0.721056	0.526216	-0.0988326	0.0742519	0.570712	0.130104
32	9	-0.131172	0.0217382	0.808958	0.0268718	0.137033	0.329562	0.577614	0.570557
33	0	0.369304	0.534963	1.1869	0.450724	0.723639	0.879669	1.1869	0.74115
33	1	0.451111	0.859581	1.28118	0.670929	0.106187	0.481489	0.96904	0.496872
33	2	0.396805	0.647452	0.972303	0.665895	0.508507	0.851208	0.983216	0.865739
33	3	-0.0675468	-0.020195	1.0129	-0.0199378	-0.232297	-0.200372	0.9452	-0.211989
33	4	0.243961	0.387098	1.16967	0.330947	0.210734	0.373933	1.13708	0.328855
33	5	0.134829	0.416696	0.987869	0.421813	-0.00466278	0.609659	0.908044	0.671397
33	6	0.00870291	-0.0166965	0.821851	-0.0203157	0.0374241	0.54881	1.10776	0.495422
33	7	-0.0103729	0.261167	1.36002	0.192031	0.251916	-0.296909	1.03075	-0.288052
33	8	0.10181	0.429598	0.786953	0.545901	0.0450141	0.217411	0.624378	0.348204
33	9	0.17464	0.298634	0.706969	0.422415	0.00757654	0.293476	0.786987	0.372911
34	0	0.0569348	0.044551	1.08639	0.0410085	0.164346	0.208453	1.08639	0.191877
34	1	0.378652	0.627251	0.908915	0.69011	0.356521	0.500541	0.99716	0.501967
34	2	0.30632	0.397639	0.937461	0.424166	0.326752	0.478858	1.05226	0.455074
34	3	-0.0182447	0.120027	1.1129	0.107851	-0.204806	-0.333189	1.00274	-0.332277
34	4	0.378634	0.584289	1.06594	0.548144	0.701393	0.758786	0.997062	0.761022
34	5	0.561026	0.416192	1.44161	0.288699	0.343263	0.358366	1.95024	0.183755
34	6	-0.0883329	-0.173348	1.5419	-0.112424	-0.476716	-0.347573	1.84264	-0.188627
34	7	0.0708866	0.4489	1.67073	0.268684	0.715163	0.817282	2.78665	0.293285
34	8	0.553156	0.7785	1.22772	0.634104	0.340316	0.780593	0.983725	0.793507
34	9	0.178791	0.488589	0.963987	0.506842	0.363096	0.296248	0.519797	0.569929
35	0	0.239103	0.304217	1.11606	0.272581	0.623773	0.634355	1.11606	0.568389
35	1	0.654071	0.589966	1.10848	0.532232	0.368366	0.605539	1.06412	0.569052
35	2	0.125814	0.238504	0.973657	0.244956	0.0295642	-0.056841	0.841934	-0.0675124
35	3	0.176362	0.234148	0.712523	0.328618	0.463022	0.218522	0.593812	0.367999
35	4	0.375679	0.450993	0.825297	0.546461	0.0993361	0.366381	0.990226	0.369997
35	5	0.0627167	-0.0820506	0.975365	-0.0841229	-0.0862663	-0.163818	0.912474	-0.179532
35	6	-0.286548	-0.5483	0.732479	-0.748555	-0.408527	-0.196809	0.795024	-0.247551
35	7	-0.217282	-0.302278	0.529707	-0.570651	0.147572	-0.0835063	0.731971	-0.114084
35	8	0.090081	0.0804978	0.805182	0.0999746	-0.0962478	-0.0999192	0.601517	-0.166112
35	9	-0.0271826	0.157179	0.779384	0.20167	0.158472	0.303538	0.855302	0.35489
36	0	-0.0475396	-0.072246	0.598152	-0.120782	0.0993169	-0.0706375	0.598152	-0.118093
36	1	0.297006	0.442258	0.796853	0.555006	0.29669	0.406169	1.0152	0.400087
36	2	0.204248	0.447103	0.956068	0.467647	0.339444	0.397734	0.921915	0.431421
36	3	0.257035	0.556246	0.944656	0.588835	0.0913606	0.22225	0.927808	0.239543
36	4	0.200292	0.408543	0.892349	0.457829	0.137796	0.412452	0.996942	0.413717
36	5	-0.0235294	0.104158	1.16094	0.0897191	-0.122377	0.416963	0.812433	0.513228
36	6	0.432636	1.06587	0.813811	1.30972	0.871886	0.767042	0.704089	1.08941
36	7	0.554587	0.502076	1.27049	0.395184	0.208281	-0.102804	0.338247	-0.303931
36	8	0.0880715	0.253447	0.89482	0.283238	0.0339253	0.339647	0.916433	0.370619
36	9	0.176893	0.0699165	0.782001	0.0894071	0.468878	0.342462	0.709525	0.482663
37	0	-0.140555	-0.141597	1.03172	-0.137243	-0.131773	-0.0889332	1.03172	-0.0861987
37	1	0.328709	0.427796	1.06673	0.401035	0.303937	0.439747	1.22791	0.358127
37	2	0.097861	0.248398	0.94283	0.26346	0.375688	0.120948	0.822801	0.146996
37	3	0.291281	0.22526	0.894947	0.251703	0.0329883	-0.11335	1.04044	-0.108944
37	4	0.15909	0.422714	1.0249	0.412443	0.339378	0.411782	0.899524	0.457778
37	5	0.130038	0.255103	0.90921	0.280576	-0.466084	-0.260076	1.24454	-0.208974
37	6	0.000367032	0.135644	1.22841	0.110423	0.678134	0.771897	1.44469	0.534301
37	7	0.583507	0.767927	0.894029	0.858951	0.527039	0.341847	0.732106	0.466936
37	8	0.316331	0.398012	0.886059	0.449194	0.0947473	0.239866	0.700766	0.342291
37	9	0.287917	0.451777	0.84168	0.536756	0.335837	0.36857	0.737603	0.499686
38	0	0.163934	0.208733	0.769424	0.271284	0.503159	0.486863	0.769424	0.632763
38	1	0.488514	0.578139	0.923537	0.626006	0.213348	0.279808	0.897323	0.311826
38	2	0.151111	0.295272	0.867481	0.340379	0.221115	0.230746	0.631212	0.365559
38	3	0.262068	0.370376	0.842361	0.439688	0.117268	0.242811	0.535581	0.453359
38	4	-0.0766223	0.150471	0.722149	0.208366	-0.165609	-0.0882168	0.691945	-0.127491
38	5	-0.312535	-0.138382	0.783178	-0.176693	-0.703236	-0.46411	0.605653	-0.766298
38	6	-0.538187	-0.418551	0.716433	-0.584215	0.0236144	-0.0593766	0.553293	-0.107315
38	7	0.273311	0.0209212	1.08678	0.0192506	0.481277	0.118889	0.377759	0.314722
38	8	0.386341	0.547902	0.672271	0.815002	-0.0186413	0.039556	0.681564	0.0580371
38	9	-0.114802	-0.309024	0.768612	-0.402055	-0.149081	-0.164815	0.758997	-0.217149
39	0	0.0220554	-0.0554413	1.01757	-0.0544841	0.157552	-0.0376762	1.01757	-0.0370257
39	1	0.147324	0.17566	1.0079	0.174283	0.016803	-0.0258244	0.867399	-0.0297722
39	2	0.0848212	0.0651587	0.879296	0.0741032	0.0845621	-0.0326831	0.826546	-0.0395418
39	3	0.00418426	0.0761267	1.05153	0.0723958	0.402257	0.316321	1.19314	0.265117
39	4	0.459695	0.629512	1.35261	0.465404	0.229832	0.337949	1.01636	0.332508
39	5	0.573434	0.673797	0.912075	0.738752	0.686336	0.693299	1.48914	0.46557
39	6	0.625805	0.718263	1.45985	0.492012	0.826947	0.856797	1.53894	0.556746
39	7	0.757151	0.560855	1.29812	0.432051	0.286586	0.0383742	0.353049	0.108694
39	8	0.0869768	0.263457	0.739048	0.356481	0.267118	0.473818	0.586191	0.8083
39	9	0.36496	0.732571	0.773203	0.947449	0.38014	0.534998	0.809204	0.661141
40	0	0.0587525	0.105885	0.839567	0.126119	-0.0516354	0.11588	0.839567	0.138024
40	1	0.0154335	0.198645	0.914701	0.217169	0.0955946	0.292569	0.891433	0.328201
40	2	0.159697	0.240635	0.830856	0.289623	0.608576	0.50766	0.890723	0.569941
40	3	0.490921	0.536299	0.890641	0.602149	0.111206	0.0379513	0.618773	0.0613331
40	4	-0.0249554	0.0779645	0.755457	0.103202	-0.108098	-0.201492	0.59415	-0.339127
40	5	0.0258399	0.15152	0.784837	0.193059	0.110895	0.267921	0.781315	0.34291
40	6	-0.0861276	-0.00475247	0.755684	-0.00628897	0.17011	-0.277706	0.254508	-1.09115
40	7	0.229682	0.0581327	0.736095	0.0789744	0.0779104	-0.0814405	0.795055	-0.102434
40	8	0.313721	0.61416	0.786133	0.781241	0.243807	0.401318	0.715894	0.560582
40	9	0.174183	0.153661	0.730767	0.210273	0.248675	0.220269	0.515833	0.427016
41	0	-0.180494	-0.262569	1.14314	-0.229692	-0.064225	-0.170055	1.14314	-0.148762
41	1	0.604916	0.789878	1.23653	0.638788	0.640707	0.820348	1.68159	0.487841
41	2	0.423953	0.280225	1.59232	0.175985	0.71493	0.258834	1.73656	0.14905
41	3	0.814097	0.792256	1.5589	0.508216	0.441195	0.491229	1.78666	0.274942
41	4	0.401437	0.287491	1.08779	0.264288	0.250277	0.142847	1.64622	0.0867729
41	5	-0.0014752	0.215405	1.23992	0.173724	0.0136876	-0.303406	1.93806	-0.156552
41	6	0.453125	0.327634	1.35731	0.241385	0.121403	0.344509	3.80051	0.090648
41	7	-0.0129528	0.294607	1.36563	0.21573	0.476948	0.51756	0.690458	0.74959
41	8	0.209663	0.18498	0.879854	0.210239	0.376136	0.421123	0.790226	0.532915
41	9	0.28966	0.521589	0.798738	0.653017	0.338112	0.368735	0.80476	0.458193
42	0	-0.114982	-0.164341	1.14211	-0.143892	-0.0206059	0.0140378	1.14211	0.0122911
42	1	0.223301	0.368386	1.05093	0.350535	0.344561	0.184984	0.97573	0.189585
42	2	0.350931	0.45762	0.919265	0.497811	0.131675	0.537964	1.11464	0.482637
42	3	0.207099	0.329943	1.01699	0.324431	0.309584	0.337378	0.803774	0.419742
42	4	0.282119	0.60585	0.920372	0.658266	0.152726	0.34884	0.849283	0.410746
42	5	0.107494	-0.0989474	0.994982	-0.0994464	-0.210741	-0.312408	1.12301	-0.278187
42	6	0.0922183	0.0810594	1.2233	0.0662631	0.409432	0.565137	0.502966	1.12361
42	7	0.207874	0.364052	1.00018	0.363989	0.417511	0.105582	0.750831	0.14062
42	8	0.189407	0.241054	0.819794	0.294042	-0.102552	-0.10388	1.09584	-0.094795
42	9	0.0185401	0.107038	0.980477	0.10917	0.148163	0.281359	0.876687	0.320935
43	0	-0.173125	-0.198911	0.84921	-0.234231	-0.195915	-0.126494	0.84921	-0.148954
43	1	0.057701	0.0845854	0.754335	0.112132	0.287933	0.26127	0.936265	0.279055
43	2	0.274613	0.281712	0.913372	0.30843	0.153944	0.369875	0.772733	0.478658
43	3	0.154195	0.223579	0.814767	0.274409	0.167359	0.0143638	0.611686	0.0234823
43	4	0.231558	0.315253	0.92395	0.341201	0.499776	0.312902	1.08427	0.288583
43	5	0.397475	0.455226	1.08183	0.420791	0.26547	-0.200995	0.528921	-0.38001
43	6	0.467217	0.193622	0.69953	0.276789	0.490125	0.22695	0.914216	0.248246
43	7	0.842997	0.699957	0.975953	0.717204	0.775621	0.572391	1.23581	0.463171
43	8	0.199875	0.0121429	1.12449	0.0107986	-0.27993	-0.12893	0.700396	-0.184082
43	9	-0.19306	-0.0786365	0.972108	-0.0808928	0.522223	0.433498	0.68176	0.635851
44	0	0.0806751	0.143228	0.841129	0.170281	0.295492	0.298015	0.841129	0.354303
44	1	0.280359	0.503324	0.925797	0.543666	0.23104	0.263721	1.04261	0.252944
44	2	0.206698	0.0724045	0.870392	0.083186	0.263025	-0.11376	0.778598	-0.146109
44	3	0.271824	0.271882	0.945092	0.287678	0.11572	0.106879	0.705181	0.151562
44	4	0.247922	0.456242	0.763078	0.597897	0.43669	0.348627	0.863553	0.403713
44	5	0.25708	0.411538	0.955672	0.430627	0.369687	-0.138677	0.604938	-0.229242
44	6	0.22139	0.12423	0.807368	0.153871	0.116445	0.0975351	1.66609	0.0585412
44	7	0.81228	1.22614	1.44199	0.850311	0.803224	0.994605	2.0506	0.485031
44	8	0.206212	0.412396	0.860434	0.479288	-0.396136	-0.149919	0.811699	-0.184697
44	9	-0.280518	-0.243518	0.808069	-0.301358	-0.0438725	0.11155	0.976385	0.114248
45	0	0.312477	0.391554	0.966236	0.405237	0.461523	0.485587	0.966236	0.502556
45	1	0.46028	0.854789	1.02585	0.833245	0.451334	0.749846	1.06011	0.707331
45	2	0.262633	0.362243	0.956902	0.378558	0.358977	0.237908	0.890888	0.267046
45	3	0.433282	0.511355	0.892503	0.572945	0.292772	0.491337	1.12014	0.438641
45	4	0.379408	0.42061	0.829932	0.506801	0.596811	0.648467	0.975482	0.664766
45	5	0.274687	0.393249	0.920079	0.427408	-0.484911	-0.520533	1.17571	-0.442738
45	6	-0.484443	-0.475825	1.01975	-0.466609	-0.275543	-0.15717	1.83263	-0.0857617
45	7	-0.625862	-0.454833	1.16154	-0.391578	-0.268848	-0.199245	1.68481	-0.118259
45	8	0.444719	0.481966	1.42697	0.337756	0.486754	0.74534	1.3442	0.554486
45	9	0.22567	0.198498	1.10739	0.179249	0.0793517	0.130129	1.03846	0.12531
46	0	0.0847235	0.127297	0.7652	0.166358	0.258534	0.209332	0.7652	0.273565
46	1	0.352287	0.477261	1.08113	0.441445	-0.0146375	0.200419	1.0938	0.183232
46	2	0.155049	0.209881	1.06513	0.197047	0.47998	0.695854	1.1092	0.627347
46	3	-0.0121642	0.0231034	0.95582	0.0241713	0.156348	-0.12097	0.986246	-0.122657
46	4	0.464023	0.247505	0.959052	0.258073	0.181388	0.403722	1.05894	0.381252
46	5	0.184436	0.335244	0.931944	0.359725	-0.262413	-0.0308083	1.14971	-0.0267965
46	6	0.0398797	-0.0128457	0.843133	-0.0152357	0.261655	0.173642	1.57877	0.109986
46	7	-0.68026	-0.748869	1.04236	-0.718437	-0.486715	-0.51629	2.06768	-0.249695
46	8	0.297929	0.450832	1.81915	0.247825	0.490803	0.48484	1.92265	0.252173
46	9	0.544064	0.516993	1.20827	0.427879	0.672646	0.534375	1.09737	0.486961
47	0	0.276711	0.290291	1.15805	0.250673	0.433376	0.616161	1.15805	0.532068
47	1	0.272999	0.225485	1.11161	0.202845	0.14615	0.220692	0.977805	0.225702
47	2	0.00511952	0.0841827	0.913879	0.0921158	-0.165555	-0.189333	0.751121	-0.252067
47	3	-0.173006	0.00140438	0.870846	0.00161266	0.0504242	0.308418	0.855364	0.360569
47	4	0.226905	0.25437	0.811454	0.313475	0.061497	0.0277845	0.873802	0.0317973
47	5	-0.0841726	-0.0607744	0.744442	-0.0816375	-0.616272	-0.390548	0.842519	-0.463548
47	6	-0.379055	0.0377422	0.800301	0.04716	0.169339	-0.0441776	0.774647	-0.0570293
47	7	-0.326674	-0.605837	0.984141	-0.6156	0.0132583	-0.278569	1.33991	-0.207901
47	8	0.169376	0.156147	0.832882	0.187478	-0.0342739	-0.239544	0.633933	-0.377869
47	9	0.416818	0.499735	0.920817	0.542708	0.456036	0.652675	1.14942	0.567831
48	0	-0.0215731	0.0616367	0.991959	0.0621364	0.106402	0.305809	0.991959	0.308287
48	1	0.246627	0.219474	0.942653	0.232825	0.211814	0.167167	1.17472	0.142303
48	2	0.20819	0.460205	0.947991	0.485453	0.33809	0.46988	0.845402	0.555807
48	3	0.323443	0.362304	0.777375	0.466061	0.272507	0.210313	0.922393	0.228008
48	4	-0.0806202	-0.144485	0.983936	-0.146844	-0.410586	-0.532672	1.05163	-0.506522
48	5	-0.0637696	-0.162363	0.951137	-0.170705	0.489787	0.524914	0.982842	0.534078
48	6	0.579129	0.660261	0.896206	0.736729	0.280103	0.196125	1.10768	0.177058
48	7	0.336157	-0.0285226	0.901285	-0.0316466	0.529053	0.168794	1.02664	0.164414
48	8	0.30147	0.242519	0.886448	0.273585	0.134421	-0.100226	0.879921	-0.113903
48	9	0.262367	0.389952	0.917164	0.425171	0.160814	0.0257629	0.798937	0.0322464
49	0	0.167741	0.28697	0.998126	0.287509	0.522212	0.545847	0.998126	0.546872
49	1	0.0812921	0.0645937	1.27967	0.050477	-0.180652	-0.478993	1.2503	-0.383104
49	2	-0.0399723	0.240252	1.13113	0.212401	-0.0300344	0.0425446	0.917721	0.046359
49	3	0.188881	0.133114	0.889825	0.149595	0.0997761	0.36527	0.678021	0.53873
49	4	0.0955922	0.224829	0.81192	0.27691	0.160307	0.166501	0.686705	0.242464
49	5	-0.12208	-0.106283	0.664684	-0.1599	-0.156494	-0.25408	0.72402	-0.350929
49	6	0.180337	0.356282	0.841201	0.423539	0.374144	0.530305	1.20817	0.438933
49	7	-0.0237997	-0.259799	0.955042	-0.272029	-0.24343	-0.208739	1.17503	-0.177646
49	8	0.249223	0.235575	0.934005	0.25222	0.319957	0.213236	0.721317	0.29562
49	9	0.235924	0.420721	0.890403	0.472506	0.540004	0.538417	0.782035	0.688481
50	0	0.266625	0.342262	0.709848	0.482162	0.362463	0.316582	0.709848	0.445985
50	1	0.259501	0.332876	0.755348	0.440692	0.22447	0.318792	0.694316	0.459145
50	2	0.182366	0.218266	0.850269	0.256703	0.29051	0.429466	1.09806	0.391115
50	3	0.13704	0.0575156	1.12868	0.0509583	-0.0611337	-0.134315	1.02004	-0.131676
50	4	0.128344	0.29566	1.04233	0.283654	0.0777401	0.186909	1.10253	0.169527
50	5	-0.0356969	0.0595852	0.888857	0.0670357	-0.153928	-0.00208802	0.775996	-0.00269076
50	6	0.382295	0.367789	0.769629	0.477878	0.563638	0.377948	0.935631	0.403949
50	7	0.454354	0.220934	0.890571	0.248082	1.04884	0.488871	1.07484	0.454831
50	8	0.82212	0.935985	1.21094	0.772943	0.351275	0.518685	0.739281	0.701607
50	9	0.294188	0.623976	0.851422	0.732863	0.164441	0.258475	0.829901	0.311452
51	0	0.136506	0.369544	0.879407	0.420219	0.31967	0.69422	0.879407	0.789419
51	1	0.227198	0.401542	0.809817	0.495843	0.16866	0.326912	0.552541	0.591652
51	2	0.200699	0.231924	1.01664	0.228129	0.0612693	0.33718	1.28886	0.261612
51	3	-0.084259	0.0241537	1.10218	0.0219145	-0.0722461	0.0766667	0.948707	0.0808118
51	4	-0.0395019	0.0650612	0.978357	0.0665005	-0.0145055	-0.0815946	1.11556	-0.0731421
51	5	0.056484	0.315353	0.984633	0.320275	-0.0389464	0.512603	0.719328	0.712614
51	6	0.273063	0.532308	0.946518	0.562386	0.468752	0.555724	1.25649	0.442285
51	7	0.65717	0.692433	0.859288	0.805822	1.02477	0.581412	0.924222	0.629083
51	8	0.741222	0.858095	1.27365	0.67373	0.481761	0.462008	1.28103	0.360654
51	9	0.185596	0.370254	1.05542	0.350811	0.0681764	0.0481655	0.574292	0.0838694
52	0	0.103411	0.194449	1.13253	0.171694	0.0338161	0.170459	1.13253	0.150511
52	1	-0.0849588	-0.109536	1.09172	-0.100334	0.132693	0.127577	0.835363	0.15272
52	2	0.177117	0.370064	0.946182	0.391113	0.077711	0.316392	1.26656	0.249803
52	3	0.143934	0.0713532	0.968756	0.0736545	0.467479	0.256184	0.820958	0.312055
52	4	0.350382	0.309988	0.892015	0.347515	-0.103499	-0.291157	1.16077	-0.250831
52	5	-0.0983123	0.146213	1.07669	0.135799	0.139311	-0.0513569	1.19037	-0.0431438
52	6	0.342749	0.286453	0.976143	0.293454	0.508703	0.245603	0.626645	0.391934
52	7	0.462228	-0.0194395	0.748732	-0.0259632	0.236272	0.0181943	0.553949	0.0328447
52	8	0.23326	0.547026	0.907325	0.6029	0.273553	0.191203	1.05486	0.18126
52	9	0.363581	0.345243	0.911479	0.378772	0.452225	0.219488	0.782729	0.280414
53	0	0.142567	0.174313	1.10156	0.158243	0.392337	0.438051	1.10156	0.397666
53	1	0.251515	0.363346	1.03511	0.351023	0.0907542	-0.13396	1.04925	-0.127673
53	2	0.180045	0.0127036	0.962131	0.0132037	0.198949	0.178075	1.22948	0.144838
53	3	0.528659	0.749118	1.22864	0.609711	0.466804	0.515817	1.28111	0.402631
53	4	0.552905	0.898487	1.30526	0.688361	0.71702	0.992077	1.59658	0.621378
53	5	0.347024	0.257169	1.35992	0.189106	-0.298429	-0.130354	1.79729	-0.0725278
53	6	-0.125023	0.0889206	1.62534	0.054709	0.753737	0.837411	2.74807	0.304727
53	7	1.07783	1.19551	1.38577	0.862706	0.546002	1.01167	3.27837	0.308589
53	8	0.142716	0.138161	1.20241	0.114904	0.284953	0.405522	0.663202	0.611461
53	9	-0.0207708	0.113021	1.13426	0.0996431	-0.14824	0.0359901	0.741993	0.0485047
54	0	-0.0351268	-0.0305657	0.91945	-0.0332435	0.135804	0.0239448	0.91945	0.0260425
54	1	0.128486	0.0954024	0.849487	0.112306	0.131367	0.104046	0.64919	0.16027
54	2	0.178311	0.0922716	0.97993	0.0941614	0.153258	0.0649214	0.753048	0.0862115
54	3	0.215275	0.302072	0.780436	0.387056	-0.026952	0.159322	0.652222	0.244276
54	4	0.151454	0.168404	0.723031	0.232914	0.442239	0.308	0.829207	0.371439
54	5	0.305735	0.440476	0.857046	0.513946	0.405445	0.0662411	1.09855	0.0602987
54	6	0.423038	0.191671	0.919081	0.208546	0.0236955	0.172391	0.418779	0.41165
54	7	0.282848	0.353197	0.590927	0.5977	0.544293	0.553211	0.733361	0.754351
54	8	0.139844	0.424117	0.79993	0.530193	-0.132971	0.0680054	0.817401	0.0831972
54	9	-0.259086	-0.187639	0.7916	-0.237037	0.089397	0.232996	0.574217	0.405763
55	0	0.236033	0.268559	0.872992	0.307631	0.462017	0.244114	0.872992	0.279629
55	1	0.203207	0.200989	0.95347	0.210798	0.251642	0.0620244	0.919276	0.0674709
55	2	0.546565	0.622015	0.950005	0.654749	0.302728	0.558216	0.805237	0.693232
55	3	0.503348	0.561841	1.11012	0.50611	0.438171	0.536719	0.957101	0.560776
55	4	0.424269	0.594487	1.10999	0.535577	0.669777	0.774829	1.39003	0.55742
55	5	0.489827	0.40305	1.1323	0.355956	0.0826158	-0.0783192	1.31303	-0.0596475
55	6	0.319279	0.0161554	1.21797	0.0132642	0.3663	0.371602	2.18232	0.170279
55	7	-0.0105954	0.0719469	1.74565	0.041215	0.222018	0.127169	1.03675	0.122661
55	8	0.298858	0.518418	0.704065	0.736322	0.298455	0.263052	0.431501	0.609619
55	9	0.173781	0.370887	0.681085	0.544553	0.0697085	-0.0917968	0.588976	-0.155858
56	0	0.310757	0.412916	1.0951	0.377059	0.60561	0.779274	1.0951	0.711602
56	1	0.681238	0.731654	1.27662	0.573118	0.388094	0.577227	1.46433	0.394192
56	2	-0.10314	-0.236577	1.28203	-0.184533	-0.389576	-0.365335	0.935195	-0.390651
56	3	-0.375387	-0.383644	0.970521	-0.395297	-0.139192	-0.310746	0.699232	-0.444411
56	4	0.0182413	-0.247858	0.845466	-0.293162	0.123991	-0.107805	0.862769	-0.124952
56	5	0.070088	0.112563	0.869149	0.129509	-0.184542	-0.240002	0.660585	-0.363317
56	6	-0.0642726	-0.295746	0.701017	-0.421882	0.348086	0.217846	0.504	0.432235
56	7	0.635816	0.845954	0.798374	1.0596	0.374325	0.597546	1.15177	0.518806
56	8	-0.0297055	0.165924	0.767834	0.216094	-0.0549541	0.103322	0.51389	0.201058
56	9	0.123221	0.359124	0.583409	0.615561	0.259809	0.213893	0.887274	0.241068
57	0	0.0193309	0.0652449	0.936242	0.0696881	-0.084898	0.0177797	0.936242	0.0189905
57	1	-0.214797	-0.115659	0.779324	-0.148409	0.022731	-0.111522	0.779007	-0.143159
57	2	0.133525	0.241654	0.803059	0.300917	0.039034	0.152368	0.725083	0.210139
57	3	-0.00380423	0.104854	0.790446	0.132652	-0.0492465	0.0881582	0.709764	0.124208
57	4	-0.0284242	0.00433521	0.613927	0.00706145	0.126777	0.076061	0.705919	0.107748
57	5	0.101844	0.125956	0.804024	0.156657	-0.101303	0.00309094	0.792424	0.00390061
57	6	0.306576	0.507954	0.690322	0.735821	0.572294	0.65187	0.890381	0.732125
57	7	0.513154	0.817249	0.726031	1.12564	0.466305	0.469622	0.39868	1.17794
57	8	0.188972	0.230917	0.627454	0.368022	-0.0114576	0.0993959	0.473244	0.210031
57	9	0.130646	0.211971	0.781413	0.271266	0.284401	0.162774	0.715115	0.227619
58	0	0.308823	0.434424	0.773262	0.561807	0.32941	0.440118	0.773262	0.569171
58	1	0.611938	0.900807	1.04969	0.858162	0.741434	0.951662	1.53999	0.617968
58	2	0.167551	0.128473	1.29387	0.0992932	-0.0468694	-0.277334	1.07222	-0.258655
58	3	0.0226664	0.0849595	0.959462	0.088549	0.146899	0.492974	1.07128	0.460173
58	4	0.0243143	0.145032	0.727378	0.19939	-0.0625098	-0.099746	0.738094	-0.13514
58	5	0.284731	0.224464	0.881799	0.254553	0.400481	0.641397	1.18385	0.541789
58	6	0.826527	1.27593	1.40233	0.909864	0.716265	1.03936	2.12106	0.49002
58	7	-0.0781243	-0.0553093	1.53624	-0.036003	-0.260975	-0.100789	2.4228	-0.0416005
58	8	-0.162951	-0.00816524	1.46458	-0.00557515	0.00806327	0.00543453	1.27685	0.00425621
58	9	0.121467	0.374339	0.958171	0.390681	0.215695	0.284276	1.206	0.235717
59	0	0.152	0.173682	0.956329	0.181614	0.324931	0.25216	0.956329	0.263675
59	1	0.526902	0.796638	0.999312	0.797187	0.430437	0.66634	1.10514	0.602946
59	2	0.00543597	-0.015143	0.974455	-0.01554	0.0263519	0.0997604	1.2349	0.0807844
59	3	0.127676	0.33193	1.09696	0.302592	0.101766	0.145845	1.25709	0.116018
59	4	0.340126	0.469338	1.10938	0.423063	0.529459	0.560217	1.16496	0.48089
59	5	0.784716	0.930199	1.22106	0.761796	0.640652	0.958432	1.62263	0.590665
59	6	0.349081	0.442245	1.75661	0.251761	0.280337	0.239285	1.34975	0.177281
59	7	0.246796	0.105048	0.739966	0.141964	0.370497	0.300597	1.56796	0.191712
59	8	0.0761094	0.245015	1.28292	0.190982	-0.065782	0.277237	1.14794	0.241508
59	9	-0.0038321	0.171049	0.98195	0.174193	-0.182455	-0.116497	0.936535	-0.124392
60	0	0.164473	0.213452	0.962756	0.221709	0.477035	0.340307	0.962756	0.353472
60	1	0.380814	0.451839	1.14137	0.395875	0.0711381	0.143321	1.19446	0.119989
60	2	0.0473035	0.0200804	1.06621	0.0188335	0.161586	-0.196631	0.999975	-0.196636
60	3	0.204842	0.187547	0.994628	0.18856	0.109522	0.0759921	0.880882	0.0862681
60	4	0.284538	0.518196	0.880401	0.588591	0.383748	0.291894	1.09785	0.265879
60	5	0.184029	0.181569	1.09878	0.165246	-0.472061	-0.807443	1.37104	-0.588928
60	6	0.0243803	0.0887122	1.31527	0.0674478	0.934211	0.96965	1.31587	0.736888
60	7	0.609776	0.36839	1.45777	0.252708	0.247474	0.039999	0.59403	0.067335
60	8	0.0255061	0.39698	1.532	0.259125	0.117267	0.426901	1.52802	0.279382
60	9	0.0122475	-0.0204262	0.814214	-0.025087	-0.0630672	-0.0583444	0.726847	-0.0802705
61	0	0.0767612	0.120049	0.618389	0.194131	0.092312	0.108989	0.618389	0.176246
61	1	0.0915093	0.406757	0.82768	0.491442	0.270494	0.309574	0.503222	0.615183
61	2	0.164361	0.337294	0.765971	0.440348	-0.0538999	0.189597	0.814562	0.23276
61	3	0.159906	0.257737	0.803093	0.320931	0.197837	0.106781	0.759534	0.140587
61	4	0.0981003	0.321388	0.918026	0.350086	-0.125262	0.293327	1.02712	0.285582
61	5	-0.113306	-0.039484	0.88715	-0.0445066	0.0894318	-0.0269287	0.632746	-0.0425584
61	6	0.106114	0.0687253	0.768236	0.0894586	0.00141844	0.355155	0.629302	0.564363
61	7	0.205555	0.233628	0.584679	0.399584	0.222423	0.155972	0.681157	0.228982
61	8	0.100578	0.27757	1.08825	0.255061	0.185251	0.286369	1.11664	0.256456
61	9	0.156701	0.33514	1.09348	0.306488	0.239283	0.166613	0.887616	0.187708
62	0	0.176779	0.307905	0.732247	0.420494	0.380777	0.432417	0.732247	0.590534
62	1	0.203136	0.252966	0.960634	0.263332	0.320266	0.10076	0.807563	0.124771
62	2	0.54325	0.707294	0.887782	0.796698	0.148362	0.405322	0.914264	0.443331
62	3	0.191784	0.344979	0.91185	0.378329	0.282154	0.423123	1.03461	0.40897
62	4	0.1041	0.12947	0.89093	0.14532	0.0874025	-0.0558025	0.715694	-0.0779698
62	5	0.224206	0.396537	0.829956	0.477781	0.219904	-0.0580997	1.14556	-0.0507173
62	6	-0.290635	-0.591799	1.05595	-0.560442	-0.285435	-0.517737	1.71004	-0.302764
62	7	0.267022	0.373686	1.20225	0.310823	0.350181	0.558873	1.07426	0.520239
62	8	-0.00642714	0.037696	0.781665	0.0482253	-0.170062	-0.168392	0.566684	-0.297154
62	9	0.0696656	0.126788	0.860794	0.147292	0.187323	0.628663	1.0346	0.607641
63	0	0.375792	0.516623	1.02868	0.50222	0.494563	0.645578	1.02868	0.62758
63	1	0.499461	0.603139	1.23366	0.488902	0.602489	0.488435	0.912313	0.535381
63	2	0.434977	0.400793	0.948931	0.422363	0.376128	0.257096	0.932225	0.275788
63	3	0.384735	0.479027	0.962242	0.497824	0.204255	0.119373	0.724487	0.164769
63	4	-0.162381	-0.0989043	0.942018	-0.104992	-0.228822	-0.121589	1.234	-0.0985325
63	5	-0.195231	-0.210214	0.895822	-0.234661	-0.58756	-0.464534	1.11233	-0.417621
63	6	-0.25785	-0.271981	0.694954	-0.391366	0.0580548	0.0400615	0.80027	0.05006
63	7	0.087991	0.274954	0.598111	0.459703	0.330224	0.385176	0.544207	0.707774
63	8	0.229157	-0.0426536	0.620193	-0.0687747	0.0233901	-0.0331762	0.596748	-0.055595
63	9	-0.0198901	-0.187613	0.879217	-0.213387	0.228818	0.0119993	0.855159	0.0140317
64	0	-0.0247836	-0.0408006	0.768537	-0.0530887	-0.0785524	-0.0327495	0.768537	-0.0426127
64	1	-0.128512	-0.18172	0.801045	-0.226853	0.102059	-0.114074	1.00882	-0.113077
64	2	0.535464	0.839862	1.1605	0.723706	0.477004	0.748273	1.14871	0.651406
64	3	0.358581	0.590168	0.977775	0.603583	0.338585	0.567639	0.842034	0.674128
64	4	0.144813	0.404167	0.874687	0.46207	0.0800247	0.417477	0.971782	0.429599
64	5	0.0642977	0.332234	0.927297	0.358282	0.211475	-0.0235253	0.741373	-0.031732
64	6	0.434836	0.762282	0.861344	0.884991	0.196128	0.227081	1.44377	0.157283
64	7	0.306543	0.59406	0.90665	0.655226	0.396944	0.54034	1.23531	0.437413
64	8	0.0952143	0.193129	0.978317	0.197409	0.140545	0.152748	0.41362	0.369295
64	9	0.248299	0.432496	0.881724	0.490512	0.290097	0.441022	1.16507	0.378537
65	0	0.104239	0.069161	0.871091	0.0793958	0.26815	0.109556	0.871091	0.125769
65	1	0.398968	0.58369	0.993163	0.587708	0.358175	0.653656	0.963896	0.678139
65	2	0.134814	0.251823	0.925404	0.272122	0.0808136	0.169453	0.588874	0.287758
65	3	0.0615095	0.0878393	0.634621	0.138412	-0.0209701	-0.0631161	0.718218	-0.0878788
65	4	0.0445003	0.145932	0.871094	0.167527	0.113891	0.186544	0.753974	0.247414
65	5	-0.121723	-0.0859576	0.6788	-0.126632	-0.371275	-0.369204	0.646738	-0.57087
65	6	-0.199963	-0.398378	0.820503	-0.485529	0.117322	0.208109	0.764588	0.272185
65	7	0.0912447	0.146104	0.793379	0.184154	-0.0679107	-0.331843	0.675641	-0.491153
65	8	-0.0554543	-0.16183	0.817345	-0.197995	0.205371	-0.0163568	0.799046	-0.0204705
65	9	0.259132	0.407348	0.858253	0.474625	0.192471	0.0251849	0.543838	0.0463095
66	0	-0.0257598	0.0681224	1.31277	0.051892	0.219588	0.290189	1.31277	0.221051
66	1	0.521293	0.543344	1.08375	0.501353	0.410565	0.346728	1.20653	0.287375
66	2	0.0493531	0.0223037	1.17264	0.0190201	-0.010717	0.184933	1.2736	0.145205
66	3	0.202597	0.588835	1.11124	0.52989	0.264712	0.323303	0.700356	0.461627
66	4	0.329978	0.373147	1.05271	0.354465	0.159419	0.17456	0.67367	0.259117
66	5	0.213576	0.369367	0.869549	0.424779	0.22577	0.492929	0.766067	0.643455
66	6	0.0399902	0.352623	0.794281	0.443952	0.0346405	0.298794	0.957297	0.312122
66	7	0.158622	0.0900494	1.0441	0.0862456	0.406087	0.0990739	0.723049	0.137022
66	8	0.368306	0.79863	0.810132	0.985802	0.309471	0.579702	0.770451	0.752418
66	9	0.166974	0.285626	0.826298	0.34567	0.0215275	0.152623	0.71596	0.213172
67	0	0.0414856	0.0257256	1.29159	0.0199178	0.242388	0.254394	1.29159	0.196962
67	1	0.367056	0.449825	1.28326	0.350534	0.419976	0.271774	1.45265	0.187088
67	2	0.601258	0.634369	1.21359	0.522719	0.547004	0.569946	1.20062	0.474711
67	3	0.20427	0.27502	0.892671	0.308086	0.109028	0.0521778	0.781828	0.0667382
67	4	0.420786	0.36975	0.854566	0.432676	0.182262	0.3973	1.2536	0.316926
67	5	0.0816823	0.126205	1.25681	0.100417	-0.504355	-0.349209	1.69294	-0.206274
67	6	-0.852427	-0.802757	1.3409	-0.598671	-0.243688	-0.357722	1.75964	-0.203293
67	7	0.197737	0.512925	1.1205	0.457763	0.450803	0.742558	1.34924	0.550351
67	8	0.437291	0.536923	1.09596	0.489912	0.450059	0.379135	0.839723	0.451499
67	9	0.234205	0.159664	0.856555	0.186402	-0.0964097	-0.17673	1.13026	-0.156362
68	0	0.0312023	0.0715376	1.01093	0.0707645	0.221799	0.14129	1.01093	0.139763
68	1	0.0458676	0.0140744	0.894544	0.0157336	-0.0733509	-0.261662	0.986513	-0.265239
68	2	0.305502	0.474178	1.22691	0.386482	0.331091	0.705921	1.27485	0.55373
68	3	0.402938	0.520422	1.15071	0.452262	0.493728	0.357428	1.53836	0.232343
68	4	0.23893	0.315235	1.30467	0.24162	-0.129385	0.00138422	1.71749	0.000805952
68	5	-0.0568822	-0.171989	1.31054	-0.131235	0.118047	0.100142	1.13653	0.0881117
68	6	0.118093	0.358783	0.915818	0.391763	-0.00432691	0.384459	1.58295	0.242875
68	7	-0.107459	0.101383	0.877571	0.115526	0.0169403	0.400461	1.20366	0.332704
68	8	0.181173	0.566994	0.5785	0.980111	0.183387	0.314465	0.544685	0.577333
68	9	0.139853	-0.093899	0.642236	-0.146206	0.291006	-0.0687797	0.565105	-0.121711
69	0	0.161804	0.142284	0.910551	0.156262	0.185126	0.328603	0.910551	0.360884
69	1	0.138539	0.240531	0.825156	0.291498	0.0795283	0.146837	0.921118	0.159411
69	2	0.0819074	0.122027	0.905332	0.134787	0.0878876	0.0506804	1.08473	0.0467218
69	3	0.278412	0.367934	0.8839	0.416262	0.67282	0.740505	0.948984	0.780313
69	4	0.458507	0.687872	1.24247	0.553633	0.278002	0.268752	0.849815	0.316248
69	5	0.415142	0.474652	0.855435	0.554866	0.127993	0.578121	0.694697	0.832191
69	6	0.111594	0.377143	0.877345	0.429868	0.329785	0.341968	0.528705	0.646802
69	7	0.392771	0.191521	0.515087	0.371823	0.457342	0.0737227	0.325847	0.22625
69	8	0.22457	0.279133	0.479921	0.581622	-0.0415815	0.138674	0.578862	0.239563
69	9	0.00570791	-0.015329	0.77112	-0.0198789	0.166465	0.232979	0.928799	0.250839
70	0	0.268586	0.349696	1.19998	0.291418	0.48194	0.563356	1.19998	0.46947
70	1	0.415228	0.510756	1.21081	0.42183	0.166172	0.325567	1.64708	0.197664
70	2	0.242425	0.519757	1.32226	0.393083	0.393204	0.521687	1.80183	0.289531
70	3	0.432123	0.541501	1.37429	0.394022	0.388813	0.507053	1.64515	0.308211
70	4	0.143981	-0.0610045	1.5406	-0.0395977	0.184855	0.175998	1.64236	0.107161
70	5	0.248309	0.27063	1.28624	0.210404	-0.487145	-0.612796	1.80378	-0.339729
70	6	-0.52465	-0.819446	1.51991	-0.539141	0.0813142	-0.604779	2.64093	-0.229002
70	7	0.00426181	0.186918	1.74849	0.106903	0.0245852	0.192555	4.4073	0.0436901
70	8	-0.1343	-0.187175	1.50098	-0.124702	0.157945	-0.178529	1.61187	-0.110759
70	9	0.451849	0.391016	1.02566	0.381234	0.100758	0.0551382	1.06456	0.0517944
71	0	0.16937	0.228969	0.81957	0.279377	0.117871	0.216285	0.81957	0.263901
71	1	-0.201314	-0.235223	0.862403	-0.272753	-0.181079	-0.319475	0.771211	-0.414252
71	2	0.517373	0.457785	1.08801	0.420756	0.864588	0.855331	1.53608	0.556829
71	3	0.614812	0.981013	1.44664	0.678133	0.437625	0.853085	1.18037	0.722729
71	4	0.354572	0.320548	0.95046	0.337255	0.0408929	0.130767	0.677744	0.192944
71	5	-0.0922089	0.111155	0.78466	0.14166	0.0243096	-0.0303948	0.895394	-0.0339457
71	6	0.0335955	-0.0274016	0.84698	-0.0323521	0.0454457	0.117729	1.02135	0.115268
71	7	0.0861935	0.128379	0.630231	0.203702	0.205437	0.15917	0.802034	0.198458
71	8	-0.0291276	0.0282097	1.11453	0.025311	-0.0975191	-0.112534	1.25011	-0.0900191
71	9	0.0472784	0.137476	1.00924	0.136218	0.123186	0.312112	1.39404	0.22389
72	0	0.0917259	0.184681	1.21247	0.152318	0.0733695	0.119329	1.21247	0.0984182
72	1	0.499146	0.602312	0.9805	0.61429	0.706165	0.8935	0.945629	0.944873
72	2	0.58141	0.749767	1.08768	0.689324	0.541356	0.705955	1.37344	0.514004
72	3	0.0975316	0.217023	1.1022	0.196901	-0.0502828	-0.118157	1.27126	-0.092945
72	4	0.241358	0.350665	1.00895	0.347556	0.184106	0.416622	1.33291	0.312565
72	5	0.119026	-0.00450752	1.35216	-0.00333356	0.141125	-0.124914	1.5861	-0.0787557
72	6	0.089101	-0.0407851	1.39283	-0.0292821	0.163032	0.211455	2.1379	0.0989077
72	7	-0.165473	-0.311749	0.925025	-0.337016	-0.10877	0.00871925	1.12222	0.00776962
72	8	0.235245	0.364153	0.839035	0.434013	0.154394	0.155431	0.959916	0.161921
72	9	0.00747285	0.18194	1.04842	0.173537	0.265263	0.111327	0.86295	0.129007
73	0	0.272415	0.378537	0.983323	0.384957	0.312654	0.30694	0.983323	0.312146
73	1	0.312464	0.279951	0.865899	0.323307	0.506584	0.441525	0.894778	0.493447
73	2	0.304112	0.465668	1.03583	0.449558	0.0281737	0.0278503	1.29961	0.0214297
73	3	0.131723	0.202931	1.3246	0.153202	-0.113987	0.0617	0.992221	0.0621837
73	4	0.273135	0.610484	0.820236	0.744278	0.674821	0.959285	1.12001	0.856496
73	5	0.342579	0.636727	1.22159	0.521227	-0.145469	-0.100015	1.54867	-0.0645812
73	6	-0.470158	-0.822741	1.1416	-0.720692	0.112094	0.252724	1.85138	0.136506
73	7	0.157364	0.406843	1.45722	0.279191	0.0532502	0.324271	2.61803	0.123861
73	8	0.489863	0.535769	1.41243	0.379323	0.343974	0.382285	1.12807	0.338884
73	9	-0.0510371	0.0892293	1.38037	0.0646416	0.240211	0.193008	0.899069	0.214676
74	0	0.0208374	0.0654057	1.49897	0.0436337	-0.11438	-0.0287541	1.49897	-0.0191826
74	1	0.512659	0.74826	1.16588	0.641801	0.53819	0.989972	1.44182	0.686614
74	2	-0.283323	-0.295708	1.53351	-0.192831	-0.246059	-0.289212	1.26899	-0.227907
74	3	0.045555	0.0212019	1.01116	0.020968	0.0770967	0.144028	1.05318	0.136756
74	4	0.110509	0.422472	0.926975	0.455753	0.273577	0.441969	1.06776	0.413922
74	5	0.149142	0.0124701	0.987647	0.0126261	-0.110795	-0.221901	1.02342	-0.216824
74	6	-0.257425	-0.184184	0.874825	-0.210538	0.342764	-0.0834973	1.08588	-0.0768938
74	7	0.676336	0.665003	0.759572	0.875497	0.213133	0.43518	0.774097	0.562178
74	8	0.234959	0.395377	0.817629	0.483565	0.308505	0.320929	0.822126	0.390365
74	9	-0.103916	-0.0876869	0.806813	-0.108683	0.0680131	-0.173243	0.628515	-0.275639
75	0	0.242569	0.258163	1.33665	0.193141	0.495958	0.489751	1.33665	0.366402
75	1	0.666605	0.704224	1.28243	0.549131	0.676392	0.573268	1.0551	0.543329
75	2	0.343023	0.425211	1.10587	0.384506	0.105778	0.149897	1.17949	0.127087
75	3	0.0505124	0.178945	1.09572	0.163313	-0.0217463	0.00297108	1.27788	0.002325
75	4	0.19041	0.380907	1.16757	0.326238	0.275325	0.480796	1.07879	0.445682
75	5	0.130004	0.211752	0.87974	0.240699	-0.0957847	-0.201241	0.829142	-0.24271
75	6	-0.418469	-0.425528	0.970774	-0.438339	0.40492	-0.0840478	0.958396	-0.0876963
75	7	0.457753	0.2432	1.17427	0.207107	-0.0703846	-0.501214	0.824317	-0.608036
75	8	0.208804	0.428018	1.00474	0.425996	0.0229893	0.408388	1.46577	0.278617
75	9	-0.10706	-0.158691	0.980916	-0.161779	-0.130003	-0.193415	0.781189	-0.24759
76	0	0.102208	0.126255	0.712614	0.177172	0.343709	0.291662	0.712614	0.409285
76	1	0.180177	0.251429	0.789624	0.318417	0.0391306	-0.0275142	0.591388	-0.0465247
76	2	0.127704	-0.0166291	0.90189	-0.0184381	0.171172	0.228067	0.954311	0.238986
76	3	0.111929	0.220532	0.922369	0.239093	0.0260287	0.0315399	0.79036	0.0399057
76	4	0.0404795	0.293651	0.839728	0.349698	0.158946	-0.00607694	0.579547	-0.0104857
76	5	0.172618	0.373858	0.751754	0.497314	-0.138077	-0.286496	0.95641	-0.299553
76	6	0.00740012	-0.113283	1.21873	-0.0929517	-0.034639	0.111303	2.0557	0.0541437
76	7	0.0159232	0.112903	1.19029	0.0948535	0.335399	0.441037	2.20591	0.199934
76	8	0.0524523	0.0909107	1.00661	0.0903133	-0.240968	-0.0832295	0.626454	-0.132858
76	9	-0.00642869	-0.042835	0.839459	-0.0510269	0.244491	0.327178	1.01022	0.323869
77	0	-0.0922025	-0.177824	0.907282	-0.195996	-0.0451171	-0.297707	0.907282	-0.32813
77	1	0.691756	0.872724	0.931673	0.936728	0.803575	1.01836	1.29669	0.785353
77	2	0.706021	0.94645	1.38854	0.681617	0.753406	0.972484	1.33815	0.726738
77	3	0.556233	0.473332	1.15812	0.408708	0.238784	0.329929	1.01859	0.323907
77	4	0.576573	0.847579	1.33562	0.634596	0.656469	0.676105	1.70103	0.397469
77	5	0.2191	0.296005	1.53524	0.192807	-0.028794	-0.0999832	1.56404	-0.063926
77	6	-0.448503	-0.569356	1.09384	-0.52051	0.169059	0.110436	1.54806	0.0713384
77	7	0.526891	0.608719	1.24889	0.487407	0.467503	0.407375	0.784175	0.519495
77	8	0.39258	0.47756	1.01187	0.471957	0.202592	0.193829	0.986571	0.196467
77	9	0.126332	0.000284135	0.893551	0.000317984	0.218039	0.0662596	0.884383	0.0749218
78	0	0.25837	0.337933	0.671165	0.503502	0.313426	0.370297	0.671165	0.551723
78	1	0.0489548	-0.0478655	0.778712	-0.0614675	0.0449833	-0.0543648	0.94632	-0.0574486
78	2	0.214794	0.374965	0.947426	0.395772	0.195145	0.529275	1.13744	0.465321
78	3	0.147842	0.281285	0.993071	0.283248	0.0665918	0.178987	0.965477	0.185387
78	4	0.143675	0.0817874	1.03842	0.0787614	0.282024	0.240446	0.667574	0.360178
78	5	0.0133169	0.287418	0.870453	0.330194	-0.305958	-0.186254	1.20106	-0.155074
78	6	-0.0804891	-0.198614	0.983798	-0.201885	-0.0245979	-0.298355	1.06526	-0.280077
78	7	0.389098	0.532987	1.20714	0.441529	0.692787	0.771956	1.40713	0.548603
78	8	0.351037	0.383709	0.970653	0.395311	0.0817821	0.292211	0.728022	0.401376
78	9	0.15376	0.23723	1.14156	0.207811	0.129364	0.400004	1.6486	0.242632
79	0	0.0522467	0.0247698	0.863867	0.0286731	0.241539	0.133801	0.863867	0.154886
79	1	0.24778	0.316816	1.00306	0.31585	0.127258	-0.0996049	0.786166	-0.126697
79	2	0.159632	0.0144858	0.961653	0.0150634	0.254643	0.107501	0.687308	0.156409
79	3	0.171355	0.0571178	0.74441	0.076729	0.226172	0.0703896	0.696466	0.101067
79	4	0.247626	0.0804961	1.01334	0.0794368	0.226042	0.0562609	0.935536	0.0601377
79	5	0.249552	0.475745	1.00526	0.473255	0.0587237	0.0432845	1.05694	0.0409527
79	6	-0.0825591	-0.235769	1.08564	-0.217171	-0.0982021	0.277326	1.12714	0.246045
79	7	0.173172	0.056248	0.858605	0.065511	0.296491	0.0646201	0.571411	0.113089
79	8	0.493026	0.791334	0.754285	1.04912	0.591007	0.738133	0.883827	0.835155
79	9	0.548349	0.543354	0.921339	0.589744	0.129404	0.0817842	1.08475	0.0753948
80	0	0.116558	0.252048	1.07973	0.233436	0.0685057	0.189395	1.07973	0.175409
80	1	0.0590164	0.149835	0.936236	0.16004	0.467337	0.388923	1.05169	0.369806
80	2	0.201576	0.160346	1.01111	0.158583	-0.309523	-0.212716	0.84507	-0.251714
80	3	0.0885987	0.278582	0.80345	0.346733	0.408335	0.390977	0.916268	0.426706
80	4	0.193759	0.290963	0.647384	0.449444	0.160781	0.0908263	0.499117	0.181974
80	5	0.343164	0.319905	0.623971	0.512692	0.287924	0.151971	0.629443	0.241436
80	6	0.21477	0.153039	1.0085	0.151749	0.0197356	-0.423917	1.88292	-0.225138
80	7	0.267237	0.0702976	0.900644	0.0780526	0.594236	0.565351	1.30661	0.432687
80	8	0.195115	0.162092	0.978356	0.165678	0.00672431	-0.203611	0.830746	-0.245094
80	9	0.00278863	0.0809244	0.985432	0.0821208	0.0315213	0.194497	0.76152	0.255406
81	0	0.276117	0.363155	0.840156	0.432247	0.453669	0.62329	0.840156	0.741875
81	1	0.281003	0.468979	0.971505	0.482735	0.259665	0.376629	1.07526	0.350267
81	2	0.332668	0.528195	1.05028	0.502909	0.268257	0.275837	0.920219	0.299752
81	3	0.321179	0.358364	1.14125	0.314011	0.338688	0.323237	0.882896	0.36611
81	4	0.332757	0.383566	0.816088	0.470005	0.273546	0.40664	0.733106	0.554682
81	5	0.205599	0.468139	0.732343	0.639234	-0.123086	0.152253	1.09113	0.139537
81	6	-0.0367555	0.116697	0.837159	0.139396	-0.0999417	-0.309894	1.19159	-0.260069
81	7	0.262393	0.607421	1.13879	0.53339	0.966425	1.29048	1.56765	0.823196
81	8	0.482187	0.666442	1.17049	0.569372	0.121927	0.362108	1.90322	0.190261
81	9	0.171155	0.230169	1.48061	0.155456	0.4498	0.422602	1.33656	0.316185
82	0	0.458445	0.620854	1.17641	0.527755	0.649078	0.870403	1.17641	0.739883
82	1	0.161225	0.31315	1.11455	0.280967	0.168356	0.211664	1.22003	0.173491
82	2	0.45238	0.405077	1.19016	0.340357	0.41994	0.34024	1.00587	0.338255
82	3	0.821008	1.0978	0.992772	1.10579	0.695347	1.09375	1.1692	0.935473
82	4	0.03943	-0.0300332	0.990081	-0.0303341	-0.0468638	-0.204456	1.00192	-0.204064
82	5	0.0504547	0.259861	0.834445	0.311418	-0.477971	-0.5817	1.27734	-0.455398
82	6	-0.752789	-0.835205	1.03894	-0.803903	-0.249445	-0.389013	1.3272	-0.293108
82	7	0.0697224	-0.224	1.21619	-0.184181	0.143666	-0.310197	0.848284	-0.365675
82	8	-0.0665255	-0.127751	0.855215	-0.149379	0.0756409	0.108115	0.840054	0.1287
82	9	0.364644	0.55976	0.86229	0.649155	0.661141	0.373173	1.20587	0.309464
83	0	-0.0918115	-0.0985933	1.31022	-0.0752494	0.040819	0.0833423	1.31022	0.0636094
83	1	0.332147	0.511265	1.30289	0.392407	0.41763	0.406798	1.23288	0.329958
83	2	0.282857	0.398018	1.23091	0.323353	0.153463	0.40247	1.13323	0.355154
83	3	0.129465	0.150347	1.01548	0.148055	-0.0187586	0.0745057	1.15242	0.0646517
83	4	0.0861594	0.103617	0.969479	0.106879	-0.0177836	-0.252158	1.13224	-0.222707
83	5	-0.110429	-0.179624	1.06683	-0.168371	0.324288	-0.0497296	0.880966	-0.0564489
83	6	0.101961	0.361048	1.06184	0.340021	-0.339917	-0.39266	0.67759	-0.579495
83	7	-0.114462	-0.267748	0.705235	-0.379657	0.0437865	-0.0665232	0.334672	-0.198771
83	8	0.127202	0.277967	0.68841	0.403781	0.26089	0.22135	0.735673	0.300881
83	9	-0.0856494	-0.183073	1.11032	-0.164884	-0.0214844	-0.164679	1.09014	-0.151063
84	0	0.0653585	0.126977	0.967582	0.131231	0.480361	0.386183	0.967582	0.399121
84	1	0.395095	0.375884	1.09322	0.343831	0.21088	0.120943	0.897447	0.134763
84	2	0.346793	0.570744	0.9522	0.599395	0.00354031	0.204819	1.00539	0.203721
84	3	0.0591912	0.133453	0.962658	0.13863	0.174859	0.264555	1.0529	0.251263
84	4	0.1281	0.0894797	0.826402	0.108276	0.0819982	0.0298697	0.644728	0.0463291
84	5	0.121316	0.0130392	0.770856	0.0169152	0.405342	-0.050457	1.14576	-0.0440381
84	6	0.535886	0.785027	1.04468	0.751452	0.293558	0.379765	1.41362	0.268647
84	7	0.526585	0.233085	1.63744	0.142347	0.626947	0.498112	1.07505	0.463338
84	8	0.281342	0.535815	0.919868	0.582492	0.216566	0.730097	0.978786	0.745921
84	9	0.180822	0.372455	0.757185	0.491894	0.282871	0.50679	0.702335	0.721578
85	0	0.138605	0.178573	0.992403	0.179941	0.435243	0.331445	0.992403	0.333982
85	1	0.561578	0.810138	1.13807	0.711853	0.405406	0.351908	1.24204	0.283331
85	2	0.224603	0.310771	1.1272	0.275702	-0.103982	0.0905899	0.974913	0.092921
85	3	-0.0533366	-0.0985674	0.937875	-0.105097	0.130534	0.251677	0.831746	0.302589
85	4	0.111658	0.217585	0.74233	0.29311	-0.0324149	-0.188996	0.664204	-0.284545
85	5	-0.0575468	-0.268381	0.821456	-0.326714	-0.116907	-0.246343	1.05341	-0.233852
85	6	0.314518	0.356282	1.0025	0.355392	0.111885	0.308989	1.73479	0.178113
85	7	-0.0111459	0.421476	1.34292	0.31385	0.577215	0.732201	1.67815	0.436314
85	8	0.3607	0.374082	0.757163	0.494057	0.100039	0.296502	0.471247	0.629185
85	9	0.0958312	0.402671	0.777294	0.518041	0.220976	0.264278	1.16162	0.227509
86	0	0.0561648	0.0881271	1.07419	0.0820406	0.472907	0.351397	1.07419	0.327128
86	1	0.444362	0.618763	1.12966	0.547744	0.0241884	0.0892329	1.13422	0.0786735
86	2	0.0544328	0.125008	1.06293	0.117607	0.223291	-0.0140886	0.897443	-0.0156985
86	3	0.461163	0.635168	0.809769	0.784382	0.367179	0.318217	0.781578	0.407147
86	4	0.258251	0.536297	0.79594	0.673791	0.198878	0.334153	1.17842	0.28356
86	5	0.0374625	0.387757	0.938281	0.413263	-0.3577	-0.169799	1.4532	-0.116844
86	6	0.399498	-0.0527001	1.23974	-0.0425089	1.00273	0.624568	1.05367	0.592754
86	7	0.394955	0.474117	0.871998	0.543713	0.314313	0.235775	0.703428	0.33518
86	8	0.352814	0.323536	0.626591	0.516343	0.367084	0.337635	0.852383	0.396107
86	9	0.166611	0.17846	1.33415	0.133763	-0.438636	-0.512766	1.49875	-0.342129
87	0	0.015615	-0.0471392	1.00056	-0.0471125	0.310048	0.192174	1.00056	0.192066
87	1	0.51605	0.459291	1.00583	0.456628	0.292648	0.225868	1.22487	0.184403
87	2	0.524499	0.791628	1.16114	0.681765	0.665536	0.879547	1.56791	0.560967
87	3	0.268401	0.196865	1.26779	0.155282	0.0358253	-0.0402179	1.06061	-0.0379196
87	4	0.382963	0.233853	1.19548	0.195614	0.171609	0.168357	1.08008	0.155875
87	5	-0.170599	-0.0836545	0.971639	-0.0860962	-0.267045	-0.569278	1.17141	-0.485977
87	6	-0.0237797	0.169992	1.2765	0.133171	0.304885	0.395159	2.99026	0.132149
87	7	-0.854884	-0.905346	2.38753	-0.379197	-0.646799	-0.85223	3.50913	-0.242861
87	8	0.582151	0.605526	1.59038	0.380743	0.670614	0.741574	1.251	0.592786
87	9	0.194707	0.40776	1.00766	0.404659	-0.0972072	0.12542	0.738738	0.169776
88	0	0.344232	0.458143	0.898387	0.509962	0.604773	0.723862	0.898387	0.805735
88	1	0.171256	0.120242	0.948902	0.126717	0.0177723	-0.207561	0.914539	-0.226957
88	2	0.287147	0.375509	1.09413	0.343203	0.402854	0.292154	1.09117	0.267744
88	3	0.442621	0.605819	0.959501	0.63139	0.362314	0.378561	0.799115	0.473725
88	4	0.396672	0.469321	0.99365	0.47232	0.304012	0.132838	0.991227	0.134014
88	5	-0.0252255	0.0105443	0.933347	0.0112973	-0.680144	-0.65606	1.27995	-0.512568
88	6	-0.460121	-0.527758	0.936266	-0.563684	0.256271	-0.0150449	0.454556	-0.0330979
88	7	0.295932	0.664569	0.761268	0.872976	0.259208	0.578677	0.819345	0.706268
88	8	0.413558	0.379682	0.721744	0.526062	0.34479	0.217546	0.697635	0.311833
88	9	0.0749797	-0.0778626	0.750075	-0.103806	0.267308	0.25603	1.01459	0.252349
89	0	-0.118998	-0.0758487	1.11524	-0.0680113	0.0321156	0.184752	1.11524	0.165662
89	1	0.322616	0.465802	0.992117	0.469503	0.125588	0.209641	0.873395	0.24003
89	2	0.144441	0.241697	0.755019	0.32012	0.0845829	0.133746	0.771342	0.173394
89	3	0.137978	0.252183	1.01785	0.24776	0.254275	0.515241	0.881286	0.584647
89	4	0.023107	0.121736	0.782611	0.155552	0.0940799	0.15895	0.840716	0.189065
89	5	0.325845	0.4728	0.942559	0.501613	0.189545	0.183414	0.966809	0.189711
89	6	-0.0679927	-0.0887253	1.05563	-0.0840499	0.0164557	-0.246822	0.836818	-0.294953
89	7	0.330743	0.548426	0.783356	0.700098	0.235298	0.469417	0.617775	0.759851
89	8	0.348154	0.25893	0.647305	0.400012	0.375235	0.480464	0.508603	0.944672
89	9	0.237857	0.167376	1.00725	0.16617	0.223041	-0.00504525	0.716004	-0.00704641
90	0	0.544743	0.585767	0.707546	0.827885	0.724656	0.7745	0.707546	1.09463
90	1	0.716756	0.710439	1.05905	0.670827	0.602788	0.659861	1.25325	0.526522
90	2	0.397528	0.376736	1.11095	0.339113	0.347906	0.69756	1.16302	0.599783
90	3	0.268596	0.547214	1.17205	0.466885	0.276805	0.412904	1.0791	0.382637
90	4	0.121182	0.314989	0.89942	0.350213	-0.117782	0.0649947	0.784842	0.0828124
90	5	-0.146021	-0.0140047	0.874606	-0.0160126	-0.400784	-0.180678	0.869742	-0.207738
90	6	-0.593817	-0.59551	0.827636	-0.719531	-0.0998835	-0.305777	0.940556	-0.325103
90	7	0.450506	0.325802	0.789281	0.412783	0.423019	0.245016	0.410411	0.597002
90	8	0.0656494	0.18254	0.82931	0.22011	0.190691	0.168183	0.554669	0.303214
90	9	0.157899	0.170837	0.914555	0.186798	-0.0598034	-0.0100614	0.662742	-0.0151815
91	0	-0.0161188	0.00158219	0.670313	0.00236038	0.0785729	0.100758	0.670313	0.150315
91	1	0.438321	0.599266	0.951441	0.62985	0.496987	0.54167	0.838952	0.64565
91	2	0.305606	0.586726	0.884088	0.663651	0.0496923	0.222659	0.917731	0.242619
91	3	-0.0794472	-0.0734658	0.926817	-0.0792667	0.114828	-0.0125638	0.988517	-0.0127098
91	4	0.141192	0.138919	0.693734	0.200249	-0.229975	-0.0562774	0.422959	-0.133056
91	5	-0.267337	-0.510621	0.621272	-0.821896	-0.0501944	-0.325991	1.12929	-0.288668
91	6	0.384334	0.235806	1.19809	0.196819	0.316607	0.198282	0.980134	0.202301
91	7	0.0618763	0.426431	1.02369	0.416563	0.311469	0.381037	1.36089	0.279991
91	8	0.268812	0.272676	0.862715	0.316067	0.330348	0.407991	0.97572	0.418143
91	9	0.186706	0.256167	0.82978	0.308717	-0.0600048	0.00583757	0.789526	0.00739378
92	0	-0.006894	-0.0306558	1.01025	-0.0303447	0.348935	0.230646	1.01025	0.228306
92	1	0.597517	0.705521	1.11461	0.632978	0.362846	0.236727	1.21998	0.194042
92	2	0.274026	0.508621	0.970914	0.523858	0.389837	0.431805	0.675198	0.639524
92	3	0.468121	0.4789	0.763895	0.626919	0.350518	0.341742	0.99142	0.3447
92	4	0.0369681	-0.141804	0.970109	-0.146173	-0.23789	-0.541922	1.06718	-0.507809
92	5	0.0160298	0.0104702	1.01423	0.0103233	0.158889	0.118976	1.04827	0.113498
92	6	0.211952	0.253308	1.07376	0.235908	0.199128	0.356167	1.1135	0.319862
92	7	-0.223404	-0.0184592	0.737512	-0.025029	0.026427	-0.207136	0.697881	-0.296807
92	8	0.620231	0.77561	1.15321	0.672564	0.41681	0.555152	1.2202	0.454968
92	9	0.156839	0.251275	1.02005	0.246336	0.0920614	0.267361	0.975366	0.274114
93	0	0.159125	0.214369	0.917322	0.233691	0.513233	0.396115	0.917322	0.431817
93	1	0.430331	0.479799	1.11712	0.429496	0.134157	0.111503	1.06593	0.104607
93	2	0.0998131	0.157513	1.04899	0.150157	0.014589	-0.10005	0.807148	-0.123954
93	3	-0.0546313	-0.116421	0.841592	-0.138334	0.159925	0.207928	0.854055	0.243459
93	4	0.171118	0.217153	0.850039	0.255462	0.211862	0.208565	0.99909	0.208755
93	5	0.0843187	0.0234089	1.00224	0.0233566	-0.120874	-0.341414	0.951368	-0.358866
93	6	0.173302	-0.0324774	0.921708	-0.0352361	0.0339333	-0.0184409	0.408296	-0.0451655
93	7	0.0422295	-0.347083	0.81225	-0.427311	0.248312	-0.175173	0.787602	-0.222414
93	8	0.168241	0.268717	0.767793	0.349986	0.142333	0.162016	0.592989	0.27322
93	9	0.0689295	0.113051	0.790654	0.142985	-0.0970257	0.00914403	0.644327	0.0141916
94	0	0.497725	0.737796	1.16283	0.634483	0.925745	1.26361	1.16283	1.08667
94	1	0.455021	0.487565	1.20774	0.4037	-0.0115056	-0.0391439	1.02288	-0.0382682
94	2	-0.057739	0.0556597	0.937442	0.059374	-0.0795852	0.0448335	0.912035	0.0491577
94	3	-0.200992	-0.201039	0.854381	-0.235304	0.014846	-0.00862655	0.936752	-0.009209
94	4	0.356556	0.521584	1.23491	0.422367	0.301983	0.222204	1.48844	0.149287
94	5	0.394037	0.21404	1.36646	0.156638	0.33305	0.541513	1.16311	0.465574
94	6	0.251023	0.464312	1.23965	0.374551	-0.128378	-0.309298	1.09337	-0.282885
94	7	0.0890748	0.178509	1.3184	0.135398	0.596515	0.431854	2.37299	0.181988
94	8	0.175006	0.168187	0.8751	0.192192	0.130921	0.0198088	0.484888	0.0408523
94	9	0.266104	0.24704	0.890475	0.277425	0.31017	0.240211	1.0598	0.226656
95	0	0.260642	0.461789	1.03651	0.445523	0.392991	0.720887	1.03651	0.695494
95	1	0.294284	0.544453	1.03906	0.523987	0.241771	0.555111	1.33307	0.416416
95	2	0.171603	0.297875	1.04082	0.286194	0.258161	0.384684	0.820061	0.469091
95	3	0.392453	0.52714	0.940028	0.56077	0.299935	0.317484	0.775688	0.409293
95	4	0.328652	0.557409	0.883613	0.63083	0.437623	0.637984	0.727297	0.877198
95	5	0.42595	0.530398	0.67458	0.786265	0.288011	0.5819	0.815086	0.713912
95	6	-0.0207431	0.27082	0.789469	0.343041	0.0518761	-0.00798614	0.570485	-0.0139989
95	7	0.176279	0.108278	0.534304	0.202653	0.171014	-0.0234467	0.436912	-0.0536645
95	8	0.133224	0.260395	0.527154	0.493965	0.235969	0.235205	0.46605	0.504677
95	9	0.329383	0.461469	0.755862	0.61052	0.381425	0.360444	0.767527	0.469617
96	0	0.0492325	0.052185	0.977174	0.053404	0.0171	-0.00249069	0.977174	-0.00254887
96	1	0.0054268	-0.00605823	0.787215	-0.00769578	0.106213	0.142882	0.791893	0.180431
96	2	0.0207128	0.237245	1.0476	0.226465	-0.0757779	-0.0594437	0.972592	-0.0611189
96	3	0.250795	0.484372	0.990947	0.488797	0.420759	0.553959	1.10795	0.499985
96	4	0.216064	0.376078	1.29943	0.289417	0.193876	0.161199	1.04722	0.153931
96	5	0.300539	0.365579	1.03846	0.352041	0.480927	0.530681	0.641241	0.827584
96	6	0.259381	1.04882	0.741794	1.41389	0.0735733	0.413407	0.992271	0.416627
96	7	0.729578	0.384755	0.906601	0.424393	0.663502	0.667109	0.51527	1.29468
96	8	0.102254	0.206596	0.735686	0.280821	0.0370376	0.146622	0.778465	0.188348
96	9	0.236256	0.372752	0.905628	0.411595	0.23127	0.72753	0.774869	0.938908
97	0	0.0736221	0.0575413	0.838101	0.0686567	0.330282	0.196618	0.838101	0.2346
97	1	0.447797	0.307291	0.824092	0.372884	0.473985	0.396182	0.915175	0.432902
97	2	0.479288	0.532847	1.14616	0.464896	0.444279	0.346936	0.973744	0.35629
97	3	0.422625	0.470451	1.00861	0.466433	0.279067	0.341155	1.01985	0.334515
97	4	0.346103	0.525143	1.01236	0.518732	0.293023	0.607098	0.98139	0.61861
97	5	-0.0117896	0.217291	1.00945	0.215256	-0.184367	-0.00689915	0.936139	-0.00736979
97	6	0.146716	-0.0689304	0.983993	-0.0700517	0.175785	0.193457	0.549019	0.352368
97	7	0.245047	0.141346	0.777193	0.181867	0.634859	0.347763	0.438514	0.793048
97	8	0.40687	0.320322	0.679952	0.471095	-0.0978057	-0.0183847	0.980664	-0.0187472
97	9	-0.0983645	0.0711891	0.879713	0.0809231	0.180119	0.0958836	0.90255	0.106236
98	0	0.244183	0.460109	1.08812	0.422849	0.396061	0.670767	1.08812	0.616447
98	1	0.386493	0.560203	1.05149	0.53277	0.373946	0.424079	0.931369	0.455329
98	2	0.327393	0.62717	1.02587	0.611352	0.381376	0.539084	1.29954	0.414826
98	3	0.415093	0.575764	0.996104	0.578016	0.120523	0.141846	0.966237	0.146803
98	4	-0.0132721	0.00315891	0.843469	0.00374514	0.290812	0.14137	0.839212	0.168456
98	5	0.155709	0.0607766	0.843955	0.072014	-0.516565	-0.547614	1.47078	-0.372329
98	6	-0.437646	-0.354956	1.17882	-0.301112	0.062881	-0.0466269	1.08235	-0.0430793
98	7	-0.238472	-0.0602277	1.0481	-0.0574638	-0.605053	-0.336099	1.5265	-0.220176
98	8	-0.0465062	0.0540243	1.01221	0.0533725	0.289593	0.400184	1.37978	0.290036
98	9	0.221073	0.35051	1.28067	0.273693	0.54162	0.248806	0.892632	0.278733
99	0	0.114224	0.115513	0.975052	0.118469	0.259617	0.182234	0.975052	0.186896
99	1	0.0583593	0.15753	1.17308	0.134287	0.0327032	0.123347	1.21522	0.101501
99	2	0.291961	0.417333	1.06653	0.3913	0.437338	0.159212	0.902755	0.176362
99	3	0.516229	0.703422	0.974057	0.722157	0.348616	0.404492	1.27817	0.316461
99	4	-0.0365425	-0.0410851	1.06249	-0.0386685	0.201448	-0.204635	1.08811	-0.188064
99	5	0.451853	0.384865	1.11168	0.3462	-0.0418879	0.148812	1.08241	0.137481
99	6	0.489308	0.351412	1.08568	0.323679	0.331342	0.531263	1.67523	0.317129
99	7	0.194642	0.0477094	1.37617	0.0346683	0.674755	0.334967	0.748258	0.447662
99	8	0.251789	0.225256	0.885864	0.254278	0.274643	0.492143	1.24934	0.393923
99	9	0.530555	0.626692	0.867451	0.722452	0.376876	0.453721	0.70217	0.646169
100	0	-0.0844656	-0.112451	0.950314	-0.11833	0.265742	0.0447216	0.950314	0.0470599
100	1	0.442671	0.654951	1.08593	0.603126	0.277529	0.210128	0.838412	0.250626
100	2	0.302131	0.236671	0.928353	0.254937	0.269241	0.0321029	0.959092	0.0334722
100	3	0.233595	0.360604	0.909869	0.396325	0.0147122	0.0236234	0.804104	0.0293785
100	4	0.0574068	-0.0252042	0.723459	-0.0348385	0.335719	0.112554	0.482247	0.233395
100	5	0.397412	0.430292	0.851247	0.505484	0.316279	0.0863026	0.729755	0.118262
100	6	0.254435	0.183465	0.84699	0.216608	0.0529512	0.0989669	1.87111	0.0528922
100	7	0.309758	0.547436	1.50729	0.363191	0.400195	0.590417	2.08894	0.282639
100	8	0.0751172	0.257344	1.1234	0.229077	0.00884892	-0.219393	1.03682	-0.211602
100	9	-0.185564	-0.153168	0.943584	-0.162325	0.226426	0.22012	1.31417	0.167498
