RUN	Year	DeltaBV	Sel	Var	Beta	DeltaBVRecruits	SelRecruits	VarRecruits	BetaRecruits
1	0	0.961386	0.989374	5.99199	0.165116	2.39059	1.63041	5.99199	0.272098
1	1	3.01525	2.84698	6.9726	0.40831	3.07943	2.19514	5.64137	0.389114
1	2	1.94788	1.97381	7.02315	0.281043	1.50881	0.976611	5.87647	0.16619
1	3	1.1004	0.981885	5.7382	0.171114	0.936137	0.429043	3.99581	0.107373
1	4	2.38771	2.2649	6.44425	0.35146	2.48276	2.23179	5.41631	0.41205
1	5	1.01454	1.11242	9.65958	0.115162	0.818054	0.85754	9.31802	0.0920303
1	6	0.264925	0.608553	9.08738	0.0669669	0.592403	0.876294	8.23887	0.106361
1	7	1.86416	1.8318	8.65268	0.211704	0.868305	0.697671	6.31661	0.11045
1	8	1.31492	1.42165	8.59167	0.165469	1.64025	1.76679	10.2423	0.1725
2	0	0.624149	0.912897	7.07976	0.128945	2.23425	1.65557	7.07976	0.233845
2	1	1.32042	1.4564	6.25352	0.232892	-0.0415643	-0.404541	3.95471	-0.102293
2	2	2.00811	1.99572	5.8886	0.338911	3.52427	2.35663	5.72709	0.411489
2	3	2.95312	2.84858	7.93657	0.358918	1.75157	1.16337	3.84479	0.302582
2	4	0.645117	0.666307	5.81799	0.114525	0.291739	0.139971	4.51676	0.0309893
2	5	1.1633	1.06759	5.86662	0.181978	1.66292	1.50477	6.07429	0.247728
2	6	2.13567	2.10658	8.1745	0.257701	2.55808	2.32718	7.91984	0.293842
2	7	5.36866	5.21071	11.4182	0.456351	5.23537	4.64886	7.98435	0.582247
2	8	2.56734	2.52906	12.0005	0.210746	1.91919	1.80294	8.45937	0.21313
3	0	2.51952	2.35919	10.621	0.222125	3.2064	3.2246	10.621	0.303605
3	1	3.49744	3.21977	12.7485	0.252561	3.84825	3.1109	9.34824	0.33278
3	2	2.18047	2.07498	9.54512	0.217386	1.75016	1.45159	6.7608	0.214707
3	3	2.44339	2.43856	7.62526	0.3198	2.23799	2.10594	5.9514	0.353856
3	4	1.97423	1.99507	8.10367	0.246194	2.25526	2.26384	7.69014	0.294381
3	5	0.582557	0.615433	13.5869	0.0452959	0.460882	0.482721	11.5181	0.0419097
3	6	1.40639	1.49695	11.0614	0.13533	3.16611	3.37066	9.9607	0.338396
3	7	1.56479	1.56687	13.221	0.118514	-0.962808	-0.998352	10.3777	-0.0962014
3	8	0.984604	1.06171	11.3531	0.0935169	1.66379	1.70587	13.1224	0.129997
4	0	2.85017	2.87119	8.87288	0.323591	4.71935	4.36272	8.87288	0.491692
4	1	1.15952	1.23313	12.3222	0.100074	0.680959	0.297658	7.85077	0.0379145
4	2	1.89396	1.82834	8.4534	0.216285	1.32557	0.981452	6.19964	0.158308
4	3	2.65874	2.44179	6.58904	0.370584	2.78816	2.17217	5.01077	0.433501
4	4	0.785979	0.752986	8.54818	0.0880872	0.149071	0.0423425	7.1261	0.00594189
4	5	0.0307238	0.0683571	7.35074	0.00929935	0.0799027	0.105508	6.80198	0.0155113
4	6	0.660197	0.702442	7.50483	0.0935987	0.981372	0.904477	7.27949	0.12425
4	7	1.24264	1.56665	8.16468	0.191882	1.53894	1.77371	7.49551	0.236636
4	8	1.63753	1.74747	7.3189	0.238761	0.923428	0.963595	5.65514	0.170393
5	0	2.04827	2.24779	7.28981	0.308347	4.37343	3.69706	7.28981	0.507155
5	1	2.16251	2.13281	9.78642	0.217935	1.16468	0.491502	6.46521	0.0760225
5	2	3.1608	3.169	6.45759	0.49074	2.57207	2.56754	5.22224	0.491656
5	3	3.44236	3.41178	8.26523	0.412787	3.84541	3.73224	7.17051	0.520498
5	4	0.894558	0.874893	12.4751	0.0701313	0.26427	0.15818	8.71803	0.018144
5	5	0.453958	0.462192	8.91002	0.0518733	0.537658	0.558506	7.82731	0.0713535
5	6	2.00378	2.10369	7.7576	0.271178	1.91191	2.06732	7.42949	0.278258
5	7	3.39254	3.25917	11.4049	0.285769	4.21832	4.03223	12.4826	0.323027
5	8	4.73162	4.66951	17.4206	0.268045	3.55446	3.49134	11.578	0.301549
6	0	-0.0182859	0.324035	5.47128	0.0592246	1.67412	1.46736	5.47128	0.268194
6	1	5.39752	5.26592	7.52934	0.699386	5.26302	4.08691	6.19231	0.659997
6	2	-0.114384	0.0370955	10.8037	0.00343361	-0.192438	-0.42989	6.90889	-0.0622227
6	3	2.58928	2.61548	8.95332	0.292124	2.21161	1.9118	7.02212	0.272254
6	4	3.02853	2.94964	9.65411	0.305532	3.00294	2.89907	9.19928	0.315141
6	5	1.16267	1.14159	14.1344	0.0807664	0.541551	0.511999	11.8041	0.0433747
6	6	0.560778	0.656547	10.7731	0.0609434	1.31175	1.38794	9.11849	0.152212
6	7	4.65726	4.60999	9.28971	0.496247	4.83102	4.76302	6.95175	0.685154
6	8	4.29497	4.05446	20.6659	0.19619	3.72478	3.45939	20.5224	0.168567
7	0	0.93895	1.11266	8.39266	0.132576	2.48407	2.30001	8.39266	0.27405
7	1	0.722457	0.664414	7.97694	0.0832918	0.514829	0.340624	9.113	0.0373778
7	2	4.30973	4.26364	9.57359	0.445355	5.20082	3.98446	16.327	0.24404
7	3	2.20766	2.2587	12.1321	0.186176	0.674344	0.337024	5.45103	0.0618275
7	4	2.26592	2.09198	7.89887	0.264846	2.8056	2.46851	7.68679	0.321136
7	5	1.69313	1.68813	13.12	0.128669	1.16424	1.1326	11.7679	0.0962445
7	6	1.10519	1.11459	12.3758	0.0900623	1.82417	1.78372	11.6074	0.153671
7	7	3.57458	3.85322	12.7126	0.303103	3.01693	3.39379	10.4773	0.323917
7	8	2.21446	2.22089	14.7856	0.150206	2.11782	2.01789	14.1338	0.14277
8	0	4.14257	4.24219	12.5384	0.338336	6.37307	5.79625	12.5384	0.462279
8	1	4.18564	4.36191	18.2827	0.238581	3.04241	2.89068	12.8806	0.224422
8	2	1.83176	1.84794	10.4871	0.176211	1.11312	1.06455	6.28801	0.169299
8	3	0.074907	0.0963123	8.59209	0.0112094	0.291139	0.178664	8.00179	0.022328
8	4	0.359015	0.374355	8.43782	0.0443664	0.32528	0.515606	7.85114	0.0656727
8	5	0.572092	0.571395	7.89944	0.0723336	-0.141936	-0.187346	9.43686	-0.0198526
8	6	-0.24724	-0.0827621	8.80591	-0.00939847	-0.347795	0.0910309	7.75249	0.0117421
8	7	1.70111	1.87222	8.01236	0.233667	2.72546	2.73638	8.20172	0.333635
8	8	1.23396	1.31597	10.6607	0.123442	0.661419	0.730352	10.2582	0.0711968
9	0	-0.779559	-0.538657	11.8754	-0.0453592	1.85233	1.27784	11.8754	0.107605
9	1	6.35727	6.28906	11.4924	0.547236	4.89455	4.51867	13.6206	0.331754
9	2	0.920022	0.901497	9.28269	0.0971159	0.712436	0.269919	6.27563	0.0430106
9	3	3.76497	3.79565	7.62112	0.498044	3.48837	3.24084	6.40307	0.506139
9	4	1.31523	1.35155	11.0858	0.121918	1.65566	1.58272	10.8015	0.146529
9	5	1.4779	1.45438	10.6389	0.136705	0.808175	0.771127	7.5916	0.101576
9	6	1.06687	0.980573	8.17199	0.119992	1.75654	1.60703	7.10439	0.226202
9	7	0.248947	0.325512	8.21427	0.0396276	-0.365262	-0.332443	6.83678	-0.0486257
9	8	-0.274924	-0.362182	7.40346	-0.0489207	-0.508403	-0.701032	7.13708	-0.0982239
10	0	0.177861	0.28351	8.3848	0.0338124	2.24537	2.13638	8.3848	0.254792
10	1	2.85473	2.66728	8.09095	0.329662	1.88984	0.835965	5.45267	0.153313
10	2	0.871282	1.00847	6.92273	0.145675	1.05677	0.539991	8.19138	0.0659218
10	3	-0.389775	-0.308787	8.34838	-0.0369876	-1.07185	-1.63361	6.35969	-0.256869
10	4	1.24485	1.32151	9.05784	0.145897	1.54747	1.22431	6.72567	0.182035
10	5	0.960313	0.975804	7.6887	0.126914	1.31674	0.996801	7.5509	0.132011
10	6	2.52443	2.50084	7.54113	0.331627	1.66955	1.33381	7.99844	0.166758
10	7	0.00921945	-0.331604	8.73717	-0.0379533	-0.962473	-1.47286	8.6354	-0.170561
10	8	-2.16659	-2.06237	7.65256	-0.269501	-0.484562	-1.08008	5.64845	-0.191217
11	0	2.11022	1.92985	6.88576	0.280268	3.70605	2.8303	6.88576	0.411037
11	1	5.15168	5.02636	9.29831	0.540567	4.69658	4.21094	8.3881	0.502013
11	2	1.31515	1.26568	12.8132	0.0987794	1.46084	1.11642	10.9232	0.102206
11	3	2.55079	2.53434	10.8508	0.233562	1.94003	1.76234	5.65897	0.311424
11	4	2.97207	2.88034	7.89615	0.364777	3.1269	3.01485	6.73619	0.447559
11	5	0.922125	0.904708	17.5606	0.0515191	1.11114	1.08914	16.5049	0.0659887
11	6	1.91061	1.91257	15.9294	0.120066	3.36816	3.27935	13.6264	0.240661
11	7	3.55837	3.57701	16.1125	0.222002	1.69517	1.67125	9.02094	0.185264
11	8	1.2064	1.07741	9.8578	0.109295	1.03856	0.898634	10.2578	0.0876048
12	0	2.40789	2.56051	10.2767	0.249156	4.36565	4.00784	10.2767	0.389992
12	1	3.4016	3.31492	12.6901	0.26122	2.68462	1.90376	9.63059	0.197678
12	2	2.41277	2.34152	7.97836	0.293485	1.88772	1.70199	6.7216	0.253213
12	3	1.19558	1.21216	7.64368	0.158583	1.09737	0.845699	5.34404	0.158251
12	4	0.88636	0.775328	6.53185	0.1187	0.899166	0.615108	5.7997	0.106058
12	5	0.735289	0.793468	6.87003	0.115497	0.408055	0.460602	5.27052	0.0873921
12	6	0.320016	0.418283	5.5433	0.0754573	0.485666	0.602217	5.56047	0.108303
12	7	0.695845	0.784633	6.72731	0.116634	0.859076	0.823938	7.54161	0.109252
12	8	2.03964	1.75325	7.30936	0.239864	1.73141	1.38532	6.71967	0.206159
13	0	1.93214	1.94112	10.7861	0.179965	3.95785	3.33004	10.7861	0.308733
13	1	2.17038	2.35485	10.5481	0.223248	1.41871	1.10882	6.61179	0.167704
13	2	3.41961	3.41461	9.808	0.348145	3.3244	3.13748	9.60865	0.326526
13	3	1.06358	1.19095	11.94	0.0997445	0.458765	0.376939	8.61288	0.0437645
13	4	1.62975	1.70062	10.1884	0.166917	1.98092	1.97406	8.52087	0.231673
13	5	0.800501	0.853297	11.1185	0.0767458	0.646534	0.704056	11.211	0.0628006
13	6	0.909359	0.974907	10.897	0.0894656	1.46186	1.39357	9.76125	0.142765
13	7	1.54073	1.37679	9.66558	0.142443	0.641177	0.246388	6.66204	0.0369838
13	8	0.21695	0.335144	6.84014	0.0489967	-0.137397	-0.0303075	5.48554	-0.00552498
14	0	-1.21232	-1.09273	7.42085	-0.147251	0.363921	0.335113	7.42085	0.0451584
14	1	0.899822	1.1028	9.30435	0.118525	0.755813	0.366434	7.31874	0.0500679
14	2	2.20832	2.32739	7.73895	0.300737	1.99347	1.44338	7.08223	0.203802
14	3	2.39179	2.40321	7.07739	0.339562	2.30288	1.65798	4.77824	0.346985
14	4	2.14252	2.02074	6.90884	0.292486	1.86985	1.42974	5.17681	0.276181
14	5	1.37867	1.33547	7.01147	0.19047	1.23943	1.09158	5.2864	0.206489
14	6	0.206279	0.132689	6.38691	0.0207752	0.342984	0.288443	5.53318	0.0521297
14	7	1.94989	1.93443	6.51572	0.296887	1.58483	1.3898	6.64335	0.209202
14	8	0.215004	0.263148	7.34904	0.0358071	0.0570363	-0.0914493	6.61865	-0.0138169
15	0	0.367698	0.544572	6.72887	0.0809307	2.55534	1.83668	6.72887	0.272955
15	1	4.34717	4.18336	7.32299	0.571264	3.12457	2.38345	4.35141	0.547741
15	2	2.7324	2.88607	6.40498	0.450598	3.3745	3.00433	6.42828	0.467361
15	3	4.41093	4.37947	11.4883	0.381212	3.94788	3.5733	10.4175	0.343011
15	4	2.06963	2.11494	14.0369	0.15067	1.61132	1.65901	11.4807	0.144504
15	5	1.03292	0.990602	12.5163	0.0791451	0.830663	0.78238	9.34577	0.0837149
15	6	0.37981	0.400863	10.4048	0.0385267	0.724529	0.793404	9.23166	0.0859439
15	7	0.522609	0.592549	10.8984	0.0543701	-0.0224696	-0.0209422	12.6189	-0.00165959
15	8	1.09832	1.01132	12.3303	0.0820188	0.720335	0.624276	12.5643	0.0496866
16	0	3.84536	4.03813	11.0195	0.366452	6.54411	5.88075	11.0195	0.533666
16	1	4.0478	4.06454	16.4185	0.247558	2.04785	1.81035	7.04951	0.256805
16	2	3.19246	2.99787	7.82363	0.383181	3.27262	2.99417	6.09853	0.490967
16	3	1.53428	1.5362	15.2169	0.100953	1.4614	1.4002	13.9296	0.10052
16	4	1.19818	1.23058	12.8727	0.0955965	1.58112	1.55335	11.0057	0.14114
16	5	1.62389	1.51891	11.566	0.131326	0.703517	0.540207	8.63767	0.0625408
16	6	0.949566	1.20774	9.7342	0.124072	2.07816	2.46056	11.0777	0.222117
16	7	2.30792	2.2743	11.3791	0.199867	1.57768	1.51687	8.07957	0.187741
16	8	1.67873	1.79228	8.81255	0.203378	1.58428	1.40141	7.21194	0.194318
17	0	-1.38449	-1.47711	8.43006	-0.175219	2.24773	1.39425	8.43006	0.16539
17	1	4.34286	4.3037	9.58703	0.448909	2.17179	1.37559	9.64137	0.142676
17	2	4.08494	4.11342	9.74732	0.422005	4.3995	3.97755	8.49577	0.46818
17	3	2.68104	2.6758	11.6341	0.229997	1.58955	1.31044	7.266	0.180352
17	4	2.71975	2.63861	8.91942	0.295827	2.81057	2.71464	7.14671	0.379845
17	5	0.288736	0.257963	14.9848	0.0172149	0.825168	0.691754	13.486	0.0512944
17	6	2.90754	2.65789	14.7988	0.179602	3.83139	3.44304	14.0988	0.244209
17	7	2.83904	2.81124	17.3539	0.161994	1.58539	1.30189	9.03539	0.144088
17	8	1.91935	1.71311	9.20652	0.186076	0.947737	0.740157	7.47705	0.0989905
18	0	1.82214	1.8728	9.95749	0.188079	3.80978	3.03873	9.95749	0.30517
18	1	3.75692	3.8179	10.6152	0.359663	3.06478	2.35539	8.23608	0.285984
18	2	2.73311	2.49858	7.59689	0.328895	2.59508	1.87355	5.1456	0.364108
18	3	0.112002	0.0173479	7.91142	0.00219277	-0.417143	-0.940992	7.1921	-0.130837
18	4	0.419962	0.632374	7.3929	0.085538	0.00902838	0.165978	6.55483	0.0253214
18	5	0.537418	0.60071	6.67042	0.0900558	0.69239	0.774738	6.48134	0.119534
18	6	0.592887	0.733834	7.36929	0.0995801	1.1281	1.36244	6.46643	0.210694
18	7	1.89365	2.04096	7.28908	0.280002	1.8302	1.85214	7.77263	0.23829
18	8	2.67501	2.5781	9.53926	0.270262	2.2634	2.10864	8.84135	0.238497
19	0	3.13612	3.18058	12.5595	0.253242	5.34559	4.91025	12.5595	0.390961
19	1	4.27331	4.22748	14.0947	0.299933	3.13644	2.5968	7.23736	0.358805
19	2	3.48549	3.62015	9.0838	0.398529	3.38318	3.48736	10.1688	0.342947
19	3	2.58695	2.62364	14.1717	0.185132	2.27574	2.19252	10.6132	0.206584
19	4	0.119968	0.136438	12.1631	0.0112173	-0.0159456	-0.00932279	9.56933	-0.000974236
19	5	0.775861	0.788317	10.3599	0.0760927	0.816133	0.809573	9.10778	0.0888881
19	6	1.18122	1.07703	9.78905	0.110024	1.15388	0.909422	9.94031	0.0914883
19	7	2.02839	2.03131	11.1958	0.181434	2.88124	2.90656	14.3369	0.202733
19	8	2.38668	2.1792	13.4378	0.162169	1.33372	1.09881	7.02819	0.156343
20	0	0.18017	0.26967	8.49894	0.0317299	2.49685	1.82831	8.49894	0.215122
20	1	0.897951	0.770303	8.57009	0.0898827	-0.0157482	-0.93283	8.51116	-0.109601
20	2	1.52522	1.12952	9.90576	0.114027	1.33761	0.646493	6.60665	0.097855
20	3	1.65226	1.83391	8.70588	0.210652	2.02327	1.31279	9.98757	0.131442
20	4	2.4032	2.60366	9.90729	0.262802	1.1434	1.16039	5.35154	0.216833
20	5	0.697238	0.672698	6.67979	0.100707	0.913929	0.958937	5.57406	0.172036
20	6	0.904141	0.785799	5.82496	0.134902	1.10934	0.890503	4.30477	0.206864
20	7	1.6689	1.45069	5.09388	0.284791	1.57449	0.964025	5.19666	0.185508
20	8	1.30173	1.4316	7.06745	0.202563	1.14607	0.978408	7.08201	0.138154
21	0	1.04964	0.848037	7.55406	0.112262	3.17994	2.0349	7.55406	0.269378
21	1	1.85243	1.93203	8.0253	0.240742	0.788955	0.403608	4.11984	0.0979668
21	2	0.346576	0.243631	5.12254	0.0475606	0.828869	-0.382645	4.22576	-0.0905505
21	3	3.7253	3.82081	7.09271	0.538695	3.15172	2.79047	5.25923	0.530585
21	4	1.9878	1.83653	6.2557	0.293576	2.22269	1.53014	4.44843	0.343973
21	5	2.19061	2.07373	8.14485	0.254606	1.20458	1.07707	6.93084	0.155402
21	6	-0.181403	-0.335454	10.2741	-0.0326506	0.970047	0.654637	9.7823	0.0669205
21	7	3.89496	4.13245	9.38214	0.44046	3.48155	3.59862	8.5511	0.420837
21	8	1.16623	1.05969	13.1378	0.0806599	0.338858	0.221801	10.7701	0.0205941
22	0	0.324369	0.106485	7.78533	0.0136776	2.57411	1.46875	7.78533	0.188656
22	1	4.7836	4.87001	8.43741	0.577193	3.51351	3.04541	7.42494	0.41016
22	2	2.40808	2.45455	8.22463	0.298439	2.58107	2.3383	5.22192	0.447786
22	3	0.760385	0.769941	9.39617	0.081942	0.531754	0.232609	8.5134	0.0273226
22	4	-0.306358	-0.199301	9.19114	-0.0216841	0.315541	0.356758	9.7847	0.0364609
22	5	1.43766	1.36124	12.2967	0.110699	1.10089	0.791992	12.8275	0.0617418
22	6	1.97221	1.99184	12.0507	0.165288	1.39838	1.26269	6.10845	0.206711
22	7	-0.414401	-0.352884	7.66263	-0.0460526	-0.205928	-0.524487	6.69628	-0.0783251
22	8	0.928951	0.806292	8.21192	0.0981855	0.696497	0.297861	8.15998	0.0365026
23	0	2.7373	2.85005	10.509	0.271201	4.46371	4.05277	10.509	0.385647
23	1	2.8583	2.73293	13.727	0.199092	2.47615	2.01653	12.3876	0.162786
23	2	1.29953	1.25581	9.83037	0.127748	0.872982	0.441029	6.61778	0.0666431
23	3	1.17607	0.996177	8.26851	0.120478	0.304621	0.427422	7.07538	0.0604098
23	4	2.12481	1.92754	6.93933	0.27777	3.13105	2.59588	7.86726	0.32996
23	5	1.74024	1.73183	12.4526	0.139074	1.66572	1.6394	11.2363	0.145902
23	6	1.75896	1.6258	12.3799	0.131326	1.49334	1.29585	9.49632	0.136458
23	7	1.97815	1.83967	10.1705	0.180882	2.69481	2.25762	9.32842	0.242015
23	8	2.38966	2.5099	11.6222	0.215957	1.05947	1.18612	8.73088	0.135854
24	0	1.25454	1.17933	8.7519	0.134751	2.49	2.14684	8.7519	0.2453
24	1	3.02839	3.22603	9.66913	0.333643	3.28354	2.62895	9.10736	0.288661
24	2	2.3602	2.4673	7.88303	0.312989	1.55783	1.52138	5.52268	0.275479
24	3	1.13311	1.40483	6.66696	0.210715	1.87425	1.46175	5.66538	0.258014
24	4	3.394	3.32085	7.87653	0.421613	3.3908	3.1333	7.57861	0.41344
24	5	1.55158	1.50718	12.908	0.116764	0.672149	0.546888	11.2722	0.0485165
24	6	2.25556	2.23624	11.499	0.194472	2.8525	2.82784	10.7748	0.26245
24	7	1.31913	1.34528	14.4967	0.0927992	1.24361	0.999057	9.80511	0.101891
24	8	2.48874	2.50624	9.90636	0.252993	1.89395	1.883	8.2538	0.228137
25	0	-1.23602	-0.96361	10.9869	-0.0877056	1.78083	0.918612	10.9869	0.08361
25	1	4.19921	4.17621	9.17872	0.454988	1.48224	1.16454	5.05733	0.230267
25	2	0.27371	-0.11711	5.58476	-0.0209696	0.684189	-0.16506	5.40607	-0.0305323
25	3	0.995452	0.93265	7.00971	0.133051	1.44283	0.675245	6.05107	0.111591
25	4	4.01889	3.55066	9.12881	0.388951	4.38582	3.40208	8.79152	0.386973
25	5	2.13913	2.12694	13.8122	0.153989	1.31994	1.15886	9.09376	0.127434
25	6	1.91994	2.09835	9.41561	0.222859	1.95489	2.11995	8.60256	0.246432
25	7	-1.06604	-0.843988	10.02	-0.0842301	-0.908101	-0.87604	5.92887	-0.147758
25	8	0.47025	0.397856	8.50146	0.0467986	-0.213513	-0.217331	9.54963	-0.0227581
26	0	3.79579	3.73907	11.6205	0.321764	5.93274	5.08659	11.6205	0.437725
26	1	4.49072	4.37172	16.7255	0.26138	3.19823	2.90949	12.199	0.238502
26	2	3.18534	3.37761	10.5799	0.319247	2.83714	2.96304	9.61438	0.308188
26	3	0.294158	0.391624	14.0122	0.0279487	0.294325	0.251734	12.4942	0.0201481
26	4	0.894231	0.769225	12.3934	0.0620674	1.57954	1.19193	11.2829	0.10564
26	5	1.05078	1.07085	12.1302	0.08828	-0.144944	-0.120685	11.9481	-0.0101007
26	6	1.34235	1.25975	11.6964	0.107704	2.89509	2.73415	11.8881	0.229991
26	7	1.93928	1.90823	17.0403	0.111983	1.27125	1.19937	16.0706	0.074631
26	8	0.205796	0.138813	13.3003	0.0104369	-0.37364	-0.455319	11.4081	-0.0399117
27	0	2.33385	2.3911	7.80648	0.306297	4.87202	4.01904	7.80648	0.514834
27	1	4.34859	4.13519	11.4458	0.361283	2.60005	1.99081	5.28721	0.376534
27	2	2.13642	2.01718	7.10816	0.283783	1.94208	1.76772	5.42598	0.325788
27	3	0.518074	0.540911	9.22915	0.058609	0.891011	0.68755	8.07989	0.085094
27	4	1.62738	1.55196	10.1906	0.152293	1.9806	1.69172	8.03656	0.210503
27	5	1.58254	1.59684	10.0462	0.158949	0.693627	0.717827	9.51044	0.0754778
27	6	1.99691	1.93789	10.0274	0.193259	3.95396	3.74514	10.9793	0.34111
27	7	7.65952	7.69548	18.9309	0.406503	6.99587	7.03975	16.9376	0.415629
27	8	4.67261	4.70548	31.6535	0.148656	3.58184	3.61656	20.3064	0.1781
28	0	4.52496	4.48254	8.00748	0.559794	6.66003	6.08822	8.00748	0.760317
28	1	1.03104	0.923096	17.8807	0.0516253	0.984056	0.494374	12.6935	0.0389469
28	2	5.10472	4.94441	16.254	0.304196	3.86069	3.60823	7.53428	0.478909
28	3	2.52876	2.55191	15.0147	0.169961	3.06875	2.97106	12.3927	0.239743
28	4	2.37945	2.21709	13.4222	0.165181	1.76762	1.35365	7.61704	0.177713
28	5	1.17179	1.10696	9.30821	0.118923	0.694599	0.626456	8.43392	0.0742781
28	6	0.912469	0.805764	9.63221	0.083653	1.21638	1.0757	7.84974	0.137037
28	7	1.18459	1.22896	8.18963	0.150063	1.02316	1.08159	7.74559	0.13964
28	8	1.89561	1.86164	8.26066	0.225362	1.66556	1.62885	8.02607	0.202945
29	0	2.94668	2.85776	8.59261	0.332584	4.32296	3.63258	8.59261	0.422757
29	1	3.48597	3.51305	11.3656	0.309094	2.96521	2.7104	8.7178	0.310905
29	2	2.58872	2.69891	10.8364	0.249059	3.21231	3.20263	8.58837	0.372903
29	3	-0.790841	-0.775502	10.6136	-0.0730672	-0.914128	-1.35702	9.80175	-0.138447
29	4	0.129073	0.189812	14.38	0.0131997	-0.348002	-0.390389	10.7399	-0.0363494
29	5	1.7384	1.69125	13.0363	0.129734	2.02167	1.86788	12.9162	0.144615
29	6	3.3888	3.05952	16.8262	0.18183	4.38389	3.85819	15.531	0.248419
29	7	3.20402	3.15581	22.9991	0.137215	2.48162	2.12314	18.3025	0.116003
29	8	4.05659	4.02358	18.3434	0.219347	3.15272	3.11012	13.6734	0.227458
30	0	0.959957	1.05101	9.65551	0.10885	3.03313	2.24034	9.65551	0.232027
30	1	4.81895	4.71376	8.91633	0.528666	4.09502	3.33941	4.66539	0.715785
30	2	1.16727	1.35759	7.85373	0.17286	1.17156	0.849474	5.90234	0.143922
30	3	1.39146	1.38394	7.13182	0.194051	0.288272	-0.0172149	5.47638	-0.00314348
30	4	0.0377902	0.213613	7.95503	0.0268526	0.761903	0.484359	10.3407	0.0468402
30	5	2.50816	2.43169	10.6673	0.227958	2.46415	2.36071	10.6562	0.221535
30	6	0.969655	1.17988	16.1408	0.0730992	0.734982	0.963771	13.2433	0.0727744
30	7	2.03145	2.29301	12.7034	0.180503	2.01962	2.24062	11.1093	0.201689
30	8	0.760053	0.719617	11.0141	0.0653359	0.124332	0.0825212	8.77662	0.00940239
31	0	1.67138	1.68811	9.54809	0.176801	3.7219	3.28789	9.54809	0.344351
31	1	1.88524	1.92273	11.0272	0.174363	1.79985	1.16	10.3581	0.11199
31	2	2.52983	2.49306	11.51	0.216599	1.43237	1.05968	6.81147	0.155573
31	3	1.7247	1.74081	7.15474	0.243308	1.46871	1.16242	5.58232	0.208233
31	4	0.416797	0.49022	7.58758	0.0646082	0.508428	0.456251	7.70013	0.0592524
31	5	1.4028	1.32296	6.93406	0.190792	1.75763	1.5628	6.33907	0.246535
31	6	2.65281	2.53881	8.61542	0.294682	3.08341	2.89504	8.59298	0.336908
31	7	3.13493	3.05459	13.4929	0.226385	2.54853	2.30201	13.0221	0.176777
31	8	2.2046	2.14484	10.621	0.201943	1.46114	1.39821	6.13988	0.227726
32	0	-0.399326	-0.334291	8.88199	-0.0376369	1.79748	1.38493	8.88199	0.155925
32	1	2.94088	2.80733	7.86023	0.357156	1.39188	0.94084	5.00909	0.187826
32	2	2.45577	2.09313	6.35943	0.329139	3.53127	2.52402	6.30649	0.400225
32	3	4.60689	4.25795	9.61613	0.442793	3.52112	3.00566	9.13651	0.328972
32	4	1.01018	0.990658	9.10331	0.108824	1.01302	0.824631	7.38166	0.111713
32	5	1.02706	1.01916	7.58855	0.134302	0.999711	0.932414	5.37552	0.173456
32	6	0.681193	0.675559	6.67416	0.10122	0.789908	0.650377	4.8162	0.135039
32	7	0.99837	1.13037	5.36014	0.210885	0.93236	0.809466	4.46795	0.181172
32	8	-0.0435162	0.106086	7.58702	0.0139825	-0.453414	-0.419616	8.22036	-0.051046
33	0	2.56869	2.64351	11.2661	0.234642	5.0278	4.38681	11.2661	0.38938
33	1	3.707	3.53912	11.9852	0.295292	2.33723	1.58191	3.73287	0.42378
33	2	1.86824	1.77375	6.20055	0.286064	1.51708	1.19957	4.83756	0.24797
33	3	2.6901	2.63644	7.28603	0.361848	2.79571	2.64555	7.20542	0.367161
33	4	2.12412	2.13814	11.1367	0.19199	1.98219	1.94847	9.73673	0.200115
33	5	0.592029	0.621945	13.0234	0.047756	0.719267	0.728798	11.7287	0.0621381
33	6	1.65472	1.78064	11.9921	0.148484	2.10977	2.30226	10.1241	0.227405
33	7	2.59886	2.59648	11.6542	0.222794	2.11065	2.0675	9.61536	0.21502
33	8	2.44864	2.5203	10.7971	0.233425	2.11451	2.19346	9.7553	0.224848
34	0	2.00594	1.87449	10.6005	0.17683	4.80177	3.90825	10.6005	0.368685
34	1	5.26011	5.16873	14.2901	0.3617	3.52548	3.17311	9.92095	0.319839
34	2	2.53737	2.40748	10.0562	0.239403	2.7325	2.13164	6.39163	0.333505
34	3	3.90546	3.74307	10.1917	0.367266	3.11463	2.9411	9.27261	0.317181
34	4	1.55351	1.54784	13.8208	0.111993	2.32409	2.26624	11.1035	0.204101
34	5	1.57314	1.5709	14.4004	0.109087	1.228	1.20674	10.8244	0.111483
34	6	0.690534	0.579207	12.0105	0.0482251	1.28162	1.02327	9.5767	0.10685
34	7	3.14824	3.24973	9.83293	0.330494	2.09125	2.23101	9.75472	0.228711
34	8	1.00304	1.13593	11.5643	0.0982274	0.709015	0.829664	12.3488	0.0671857
35	0	1.29655	1.26745	8.95874	0.141477	3.25824	2.60567	8.95874	0.290852
35	1	4.34234	4.30119	9.94589	0.432459	3.96585	3.01261	6.77457	0.444694
35	2	1.0081	1.1033	8.56292	0.128846	0.215985	0.0707953	5.39551	0.0131212
35	3	2.58669	2.56033	7.34289	0.348681	2.74744	2.45254	5.66896	0.432626
35	4	1.56278	1.44904	9.32032	0.155471	1.45042	1.14625	7.61452	0.150535
35	5	0.876567	0.922748	10.033	0.0919715	1.11086	0.943203	9.55215	0.0987425
35	6	2.27154	2.29256	8.93375	0.256617	2.1501	2.18162	4.58836	0.475469
35	7	1.5813	1.67747	6.27567	0.267297	1.16895	1.11414	4.82688	0.230821
35	8	1.12871	1.13278	6.52253	0.173671	0.748702	0.713381	5.89281	0.12106
36	0	-1.23979	-0.966808	9.68017	-0.0998751	0.634039	0.199502	9.68017	0.0206094
36	1	2.18278	2.06059	10.0999	0.20402	2.17735	0.862615	11.946	0.0722095
36	2	0.314585	0.224298	10.0926	0.0222239	0.787306	-0.406657	7.29021	-0.0557813
36	3	3.57924	3.77037	8.93291	0.422076	2.16982	1.72048	4.47006	0.384889
36	4	1.81457	1.79267	5.20924	0.344133	1.87564	1.98827	3.95522	0.502696
36	5	1.61589	1.66819	5.60945	0.29739	1.18794	1.16542	4.77355	0.244141
36	6	2.06548	1.96888	5.7906	0.340013	2.51976	2.22551	5.31642	0.418611
36	7	3.80637	3.66652	9.76258	0.375568	3.40558	3.12143	8.14884	0.383053
36	8	1.98289	1.83838	9.98423	0.184129	1.86055	1.67976	7.92796	0.211877
37	0	1.60673	1.63209	9.46692	0.1724	3.50618	2.6293	9.46692	0.277735
37	1	1.02469	1.04804	9.72	0.107823	0.812395	-0.0726776	8.14486	-0.00892311
37	2	4.26352	4.30968	7.64068	0.564045	3.69201	3.52022	8.30209	0.424016
37	3	0.975602	0.989107	10.3035	0.0959968	0.543156	0.339745	7.14963	0.0475193
37	4	1.36079	1.57874	6.38616	0.247213	1.0779	1.16335	5.46488	0.212877
37	5	1.43562	1.36305	6.2439	0.218301	1.69734	1.54011	6.02135	0.255776
37	6	0.432629	0.59352	9.85208	0.0602431	0.768964	0.801155	9.64334	0.0830785
37	7	1.91004	2.01727	10.0355	0.201014	1.43501	1.46467	9.26762	0.158041
37	8	2.15953	2.23517	10.8785	0.205467	2.3942	2.48165	10.9719	0.226182
38	0	1.487	1.31852	8.97344	0.146936	3.54977	2.27539	8.97344	0.25357
38	1	0.351918	0.45354	9.65019	0.0469981	1.24505	0.668235	13.2889	0.0502851
38	2	4.03577	3.93379	14.2223	0.276594	1.76245	1.41145	6.16864	0.228811
38	3	2.64903	2.69157	6.36505	0.422867	2.93655	2.61865	5.09698	0.513765
38	4	1.32942	1.3462	7.41592	0.181529	0.600171	0.535322	5.54189	0.0965956
38	5	0.209847	0.303008	6.60791	0.0458553	0.703309	0.724523	5.99217	0.120912
38	6	0.83746	0.892141	6.52312	0.136766	0.990316	0.98138	5.99006	0.163835
38	7	2.48905	2.44461	6.05388	0.403808	2.50298	2.36223	6.85782	0.344458
38	8	1.67417	1.87974	8.74533	0.214942	1.2631	1.42954	8.09544	0.176586
39	0	2.28679	2.4008	11.5887	0.207168	3.86934	3.19855	11.5887	0.276006
39	1	3.72896	3.65757	12.884	0.283886	3.66543	2.92475	13.0704	0.223769
39	2	2.15621	2.0327	11.9882	0.169559	1.63749	1.29113	9.02448	0.14307
39	3	3.19766	3.1275	8.55384	0.365626	3.31445	2.96801	5.66432	0.523983
39	4	3.61854	3.59626	11.9642	0.300585	4.07844	4.03004	12.0002	0.335832
39	5	2.19237	2.25539	23.1502	0.097424	1.55319	1.61066	17.1261	0.094047
39	6	1.03482	0.991486	19.0823	0.0519584	1.89177	1.84675	16.565	0.111485
39	7	3.80284	3.64969	15.4559	0.236135	2.80954	2.58644	9.69677	0.266732
39	8	2.64373	2.59005	14.6832	0.176395	2.96113	2.78395	16.4379	0.169362
40	0	0.61783	0.549926	8.50251	0.0646781	2.63896	1.82974	8.50251	0.2152
40	1	4.18692	4.14161	8.62617	0.480121	3.34647	2.75871	6.56782	0.420035
40	2	2.10302	1.93442	7.6286	0.253574	2.17828	1.34617	5.96777	0.225574
40	3	0.25783	0.183922	8.66411	0.021228	-0.0650359	-0.483788	7.61947	-0.0634937
40	4	2.47352	2.25865	8.26692	0.273215	3.09374	2.69215	7.76737	0.346597
40	5	2.04381	2.05911	13.0334	0.157987	1.19786	1.17623	12.0831	0.0973457
40	6	2.60025	3.08732	12.6283	0.244475	3.37371	4.00918	14.244	0.281465
40	7	4.52085	4.83876	16.8403	0.287332	3.95595	4.21377	10.3521	0.407047
40	8	1.77457	1.57332	14.955	0.105203	1.32652	1.05861	12.1867	0.0868663
41	0	2.28395	2.37614	10.1465	0.234183	3.93493	3.75563	10.1465	0.370141
41	1	4.45279	4.21495	11.9041	0.354076	3.85571	3.44506	10.5261	0.327288
41	2	1.69891	1.57271	9.86485	0.159425	1.34758	0.823116	6.19411	0.132887
41	3	3.72522	3.67362	6.66732	0.550989	3.31392	3.24239	5.38431	0.602192
41	4	1.06946	1.13658	11.1202	0.102208	1.72476	1.73643	9.87702	0.175805
41	5	1.10706	1.12787	11.4998	0.0980767	0.925097	0.905613	8.34779	0.108485
41	6	1.30074	1.23839	8.55028	0.144836	2.05495	1.83837	6.77285	0.271433
41	7	4.76894	4.64098	8.69318	0.533865	4.76319	4.58664	8.26384	0.555026
41	8	4.40235	4.61088	19.5715	0.235591	3.38024	3.60306	16.0827	0.224034
42	0	2.26142	2.24945	12.8102	0.175599	4.24264	3.91518	12.8102	0.30563
42	1	3.56003	3.4294	15.0473	0.227908	2.26133	1.9576	14.9934	0.130564
42	2	4.24124	4.12077	12.7018	0.324425	5.17385	4.55919	13.093	0.348217
42	3	3.48229	3.23566	17.3407	0.186593	2.68902	2.28736	12.8812	0.177574
42	4	0.0702899	0.241702	12.1079	0.0199624	0.179278	0.173085	9.62271	0.0179871
42	5	1.2174	1.2437	10.5755	0.117603	0.656582	0.63126	7.73549	0.0816057
42	6	1.76035	1.71268	8.61158	0.198882	2.55337	2.4616	8.70484	0.282786
42	7	1.66772	1.77887	15.4648	0.115027	1.76388	1.87412	19.6126	0.0955568
42	8	2.48326	2.55394	14.914	0.171245	1.55763	1.61187	10.6705	0.151058
43	0	-0.787568	-0.46745	12.1091	-0.0386031	-0.833397	-0.833718	12.1091	-0.0688504
43	1	-1.04065	-1.05602	11.0841	-0.0952737	1.81954	0.704153	10.5911	0.066485
43	2	4.99014	4.99509	8.18601	0.610198	4.79955	3.94993	8.57485	0.460641
43	3	3.66904	3.54578	9.62943	0.368224	2.09274	1.36849	5.49081	0.249233
43	4	1.62213	1.77462	7.0339	0.252295	1.12292	1.20198	4.90164	0.245219
43	5	0.750175	0.771846	6.03025	0.127996	0.550362	0.573133	5.09782	0.112427
43	6	1.13518	1.20042	4.89257	0.245357	2.04396	1.95294	4.76517	0.409837
43	7	2.33667	2.18164	6.60628	0.330238	1.70994	1.50256	5.81888	0.258221
43	8	1.75178	1.60165	6.69536	0.239218	1.34184	1.15867	5.70992	0.202923
44	0	2.63615	2.58832	10.1911	0.253978	4.15035	3.66784	10.1911	0.359905
44	1	3.28215	3.46937	11.253	0.308307	2.93542	2.32019	7.97707	0.290858
44	2	1.64658	1.36308	7.41211	0.183898	1.3088	0.6411	4.89923	0.130857
44	3	2.13014	2.10256	6.98751	0.300903	2.11416	1.81266	5.85971	0.309342
44	4	1.80887	1.82044	7.84919	0.231927	1.6895	1.67631	7.38268	0.22706
44	5	0.979285	0.923019	8.97852	0.102803	1.14727	1.04825	7.82232	0.134007
44	6	0.980246	0.869929	8.64069	0.100678	1.29028	0.999189	7.10857	0.140561
44	7	0.208665	0.0532339	8.12199	0.00655429	-1.01729	-1.27951	6.79946	-0.188179
44	8	0.2965	0.325755	8.05973	0.0404175	0.310698	0.347989	8.69261	0.0400327
45	0	-1.96669	-1.93538	9.84627	-0.19656	0.309569	0.0158158	9.84627	0.00160627
45	1	5.74377	5.61108	13.1819	0.425666	4.90375	3.961	12.7324	0.311097
45	2	1.80107	1.99118	8.29918	0.239925	1.85276	1.35516	5.26399	0.257439
45	3	2.26301	1.94936	7.52227	0.259145	1.45407	0.582326	3.50294	0.166239
45	4	1.98061	1.71869	6.50712	0.264124	2.10369	1.77426	5.82937	0.304366
45	5	1.01095	0.857009	8.74195	0.0980342	0.84473	0.582356	9.01202	0.06462
45	6	1.25822	1.25612	9.47577	0.132561	2.28274	2.09125	7.68674	0.272059
45	7	3.64153	3.5345	8.37046	0.422259	2.36255	2.23819	7.03685	0.318067
45	8	1.72645	1.82347	9.69748	0.188035	1.56305	1.66016	9.29402	0.178627
46	0	1.22482	1.14764	7.23765	0.158565	2.75109	2.07403	7.23765	0.286561
46	1	4.00001	3.97484	8.74105	0.454733	2.61238	2.42306	8.05036	0.300988
46	2	0.671863	0.658225	7.27035	0.0905355	1.26293	1.24312	7.52972	0.165094
46	3	3.87881	3.9534	8.76989	0.450792	4.08266	3.96553	10.7974	0.367266
46	4	1.34718	1.29038	12.1342	0.106342	1.15803	0.850761	8.77936	0.0969047
46	5	1.26539	1.24005	9.67503	0.12817	1.2646	1.21572	9.88804	0.122948
46	6	1.0886	0.923	10.4089	0.0886743	1.56983	1.24238	7.63902	0.162636
46	7	2.84942	2.92672	8.74312	0.334745	2.10659	2.14135	6.26342	0.341881
46	8	1.2561	1.14553	8.94871	0.128011	0.914014	0.794801	8.89287	0.0893751
47	0	2.86025	2.68039	10.2057	0.262637	4.97721	3.99171	10.2057	0.391127
47	1	4.77335	4.85757	13.0594	0.371958	3.74346	3.63934	7.88628	0.461478
47	2	0.410934	0.465209	11.7299	0.0396602	0.809252	0.496724	11.8322	0.0419807
47	3	5.01078	4.87522	12.0187	0.405637	4.05222	3.90203	9.88243	0.394845
47	4	0.712884	0.857514	12.7173	0.0674289	0.813882	0.961524	9.71962	0.0989261
47	5	0.449266	0.475266	9.56692	0.0496781	0.35021	0.349169	7.97942	0.0437587
47	6	1.2794	1.27286	8.90721	0.142902	1.43212	1.53805	6.95801	0.221047
47	7	4.09742	4.3511	9.03702	0.481475	3.98672	4.16952	9.03159	0.461659
47	8	1.22592	1.44009	10.3858	0.13866	0.797563	1.0172	8.40376	0.121041
48	0	0.522581	0.490985	12.9069	0.0380405	3.33001	2.86324	12.9069	0.221838
48	1	5.01225	5.22082	12.6065	0.414136	3.18272	2.69271	8.01972	0.335761
48	2	1.42008	1.42461	8.03901	0.177212	1.34942	0.783626	7.17045	0.109286
48	3	-1.59747	-1.67996	7.42776	-0.226173	-1.23867	-1.61939	6.48433	-0.249738
48	4	4.19096	4.25719	8.31543	0.511963	5.1671	4.77015	8.6364	0.552331
48	5	2.76306	2.86721	15.1109	0.189744	1.09175	1.13973	9.99611	0.114017
48	6	1.01469	1.33014	8.90925	0.149299	0.837792	1.07319	8.43651	0.127208
48	7	-0.916196	-0.777852	8.9643	-0.0867722	-0.950488	-0.941534	7.03013	-0.133928
48	8	1.64924	1.6305	8.88407	0.183531	1.47007	1.42884	8.39813	0.170137
49	0	1.7464	1.77007	9.07024	0.195152	3.76786	2.81493	9.07024	0.310348
49	1	4.64964	4.45589	9.65938	0.461302	4.0012	3.27774	9.99151	0.328053
49	2	2.27429	2.25452	9.28032	0.242935	1.66586	1.36247	5.48591	0.248359
49	3	2.73157	2.55823	7.24253	0.353224	2.7289	2.38944	6.38387	0.374293
49	4	1.8337	1.76776	10.2273	0.172848	2.11515	2.00056	8.41799	0.237652
49	5	1.60407	1.62865	11.3048	0.144067	1.58618	1.58705	9.19298	0.172637
49	6	1.34276	1.24058	11.4549	0.108301	1.65977	1.48914	9.221	0.161494
49	7	2.7734	2.85065	9.21266	0.309428	2.43792	2.5503	7.48067	0.340918
49	8	2.03438	2.16456	9.44384	0.229203	1.11779	1.25858	7.67233	0.164042
50	0	1.56358	1.5988	12.4202	0.128725	3.68453	2.93788	12.4202	0.236539
50	1	4.13285	4.02483	11.547	0.34856	2.8163	2.41929	9.08192	0.266385
50	2	2.15798	2.16716	9.44232	0.229516	2.21721	1.87579	7.07774	0.265027
50	3	3.09329	3.04568	7.64298	0.398494	2.74904	2.30916	5.52995	0.417573
50	4	0.736983	0.792595	8.21022	0.0965376	0.568543	0.627433	7.66483	0.0818587
50	5	0.447368	0.384831	7.83172	0.0491375	0.442786	0.369409	6.86815	0.0537858
50	6	1.20699	1.16092	7.31014	0.15881	1.48493	1.40496	6.54205	0.214759
50	7	0.902055	0.816242	9.92681	0.082226	1.25795	1.08813	12.7125	0.0855957
50	8	2.35049	2.22088	11.3481	0.195706	2.19834	2.08514	10.1183	0.206077
51	0	-1.17982	-1.19308	9.63787	-0.123791	1.30945	1.07577	9.63787	0.111619
51	1	3.88438	3.76382	10.4144	0.361407	3.15697	1.95788	5.27096	0.371447
51	2	3.21458	3.24234	6.72613	0.482052	1.93955	1.94152	5.05576	0.384021
51	3	0.655132	0.656982	6.95667	0.0944391	0.477187	0.416171	3.50473	0.118745
51	4	1.50396	1.46748	5.2029	0.28205	2.39637	1.63686	4.77787	0.342591
51	5	2.96888	2.97966	7.4751	0.398611	1.64385	1.63118	6.53131	0.249747
51	6	-1.66793	-1.70814	10.5907	-0.161286	-0.249102	-1.02317	11.11	-0.0920945
51	7	2.55502	2.55663	13.1747	0.194056	1.51301	1.4558	9.91101	0.146887
51	8	0.927595	0.978387	10.9937	0.0889951	1.1632	1.13558	10.3254	0.109979
52	0	3.74028	3.5495	12.0911	0.293562	6.23819	5.68846	12.0911	0.470464
52	1	3.0234	3.11047	17.7856	0.174887	1.17505	1.02931	7.12629	0.144439
52	2	1.46778	1.41652	6.9517	0.203766	1.48853	1.36939	5.21503	0.262585
52	3	1.13165	1.10511	6.43622	0.171702	0.970735	0.837477	5.36004	0.156244
52	4	0.924221	0.883655	6.54779	0.134955	1.15367	1.04021	5.22875	0.198941
52	5	1.06431	1.01494	5.97059	0.16999	0.656349	0.589559	5.19063	0.113581
52	6	0.662059	0.58948	6.6879	0.0881413	1.42003	1.13815	7.06781	0.161033
52	7	1.56506	1.72034	8.04712	0.213784	1.53052	1.60241	8.13524	0.196971
52	8	2.40373	2.35282	8.58406	0.274092	1.58138	1.52325	7.44697	0.204546
53	0	1.71214	1.73971	8.24795	0.210926	3.17692	2.67789	8.24795	0.324673
53	1	1.6969	1.6803	8.36366	0.200905	1.42921	0.813223	7.5111	0.10827
53	2	1.33271	1.33328	7.47188	0.17844	1.1167	0.58633	6.4304	0.091181
53	3	1.86512	2.06652	7.54312	0.273961	1.39066	1.26338	5.17124	0.244308
53	4	1.54341	1.58259	6.34392	0.249465	1.63439	1.62644	6.02201	0.270083
53	5	0.785775	0.740957	7.6477	0.0968863	0.428856	0.388507	5.73153	0.0677843
53	6	-0.355419	-0.259834	6.2345	-0.0416768	0.196995	-0.119334	5.51413	-0.0216415
53	7	1.85034	1.87183	7.07159	0.264697	1.4751	1.36703	6.70309	0.20394
53	8	2.14864	2.02699	7.55784	0.268197	1.95574	1.80124	7.43195	0.242365
54	0	1.01886	0.990845	9.95694	0.099513	3.89979	3.02968	9.95694	0.304278
54	1	3.09114	3.1924	11.4512	0.278783	0.461405	0.784526	10.0946	0.0777175
54	2	5.36848	5.28504	10.0271	0.527075	6.31683	6.1709	12.0305	0.512939
54	3	3.06798	3.05587	18.1481	0.168385	2.20951	1.9501	8.14946	0.239291
54	4	0.999909	0.921772	8.08812	0.113966	1.11507	0.925665	7.79674	0.118725
54	5	0.528995	0.469507	8.2644	0.0568108	0.468403	0.391261	6.9576	0.056235
54	6	1.12299	1.2394	7.17833	0.172659	2.14606	2.32801	6.15614	0.37816
54	7	3.31768	3.48546	8.79865	0.396136	3.13872	3.17938	8.93235	0.35594
54	8	3.18286	3.19859	11.9489	0.267689	2.3097	2.32629	11.5684	0.20109
55	0	-0.107882	-0.211587	9.58919	-0.0220651	2.5999	2.3372	9.58919	0.243733
55	1	2.75156	2.83792	8.94313	0.317329	2.67301	1.39714	15.6657	0.0891843
55	2	2.62401	2.67525	12.785	0.20925	1.10645	0.732231	7.01573	0.10437
55	3	1.15846	1.40364	8.44376	0.166234	0.872797	0.741193	5.57224	0.133015
55	4	1.42096	1.59045	6.35206	0.250384	1.23826	1.14009	4.21217	0.270665
55	5	1.20114	1.24588	6.12179	0.203516	1.56931	1.60206	6.16225	0.25998
55	6	0.905427	1.10446	7.30908	0.151108	0.818711	0.860711	6.17759	0.139328
55	7	2.52702	2.56956	6.96085	0.369145	2.42145	2.25476	6.38002	0.35341
55	8	1.64176	1.6472	8.49532	0.193895	0.990284	0.966332	7.03371	0.137386
56	0	3.68749	3.77878	13.1736	0.286845	5.92757	5.63221	13.1736	0.427537
56	1	4.44846	4.43437	17.3969	0.254894	2.71736	2.56327	10.4503	0.245283
56	2	1.71716	1.83579	13.2087	0.138984	2.48819	2.4424	15.2623	0.160029
56	3	3.73987	3.54751	14.9088	0.237947	3.61244	3.29398	9.43955	0.348955
56	4	0.175919	0.172909	14.9769	0.011545	0.164109	-0.00668932	11.2795	-0.00059305
56	5	1.62858	1.70172	13.1664	0.129248	1.75656	1.81362	12.0029	0.151098
56	6	2.14488	2.06093	13.114	0.157155	1.30148	1.13607	10.8185	0.105012
56	7	3.70766	3.55686	12.4176	0.286437	4.81823	4.60806	17.6635	0.260881
56	8	3.12425	3.11018	20.7688	0.149753	1.83186	1.81685	9.45943	0.192068
57	0	0.994204	1.0431	7.50251	0.139034	3.09016	2.48091	7.50251	0.330677
57	1	4.67104	4.39466	8.33492	0.527258	3.37067	2.7541	4.5743	0.602082
57	2	2.53015	2.39473	6.97137	0.343509	2.54306	2.33323	6.2762	0.371759
57	3	2.99302	3.0134	10.393	0.289945	3.20207	3.15588	8.13548	0.387916
57	4	2.64814	2.42939	15.4846	0.156891	3.06728	2.77679	13.1611	0.210984
57	5	2.32211	2.26472	20.5433	0.110242	2.35337	2.27852	16.4779	0.138277
57	6	1.41628	1.40537	23.3397	0.0602138	1.98493	1.96577	19.2771	0.101974
57	7	4.71849	4.72014	17.6953	0.266745	4.15004	4.15246	14.8405	0.279805
57	8	3.4725	3.31075	21.9967	0.150511	2.07612	1.89794	21.6949	0.0874829
58	0	2.62232	2.52152	10.2408	0.246224	5.1897	4.16222	10.2408	0.406436
58	1	4.49155	4.36955	13.9847	0.312453	2.55325	2.18588	9.45648	0.231152
58	2	1.11653	1.26553	11.6157	0.10895	1.45167	1.2569	9.20838	0.136495
58	3	-0.0395065	0.126818	8.43176	0.0150405	-0.574219	-0.593047	6.514	-0.0910419
58	4	0.627119	0.644793	7.56086	0.0852803	0.882272	0.733789	6.36433	0.115297
58	5	0.57849	0.736476	6.60627	0.111481	0.0143232	0.191601	5.91649	0.0323843
58	6	0.374804	0.406134	6.08809	0.0667096	1.10026	1.1425	6.0906	0.187584
58	7	0.793635	0.803808	5.96654	0.134719	0.957724	0.341838	4.54777	0.0751662
58	8	2.65203	2.55967	6.32339	0.404794	1.86327	1.72845	5.62939	0.30704
59	0	4.69714	4.41742	10.8011	0.408979	6.92227	6.21166	10.8011	0.575096
59	1	1.05532	1.21595	20.3976	0.0596126	-0.0196542	-0.203062	9.53691	-0.0212922
59	2	2.80134	2.88482	11.6231	0.248196	2.75731	2.60621	9.50619	0.27416
59	3	0.720526	0.789733	10.8911	0.0725116	0.141603	0.115105	7.50175	0.0153438
59	4	1.81923	1.64358	8.89294	0.184818	1.81515	1.46448	9.00536	0.162623
59	5	-0.00579946	0.100316	11.5952	0.00865147	0.317083	0.411526	11.5926	0.0354989
59	6	1.46579	1.36602	13.2495	0.1031	1.99701	1.77828	13.3028	0.133677
59	7	2.04168	2.21246	13.257	0.16689	1.17012	1.24696	8.09421	0.154056
59	8	1.30549	1.38036	8.71638	0.158364	1.34824	1.33998	9.10893	0.147106
60	0	2.1484	2.34408	8.30007	0.282416	3.26471	3.22988	8.30007	0.389139
60	1	2.91587	2.98157	8.84975	0.336909	3.03638	2.78397	8.3442	0.333641
60	2	1.81091	1.78674	8.83317	0.202276	1.48962	0.925799	4.85263	0.190783
60	3	3.04216	3.05427	7.51768	0.406278	3.32355	3.12633	9.13759	0.342139
60	4	1.65836	1.64279	14.6589	0.112068	0.988934	0.940914	12.0918	0.0778141
60	5	0.699279	0.764913	12.1993	0.0627013	1.08049	1.12351	10.7018	0.104983
60	6	1.76172	1.78711	11.5977	0.154092	1.98908	1.91846	11.4646	0.167337
60	7	3.75837	3.69684	12.1149	0.305149	3.03304	2.91871	10.4261	0.279942
60	8	0.783517	0.63384	12.9745	0.0488527	0.408311	0.256119	12.8776	0.0198887
61	0	-0.380258	-0.267177	9.28778	-0.0287665	1.52417	1.24004	9.28778	0.133513
61	1	4.62346	4.74558	7.92907	0.598504	4.28794	3.48073	10.9482	0.317929
61	2	4.07688	3.83357	8.96157	0.427778	4.13142	3.69525	6.56096	0.563218
61	3	0.904957	1.00514	11.6969	0.085932	-0.0685804	-0.145826	7.05903	-0.020658
61	4	1.39104	1.31278	8.3474	0.157268	1.95248	1.75949	7.78046	0.226142
61	5	2.03789	1.97017	9.80316	0.200973	1.62683	1.52654	8.23308	0.185415
61	6	-0.099134	0.2666	11.1703	0.0238669	0.209634	0.423173	11.4087	0.0370921
61	7	2.21279	2.36875	12.89	0.183766	2.12932	2.16612	12.7492	0.169902
61	8	3.5704	3.51882	13.0428	0.26979	2.71244	2.65523	13.3117	0.199466
62	0	5.40786	5.38512	11.0746	0.486258	8.61563	8.05232	11.0746	0.727097
62	1	3.21785	3.50606	23.7546	0.147595	0.631073	0.765542	9.60099	0.0797357
62	2	1.44832	1.45185	9.06024	0.160244	1.29463	1.26264	6.68591	0.188851
62	3	0.70322	0.797564	8.06768	0.0988592	0.716763	0.730184	6.55848	0.111334
62	4	0.191028	0.196888	6.93665	0.0283838	0.246336	0.195231	6.60125	0.0295749
62	5	0.478937	0.479203	7.47448	0.064112	-0.175299	-0.217264	7.1095	-0.0305596
62	6	0.0883574	-0.00566548	7.24407	-0.000782086	0.255802	-0.0153294	6.95456	-0.00220422
62	7	2.84635	2.76624	7.07951	0.390739	4.1866	3.97263	7.95754	0.499229
62	8	2.30685	2.38698	15.7895	0.151175	1.22467	1.27613	11.9632	0.106671
63	0	4.31067	4.13359	12.944	0.319344	6.30124	5.61488	12.944	0.433782
63	1	3.71995	3.95542	19.5576	0.202245	3.0015	2.59325	11.6454	0.222684
63	2	3.53356	3.43857	10.5805	0.324991	3.15557	2.97929	9.77871	0.304671
63	3	0.0918892	0.011457	13.2902	0.000862067	-0.247523	-0.499179	9.58568	-0.0520755
63	4	1.1936	1.12117	10.2302	0.109594	1.31931	1.17201	8.89345	0.131783
63	5	0.952927	0.933549	9.62221	0.0970203	0.36476	0.249496	9.03348	0.0276191
63	6	0.704676	0.701378	9.66713	0.0725528	2.04015	2.02781	10.7214	0.189138
63	7	2.79506	2.88427	12.656	0.227897	2.21824	2.28949	9.73874	0.235091
63	8	1.90829	1.86899	11.9204	0.15679	1.38281	1.33604	11.9001	0.112271
64	0	2.87709	2.85862	11.4024	0.250704	4.32076	4.10488	11.4024	0.360002
64	1	4.27226	4.37103	14.9082	0.293196	3.87197	3.61588	13.6592	0.264722
64	2	-0.441386	-0.424169	9.91775	-0.0427687	-0.778892	-0.885458	6.0555	-0.146224
64	3	0.33266	0.413249	9.79427	0.042193	0.222732	0.120391	8.02969	0.0149932
64	4	1.08832	1.01879	8.97344	0.113533	1.00515	0.577882	7.76398	0.0744312
64	5	0.901166	0.988003	8.48201	0.116482	1.86282	1.89803	9.51178	0.199545
64	6	3.17091	3.2611	10.5235	0.309886	3.13251	3.2678	9.58069	0.341082
64	7	1.18968	1.66052	13.0038	0.127695	0.236589	0.629156	8.36326	0.0752286
64	8	2.27219	2.17743	10.0872	0.215861	2.22239	2.11229	8.94628	0.236108
65	0	0.993005	1.09016	8.85165	0.123159	2.81555	2.56338	8.85165	0.289593
65	1	3.18626	3.3584	7.59774	0.442026	1.70105	1.75402	4.7349	0.370446
65	2	1.95657	2.05146	6.71649	0.305436	1.84159	1.84223	6.71201	0.274469
65	3	3.25778	2.87108	8.16421	0.351667	3.79218	3.19272	11.9237	0.267762
65	4	1.55698	1.67291	11.1089	0.150592	1.1197	1.18808	8.40049	0.14143
65	5	0.516433	0.502621	9.24361	0.054375	0.681208	0.683335	7.93418	0.0861255
65	6	0.494482	0.472518	7.83584	0.0603021	0.905321	0.700555	6.14103	0.114078
65	7	1.42833	1.19335	6.29712	0.189507	0.80125	0.439434	6.35374	0.0691615
65	8	1.02415	1.0484	7.00863	0.149587	0.955591	0.952399	6.57424	0.144868
66	0	0.781262	0.750252	8.50442	0.088219	2.94343	2.13113	8.50442	0.250591
66	1	2.21079	2.44351	8.35599	0.292425	1.38732	0.769626	5.01563	0.153445
66	2	1.7574	1.88046	5.62914	0.334058	2.24108	1.34418	3.77856	0.355739
66	3	2.52387	2.45921	6.97131	0.352762	1.53975	1.11145	5.92156	0.187695
66	4	1.37428	1.33671	7.04085	0.189851	1.26126	1.12971	5.97604	0.18904
66	5	1.2174	1.21323	6.881	0.176316	1.18636	1.00048	6.09246	0.164217
66	6	2.2439	2.22806	8.38954	0.265576	3.04143	2.95915	9.92616	0.298117
66	7	3.35298	3.4666	14.5775	0.237804	3.1326	3.1027	12.5825	0.24659
66	8	2.8295	2.89179	13.6717	0.211517	1.95119	2.00155	9.52158	0.210212
67	0	-0.570105	-0.5946	8.91885	-0.0666678	-0.266794	-0.580642	8.91885	-0.0651029
67	1	3.21422	2.85529	8.54354	0.334205	4.59879	3.32355	5.00831	0.663607
67	2	2.94924	3.08228	8.39873	0.366994	2.91496	2.33005	6.34159	0.367424
67	3	2.15841	2.28715	8.98721	0.25449	1.10694	0.859941	7.64552	0.112476
67	4	0.668873	0.745477	7.5921	0.0981911	0.966316	0.845821	7.95361	0.106344
67	5	1.19071	1.13689	8.08732	0.140577	0.627136	0.544263	6.77578	0.0803248
67	6	1.06451	1.09932	6.76467	0.162509	1.26417	1.24435	6.14258	0.202577
67	7	2.98612	2.94678	8.34673	0.353046	3.86126	3.78374	9.24668	0.4092
67	8	2.05432	2.05331	13.7248	0.149606	1.00194	0.960216	9.42919	0.101834
68	0	2.81305	2.55709	10.2847	0.24863	4.56868	3.69104	10.2847	0.358885
68	1	3.46238	3.37441	12.0807	0.279323	2.44301	1.86351	7.85247	0.237316
68	2	2.90696	2.6909	7.9659	0.337803	2.89996	2.57205	9.44093	0.272436
68	3	3.47086	3.59954	12.0813	0.297944	3.46449	3.48717	10.8278	0.322055
68	4	0.0272927	0.0790781	15.622	0.00506195	0.377498	0.427877	14.2323	0.0300639
68	5	1.44976	1.418	14.9463	0.0948732	1.59479	1.44466	12.2268	0.118155
68	6	2.15129	2.22785	12.8646	0.173176	2.35806	2.3431	10.5524	0.222045
68	7	5.66885	5.36597	12.5348	0.428086	5.3091	4.96869	15.2383	0.326065
68	8	0.818743	0.907771	22.0337	0.0411993	-0.0522235	0.0259569	13.1575	0.00197279
69	0	2.01086	1.91752	9.90406	0.193609	4.35218	3.86662	9.90406	0.390408
69	1	3.59142	3.65306	10.54	0.346589	2.33842	1.90626	4.74571	0.40168
69	2	3.46038	3.54826	6.96187	0.50967	3.41557	3.44488	7.94264	0.43372
69	3	0.739572	0.791881	13.2268	0.0598693	0.855209	0.57956	11.1202	0.0521176
69	4	1.77852	1.77363	11.4607	0.154758	1.22299	1.17198	8.30108	0.141184
69	5	0.392485	0.521369	9.20701	0.0566274	0.0448261	0.219029	8.48889	0.0258018
69	6	0.379714	0.650329	8.37783	0.077625	1.45892	1.45877	8.7465	0.166783
69	7	3.08241	2.91214	8.24482	0.353209	1.83869	1.62248	8.70464	0.186393
69	8	0.428091	0.520639	7.39249	0.070428	0.454241	0.549177	7.35328	0.0746846
70	0	2.81877	2.78012	10.0502	0.276624	4.4858	3.94815	10.0502	0.392844
70	1	1.41685	1.51701	12.7013	0.119438	1.00149	0.651817	10.2062	0.063865
70	2	4.66597	4.54458	10.4493	0.434916	4.71413	4.39505	10.1773	0.431848
70	3	2.95226	3.14843	16.07	0.19592	2.35576	2.49736	10.629	0.234958
70	4	1.91322	1.99134	11.7589	0.169348	1.87225	1.96117	9.20749	0.212997
70	5	1.09552	1.09548	12.9527	0.084575	1.19668	1.19662	10.7675	0.111132
70	6	1.06463	0.928882	12.2964	0.0755409	2.27148	1.96178	11.3851	0.172311
70	7	0.644504	0.581704	11.6096	0.0501055	-1.59173	-1.76195	8.25471	-0.213447
70	8	-0.120916	-0.179403	9.82486	-0.0182602	-0.0242449	-0.128196	10.1468	-0.0126342
71	0	1.42547	1.50294	7.37877	0.203685	2.5003	2.33686	7.37877	0.3167
71	1	4.76507	4.76882	8.51746	0.559887	4.98359	4.43736	8.10337	0.547594
71	2	3.02357	2.98416	10.584	0.281949	2.70663	2.34356	9.92154	0.236209
71	3	1.01725	0.816227	10.6027	0.076983	0.476427	0.12064	8.34551	0.0144556
71	4	1.72681	1.81283	7.59937	0.23855	1.7215	1.81034	6.95872	0.260154
71	5	0.58161	0.54756	10.7367	0.050999	1.51344	1.44616	10.7204	0.134897
71	6	2.47468	2.42478	10.5345	0.230175	2.79417	2.71851	8.71284	0.312012
71	7	2.13098	2.56041	10.5448	0.242811	0.751256	1.26324	4.71487	0.267926
71	8	0.965775	0.921757	6.11024	0.150855	1.20891	1.02845	6.62138	0.155323
72	0	1.69203	1.47528	9.83596	0.149988	4.37357	3.34381	9.83596	0.339958
72	1	3.66611	3.90875	11.2123	0.348611	2.11467	2.11884	7.03818	0.30105
72	2	2.48764	2.50148	7.02417	0.356125	2.31853	1.99061	4.93744	0.403167
72	3	1.68225	1.49604	7.6489	0.195589	1.28007	0.940459	6.06493	0.155065
72	4	0.628648	0.644879	7.54013	0.0855263	0.943888	0.767194	7.48687	0.102472
72	5	1.3654	1.37865	7.5241	0.183231	0.841987	0.860035	5.8536	0.146924
72	6	-0.39146	-0.355468	7.50221	-0.0473817	-0.1953	-0.38034	7.5126	-0.050627
72	7	3.536	3.43082	9.49068	0.361493	4.27598	4.103	10.3358	0.396968
72	8	3.18305	3.33913	19.0261	0.175502	2.86594	2.98174	16.8971	0.176465
73	0	3.08027	3.08629	10.5628	0.292185	4.5962	4.49722	10.5628	0.425761
73	1	2.15237	2.0973	11.885	0.176465	1.50772	1.07613	4.99458	0.21546
73	2	1.34549	1.39289	5.90654	0.235821	0.814738	0.75418	4.68318	0.16104
73	3	0.66632	0.662977	6.16282	0.107577	0.962363	0.838042	6.3866	0.131219
73	4	1.33396	1.288	7.74232	0.166358	1.8317	1.67009	6.56365	0.254446
73	5	1.54542	1.62068	8.04186	0.20153	0.822951	0.888105	6.30979	0.14075
73	6	1.66662	1.53991	7.15111	0.215338	2.85641	2.73528	6.67191	0.409969
73	7	3.37421	3.20667	9.78189	0.327817	2.40451	2.1174	9.39297	0.225424
73	8	2.56968	2.56752	11.6439	0.220504	3.19458	3.01286	10.6135	0.283871
74	0	1.15318	1.23399	9.4129	0.131095	3.00639	2.11419	9.4129	0.224605
74	1	3.68278	3.61088	9.4676	0.381394	3.12997	2.37699	5.89544	0.403191
74	2	3.72193	3.84793	6.19583	0.621051	3.86816	3.67855	6.44265	0.570968
74	3	1.31665	1.23053	10.7812	0.114137	0.496711	0.0925339	6.77847	0.0136512
74	4	0.144009	0.316967	9.38514	0.0337733	0.400112	0.37839	7.34229	0.0515356
74	5	1.02675	0.892548	7.61866	0.117153	0.443938	0.287081	6.49293	0.0442144
74	6	0.864161	0.876173	6.16411	0.142141	1.24362	1.1191	5.80063	0.192927
74	7	1.83856	1.82069	6.99927	0.260126	1.93006	1.68772	5.91809	0.285179
74	8	1.5501	1.46056	6.92147	0.211019	1.0095	0.908455	4.95142	0.183474
75	0	1.6466	1.57595	9.54637	0.165084	3.73589	2.62991	9.54637	0.275488
75	1	3.44565	3.30167	9.14629	0.360984	2.1268	1.69508	4.74786	0.357021
75	2	2.2771	2.32489	6.70736	0.346617	2.39903	2.27751	5.82799	0.390788
75	3	1.90271	1.90985	9.69851	0.196922	1.65112	1.58068	8.77461	0.180143
75	4	0.835419	0.822987	10.3576	0.0794573	1.04288	0.945198	8.82845	0.107063
75	5	1.09571	1.16747	9.37384	0.124545	1.38966	1.47101	8.20185	0.179351
75	6	1.76045	1.74895	8.76474	0.199544	1.55516	1.2889	9.35446	0.137785
75	7	1.57311	1.66976	9.96846	0.167505	1.31117	1.2934	10.5925	0.122106
75	8	1.88604	1.92837	10.2347	0.188414	1.45401	1.51637	7.77625	0.195001
76	0	2.13752	2.00978	9.28018	0.216567	3.52539	2.92529	9.28018	0.315219
76	1	-2.40228	-2.16911	10.1138	-0.214471	-1.86783	-1.96828	7.50008	-0.262434
76	2	5.4519	5.45663	13.0875	0.416933	4.9592	3.97135	14.2586	0.278524
76	3	3.55153	3.64356	11.7183	0.310928	2.95894	2.4822	10.4706	0.237065
76	4	1.58071	1.50116	7.61703	0.19708	1.12036	0.955355	5.61648	0.170099
76	5	0.45943	0.447378	6.9976	0.0639331	0.699695	0.627735	6.9484	0.0903424
76	6	0.986414	0.897001	6.7456	0.132976	1.119	0.953978	5.64337	0.169044
76	7	0.658071	0.849859	6.39297	0.132937	0.259162	0.404215	5.84763	0.0691246
76	8	2.51181	2.39991	7.02665	0.341544	2.33685	2.2171	7.07559	0.313344
77	0	-0.0429126	-0.0730554	8.58187	-0.00851276	2.51175	1.76994	8.58187	0.206242
77	1	3.22594	3.06461	9.06769	0.337971	1.99358	0.929578	4.33572	0.2144
77	2	1.83466	1.87922	6.46943	0.290476	1.51405	0.801497	6.21094	0.129046
77	3	2.84511	2.76049	6.38589	0.43228	3.2789	2.32069	4.33232	0.535669
77	4	1.47887	1.46724	7.1249	0.205931	0.32915	0.293103	5.83249	0.0502535
77	5	0.864728	0.83143	5.99839	0.138609	0.787195	0.68002	5.88722	0.115508
77	6	0.153813	0.177975	7.24826	0.0245541	0.305728	0.19037	7.41166	0.0256853
77	7	2.01948	2.00573	7.50241	0.267345	2.47804	2.43474	7.33571	0.331903
77	8	2.16232	2.16366	9.87276	0.219154	1.55951	1.55903	7.84231	0.198797
78	0	1.70764	1.68688	9.99168	0.168829	3.69772	3.27774	9.99168	0.328047
78	1	1.14374	1.0317	10.8496	0.0950915	0.533054	-0.260742	4.81933	-0.0541035
78	2	3.83106	3.62917	6.00556	0.604302	3.06856	3.07581	6.56982	0.468173
78	3	0.77659	0.849624	7.90757	0.107444	0.750354	0.840561	4.90574	0.171342
78	4	0.329021	0.371182	7.80332	0.0475672	0.701761	0.277553	7.56623	0.0366831
78	5	1.77234	1.79344	8.32989	0.215302	1.94698	1.98134	7.35461	0.269402
78	6	1.90649	1.46593	8.74983	0.167539	1.51796	0.870155	7.50384	0.115961
78	7	4.2514	4.17416	10.9477	0.381282	4.83417	4.41252	10.1752	0.433655
78	8	3.68711	3.58827	16.1974	0.221533	2.51121	2.41095	15.0575	0.160116
79	0	3.7424	3.65996	10.4837	0.349111	6.57498	5.90166	10.4837	0.562938
79	1	4.02125	3.84663	15.6426	0.245908	1.99681	1.68305	5.81349	0.289507
79	2	1.12828	1.28906	7.23786	0.178099	0.791525	0.748142	6.5817	0.11367
79	3	1.2749	1.15523	7.62137	0.151578	1.61142	1.28811	6.83291	0.188516
79	4	0.306224	0.249357	8.04742	0.030986	-0.0673292	-0.212874	8.74221	-0.0243501
79	5	0.921089	1.02177	9.56077	0.106871	0.719451	0.841821	8.60285	0.0978537
79	6	1.06328	0.91711	9.87012	0.0929179	1.3945	1.15521	10.3744	0.111352
79	7	1.15255	1.31588	12.3388	0.106646	1.89653	2.01688	13.3538	0.151034
79	8	2.1582	2.30223	13.5068	0.170449	1.54401	1.69253	10.1197	0.167251
80	0	-0.689734	-0.580078	7.9145	-0.073293	1.38146	0.680703	7.9145	0.0860071
80	1	2.9485	2.94704	8.60861	0.342336	2.50162	1.66921	6.58591	0.253452
80	2	2.54594	2.79757	8.215	0.340545	2.12374	1.9495	6.8045	0.286502
80	3	2.69719	2.9276	7.81102	0.374804	1.97832	1.6286	6.74266	0.241537
80	4	3.17697	3.3054	9.23424	0.357951	3.74087	3.87479	8.11045	0.477753
80	5	1.24748	1.0177	10.882	0.0935216	0.757067	0.422233	7.20143	0.0586317
80	6	1.00995	0.862708	8.3551	0.103255	1.06765	0.799814	7.10781	0.112526
80	7	1.08218	0.966674	7.55959	0.127874	1.0231	0.797654	6.4591	0.123493
80	8	1.09606	1.2102	7.56474	0.159978	0.702085	0.803592	7.84897	0.102382
81	0	-1.48151	-1.62016	7.8521	-0.206335	1.52163	0.654949	7.8521	0.0834106
81	1	4.26937	4.42115	8.89204	0.497203	2.16554	1.57045	6.10659	0.257173
81	2	1.67389	1.67691	6.96548	0.240746	0.982617	1.06395	4.75456	0.223775
81	3	1.30965	1.31663	7.10569	0.185292	1.68554	1.25798	3.1404	0.40058
81	4	1.60487	1.44216	5.09945	0.282808	1.6334	1.37502	4.35195	0.315956
81	5	1.00628	1.01435	6.68345	0.151771	1.10858	1.04364	6.2365	0.167344
81	6	1.64236	1.59903	6.93676	0.230516	2.34712	2.1531	6.9447	0.310035
81	7	4.46442	4.21242	10.1775	0.413897	4.39271	4.06135	9.07841	0.447364
81	8	3.75198	3.7825	16.7897	0.225286	3.26318	3.22834	12.3384	0.261649
82	0	3.23072	3.18434	10.6417	0.299231	4.96134	4.65887	10.6417	0.437792
82	1	2.32778	2.33093	13.7353	0.169704	1.98442	1.3547	6.74367	0.200884
82	2	1.55486	1.74675	7.93927	0.220013	0.936342	0.781298	5.01636	0.15575
82	3	2.18197	2.27981	7.49579	0.304145	2.11587	2.09963	6.17148	0.340215
82	4	2.5924	2.63346	8.12378	0.324167	3.35706	3.33909	7.29119	0.457962
82	5	2.11969	2.1542	16.2957	0.132195	1.6106	1.62235	14.4862	0.111992
82	6	1.898	1.84852	16.6897	0.110758	3.3484	3.25495	13.6287	0.238831
82	7	4.07237	4.1506	15.8424	0.261993	2.80257	2.91361	6.79275	0.42893
82	8	0.943248	0.86162	10.9218	0.0788897	0.0230304	-0.081267	9.66645	-0.00840711
83	0	4.06574	3.79403	11.1124	0.341422	6.52365	5.65582	11.1124	0.508962
83	1	3.15843	3.20054	15.8931	0.20138	1.62634	1.32706	5.99014	0.221542
83	2	2.81648	2.67938	7.44286	0.359994	3.0723	2.73808	6.08035	0.450315
83	3	2.79782	2.85742	12.1431	0.235313	2.53525	2.4603	10.2666	0.239641
83	4	0.775502	0.738569	12.3001	0.0600458	0.697839	0.60501	10.2797	0.0588546
83	5	1.15288	1.04925	9.96946	0.105247	0.790218	0.644544	8.02461	0.080321
83	6	0.487631	0.451461	8.69554	0.0519187	-0.140537	-0.208157	8.77959	-0.0237092
83	7	-1.81032	-1.70743	9.59559	-0.177939	-1.01385	-0.976026	11.4641	-0.0851374
83	8	3.92313	3.87473	13.0256	0.29747	3.29782	3.23133	13.6163	0.237314
84	0	2.931	3.06478	10.1996	0.30048	5.72361	5.57294	10.1996	0.546388
84	1	2.06466	2.24727	17.1767	0.130833	1.19501	0.73384	10.9755	0.0668614
84	2	3.01247	3.09678	10.9453	0.282931	1.91791	1.80991	6.00919	0.30119
84	3	2.05882	2.19305	8.30549	0.264049	2.18619	1.91727	7.55003	0.253942
84	4	2.27049	2.35446	10.098	0.233162	1.91019	1.92647	10.8102	0.178208
84	5	1.43473	1.41882	12.3521	0.114865	1.41913	1.40111	10.5229	0.133149
84	6	1.56051	1.54391	12.9003	0.11968	1.62591	1.60524	10.6779	0.150333
84	7	2.78585	2.82798	12.5663	0.225044	3.86853	3.92796	11.675	0.336443
84	8	2.65649	2.74666	16.1027	0.170572	1.53405	1.57308	8.95798	0.175607
85	0	2.97975	3.21263	10.5707	0.303919	5.75388	5.35731	10.5707	0.506808
85	1	3.75955	3.46368	15.3886	0.225082	2.1112	1.42108	9.2233	0.154075
85	2	1.54105	1.52152	10.1162	0.150404	1.162	0.888799	9.285	0.0957241
85	3	3.95517	3.87623	9.66764	0.400949	4.58344	4.34854	8.92074	0.487464
85	4	0.891854	0.998565	17.5281	0.0569694	0.510764	0.641052	14.5622	0.0440215
85	5	1.14383	1.23226	14.3707	0.0857477	1.00667	0.946173	11.2173	0.0843498
85	6	3.28995	3.34698	11.8539	0.282353	4.01673	4.11731	10.3769	0.396776
85	7	1.82641	2.06786	21.1751	0.0976553	1.13279	1.38463	25.6605	0.0539597
85	8	2.28193	2.2542	20.7599	0.108584	1.70638	1.66876	16.6979	0.0999381
86	0	0.973255	1.01081	11.0242	0.0916894	2.76882	2.05636	11.0242	0.186531
86	1	3.86472	4.25076	10.9911	0.386744	3.40589	3.13129	6.88479	0.454813
86	2	3.00062	2.96501	7.43278	0.398909	2.74467	2.34963	5.8355	0.402644
86	3	1.52465	1.65345	8.76897	0.188557	1.12861	0.965434	7.3257	0.131787
86	4	1.45613	1.5681	8.85389	0.177109	1.60338	1.70177	8.18354	0.207951
86	5	1.06105	1.09063	9.09223	0.119952	1.58364	1.42993	7.89696	0.181073
86	6	2.25657	2.33886	8.41254	0.278021	1.52975	1.58467	9.00288	0.176018
86	7	2.45521	2.57183	9.42585	0.272849	2.59098	2.6158	8.92213	0.293181
86	8	-1.22718	-1.21076	10.092	-0.119972	-0.690584	-0.892382	8.15001	-0.109495
87	0	3.75679	3.77566	10.0295	0.376455	5.95561	5.46965	10.0295	0.545356
87	1	1.38919	1.32244	14.6737	0.090123	0.446171	-0.222759	6.42633	-0.0346635
87	2	3.14235	3.1512	8.64068	0.364694	2.77603	2.71574	6.39141	0.424905
87	3	2.45865	2.36267	11.3371	0.208402	1.83594	1.71966	8.69245	0.197833
87	4	1.68572	1.647	11.8681	0.138776	2.41728	2.12527	9.66814	0.219822
87	5	1.92596	1.71978	9.29981	0.184927	1.9417	1.61903	6.66626	0.242869
87	6	1.85334	1.67682	9.6246	0.174222	1.05626	0.812089	6.99084	0.116165
87	7	1.08578	1.01534	8.71779	0.116468	1.47783	1.40945	8.79845	0.160193
87	8	1.77833	1.8189	8.95532	0.203109	1.39623	1.42333	8.18879	0.173814
88	0	0.55156	0.591963	10.0636	0.0588222	3.34853	2.23021	10.0636	0.221611
88	1	5.27385	5.0359	9.85177	0.511167	3.65211	2.84871	6.7495	0.422062
88	2	2.77214	2.64423	9.5862	0.275838	2.54718	2.19802	8.30195	0.264759
88	3	0.661466	0.569674	10.959	0.0519823	0.626052	0.184122	8.12457	0.0226623
88	4	1.58921	1.54147	9.12665	0.168898	1.32971	1.21139	6.92354	0.174967
88	5	1.29113	1.23669	8.83025	0.140052	1.19082	1.1183	8.31714	0.134457
88	6	1.554	1.38816	11.2612	0.12327	3.24134	2.91588	12.4989	0.233291
88	7	4.40303	4.1036	15.0767	0.272182	3.30155	2.92178	8.9398	0.326828
88	8	3.01484	3.04832	13.7329	0.221972	2.21386	2.25043	9.98263	0.225435
89	0	3.43714	3.52945	12.4444	0.283618	6.11245	5.45045	12.4444	0.437985
89	1	5.08958	5.16111	16.2346	0.317908	3.20834	3.1593	7.09706	0.445156
89	2	2.51294	2.38825	10.3132	0.231572	2.28734	2.02509	9.62723	0.210351
89	3	2.75618	2.80345	13.4636	0.208224	3.20526	3.23099	11.0586	0.292171
89	4	2.12526	2.14768	15.8164	0.135788	2.72016	2.68788	12.3296	0.218002
89	5	1.96563	1.92472	15.8896	0.121131	1.01326	0.962371	10.2852	0.0935687
89	6	0.453574	0.480222	11.4382	0.041984	1.05914	1.08042	10.5463	0.102446
89	7	1.44336	1.45234	10.2156	0.142168	0.413378	0.361538	9.93344	0.036396
89	8	3.64626	3.70233	9.24267	0.400569	3.56143	3.62244	10.3208	0.350983
90	0	1.79384	1.69529	8.24815	0.205536	3.05866	2.54427	8.24815	0.308465
90	1	-0.743694	-0.284697	9.8128	-0.0290129	0.114753	-0.191722	8.09736	-0.0236772
90	2	3.4028	3.54814	9.51001	0.373096	2.89554	2.43779	10.5751	0.230521
90	3	3.39483	3.43702	9.23836	0.372038	2.43514	2.21757	5.93592	0.373585
90	4	1.68335	1.76141	6.62834	0.26574	1.42932	1.41071	5.19951	0.271315
90	5	0.613826	0.666847	7.90983	0.0843061	0.984478	1.03797	7.45966	0.139144
90	6	1.60007	1.57947	8.05297	0.196135	2.44163	2.34758	6.97406	0.336615
90	7	3.88574	3.90241	10.1333	0.385106	3.52017	3.52048	7.97276	0.441564
90	8	1.60882	1.57507	14.5138	0.108522	0.735059	0.69629	12.6362	0.0551027
91	0	3.79403	3.92979	9.60656	0.409073	5.58364	5.32817	9.60656	0.554639
91	1	0.193099	0.347762	18.19	0.0191183	-0.128481	0.280412	16.2861	0.0172179
91	2	1.45878	1.53779	13.2422	0.116128	1.75977	1.40083	14.4799	0.0967432
91	3	3.90904	4.02593	11.6959	0.344216	2.69785	2.71184	7.59658	0.356982
91	4	1.07346	1.20069	9.10379	0.131889	0.854738	0.859989	7.07824	0.121497
91	5	0.249601	0.237489	8.44819	0.0281113	0.436172	0.434473	8.19141	0.0530401
91	6	0.591392	0.666684	7.51864	0.0886708	0.335498	0.427164	7.11942	0.0599998
91	7	2.00643	1.9554	7.28137	0.268548	2.38581	2.32477	7.79253	0.298333
91	8	2.49564	2.4699	10.7287	0.230215	2.38117	2.35306	10.8423	0.217026
92	0	2.49185	2.40269	11.6885	0.20556	3.62347	3.80747	11.6885	0.325746
92	1	3.85926	4.05327	12.4675	0.325108	3.63142	3.38151	8.84537	0.382291
92	2	2.09701	2.02891	7.18393	0.282424	1.63414	1.47695	4.75526	0.310592
92	3	2.35344	2.16019	7.18278	0.300746	2.36711	2.13239	6.09384	0.349926
92	4	1.05781	1.06615	9.64784	0.110506	1.78742	1.73257	8.41151	0.205976
92	5	1.28387	1.32896	9.39324	0.14148	0.669929	0.73211	6.90475	0.10603
92	6	0.349736	0.507722	7.27703	0.0697705	0.625186	0.683628	6.6323	0.103076
92	7	2.09718	2.18659	7.66293	0.285346	1.8335	1.89504	8.31325	0.227954
92	8	2.99136	2.87667	11.0478	0.260385	2.87428	2.71047	11.1486	0.243122
93	0	3.26503	3.1944	7.81378	0.408816	4.97546	4.38825	7.81378	0.561604
93	1	-1.82032	-1.58102	13.2805	-0.119049	-1.42547	-1.79792	10.3812	-0.17319
93	2	4.25751	4.32808	14.2524	0.303674	3.98375	3.51533	13.4184	0.261979
93	3	2.27707	2.5294	13.875	0.182299	1.55144	1.49115	12.6905	0.117501
93	4	2.16481	2.16051	9.43058	0.229097	1.60875	1.60692	6.24237	0.257421
93	5	0.795597	0.839424	8.63573	0.0972037	0.58994	0.593617	8.52176	0.069659
93	6	1.22633	1.26072	8.92713	0.141224	2.42074	2.35193	8.82709	0.266445
93	7	3.10026	3.02124	11.932	0.253205	3.26217	2.88848	10.5038	0.274992
93	8	1.43232	1.44828	11.4966	0.125975	-0.137062	-0.134765	6.45508	-0.0208774
94	0	0.643025	0.504976	11.5558	0.043699	3.29733	2.38156	11.5558	0.206092
94	1	4.59578	4.44334	12.1643	0.365276	3.09912	2.41449	4.71987	0.511558
94	2	2.56552	2.67994	9.21087	0.290954	2.72995	2.57607	8.68913	0.29647
94	3	2.20109	1.98567	11.0284	0.180051	1.49965	1.0749	8.34472	0.128812
94	4	1.13342	1.14765	10.0446	0.114255	1.36808	1.38075	8.57829	0.160958
94	5	0.855065	0.817469	8.80182	0.0928749	0.651006	0.573562	6.72043	0.0853461
94	6	0.725347	0.758021	6.97324	0.108704	0.628516	0.62717	6.69509	0.0936762
94	7	2.62768	2.73897	6.24744	0.438415	2.76948	2.88367	6.22049	0.463577
94	8	2.73126	2.92143	11.4693	0.254718	2.90997	3.00809	11.5725	0.259935
95	0	0.554922	0.500428	7.77909	0.0643299	2.23565	1.41283	7.77909	0.181618
95	1	2.3178	2.47915	7.68508	0.322593	2.02147	1.26821	5.90318	0.214836
95	2	2.37347	2.02272	8.79509	0.229983	2.21985	1.31844	8.31263	0.158606
95	3	3.77054	3.45095	8.37169	0.412217	3.53684	2.93245	7.63178	0.384242
95	4	2.70678	2.55105	11.5227	0.221393	2.59012	2.46235	10.0086	0.246023
95	5	1.6939	1.5322	14.9852	0.102247	1.77614	1.53301	12.1224	0.126461
95	6	2.4746	2.45178	16.0957	0.152326	3.51456	3.48076	14.6578	0.237467
95	7	1.87732	1.92412	18.8313	0.102177	0.548234	0.577108	12.7437	0.0452859
95	8	0.88392	0.918392	11.2481	0.0816487	0.260233	0.298172	10.968	0.0271858
96	0	-0.613672	-0.84101	8.75014	-0.0961138	1.98138	0.261244	8.75014	0.029856
96	1	4.98134	5.12416	9.25464	0.553686	2.61417	2.49445	7.40256	0.336971
96	2	4.02241	3.75722	8.43041	0.445674	5.05158	4.59033	8.74288	0.525036
96	3	3.35542	3.33193	12.0879	0.275642	2.38892	2.34786	7.56695	0.310278
96	4	1.27702	1.33253	9.60996	0.138661	1.38393	1.44528	8.10978	0.178215
96	5	0.535718	0.490512	10.8	0.0454177	1.07559	1.04993	9.4732	0.110832
96	6	1.32956	1.39919	9.77731	0.143106	1.75002	1.81714	8.29408	0.219089
96	7	1.81109	1.80269	9.53345	0.189091	0.932992	0.851634	8.04322	0.105882
96	8	3.20399	3.13391	8.05277	0.389171	2.89694	2.82365	9.06215	0.311587
97	0	1.33864	1.32051	10.3844	0.127162	2.77108	2.23786	10.3844	0.215501
97	1	3.6201	3.57414	9.75413	0.366423	3.20345	2.65223	6.59639	0.402074
97	2	1.24902	1.05612	8.34854	0.126503	1.17695	0.427342	5.56897	0.0767363
97	3	0.159972	0.242084	7.11501	0.0340245	0.0117249	-0.35899	6.12842	-0.058578
97	4	1.93806	1.99051	7.38629	0.269487	1.72897	1.71963	5.63331	0.305261
97	5	0.87829	0.86616	8.78322	0.0986153	1.39123	1.36803	8.57629	0.159513
97	6	0.771706	0.841779	9.39365	0.0896115	0.984004	0.993982	9.44473	0.105242
97	7	3.25301	3.19249	9.80359	0.325645	3.06794	2.6572	10.0096	0.265466
97	8	2.74703	2.91701	11.4792	0.254113	1.77273	1.96064	8.96776	0.218633
98	0	-0.814737	-1.10233	9.05602	-0.121723	1.84395	1.46747	9.05602	0.162044
98	1	6.10574	6.42179	8.16781	0.786232	4.51666	4.32353	13.8899	0.311271
98	2	3.0542	2.94438	7.93992	0.370833	2.75603	2.52599	5.00131	0.505066
98	3	3.66175	3.54817	8.66593	0.40944	3.11924	2.99387	7.8204	0.382829
98	4	0.899432	0.875584	11.8429	0.0739334	1.63627	1.46177	10.7	0.136613
98	5	1.72482	1.68256	11.7144	0.143631	1.87884	1.74648	10.3959	0.167997
98	6	0.893342	1.00513	13.4032	0.0749916	1.5177	1.44639	10.9794	0.131737
98	7	4.35303	4.4481	10.2802	0.432688	2.92082	2.98597	8.92264	0.334651
98	8	1.06764	1.02212	15.2508	0.0670208	1.01974	0.94423	15.8727	0.0594876
99	0	0.575319	0.576884	7.92397	0.0728023	1.00391	1.16142	7.92397	0.146571
99	1	0.69678	0.68913	8.84404	0.0779203	1.8932	1.00445	6.49947	0.154544
99	2	2.9971	2.96152	7.32912	0.404076	2.41341	1.85823	5.99127	0.310157
99	3	0.944418	0.863431	7.37825	0.117024	0.69191	0.0128652	5.54581	0.00231981
99	4	1.44572	1.48785	7.21058	0.206342	1.54308	1.27758	5.00021	0.255506
99	5	1.12209	1.08625	6.76172	0.160646	0.960212	0.831007	6.53807	0.127103
99	6	1.96217	1.80065	6.65794	0.270451	2.46063	2.12198	6.51792	0.325561
99	7	3.73855	3.50677	9.25072	0.37908	3.3423	2.95369	7.8151	0.377947
99	8	2.45676	2.42393	12.1352	0.199743	2.02113	1.9695	9.66842	0.203704
100	0	2.26945	2.32443	8.09284	0.28722	5.07454	4.53637	8.09284	0.560542
100	1	3.6937	3.36427	13.2703	0.253519	1.89644	1.20373	9.68855	0.124243
100	2	1.7628	1.772	8.0091	0.221248	1.12852	1.03502	6.78751	0.152489
100	3	0.963262	0.833154	8.0462	0.103546	1.16933	0.938615	7.14667	0.131336
100	4	1.35426	1.31298	7.28845	0.180145	1.79485	1.66082	5.97279	0.278064
100	5	1.5599	1.46875	9.08959	0.161586	1.2221	1.08303	9.13503	0.118557
100	6	2.45648	2.3134	11.2654	0.205355	4.1907	3.89215	11.5871	0.335903
100	7	6.01703	6.17225	19.4925	0.316647	5.07541	5.26438	16.4541	0.319943
100	8	2.61568	2.63804	22.2378	0.118629	1.60225	1.61874	12.7818	0.126644
