RUN	Year	DeltaBV	Sel	Var	Beta	DeltaBVRecruits	SelRecruits	VarRecruits	BetaRecruits
1	0	1.04148	1.04148	5.99199	0.173812	2.13375	2.13375	5.99199	0.356101
1	1	1.77439	1.77439	4.6112	0.3848	1.172	1.172	2.88042	0.406886
1	2	0.605157	0.605157	1.4718	0.411169	0.27361	0.27361	0.809129	0.338153
1	3	0.276284	0.276284	0.569286	0.485317	0.166703	0.166703	0.490312	0.339993
1	4	0.110289	0.110289	0.301235	0.366124	0.033412	0.033412	0.249673	0.133823
1	5	-0.00491233	-0.00491233	0.194739	-0.0252252	-0.00417371	-0.00417371	0.130453	-0.0319941
1	6	-0.0664764	-0.0664764	0.100446	-0.661812	0.0150178	0.0150178	0.140896	0.106588
1	7	0.0356355	0.0356355	0.0676979	0.52639	-0.0268686	-0.0268686	0.00718848	-3.73773
1	8	-0.00633578	-0.00633578	0.00283454	-2.23521	0.00437116	0.00437116	0.00310971	1.40565
2	0	2.35183	2.35183	9.89035	0.237791	4.37165	4.37165	9.89035	0.442012
2	1	3.29626	3.29626	9.42877	0.349596	1.69216	1.69216	3.96362	0.426924
2	2	0.421468	0.421468	2.45514	0.171668	0.282292	0.282292	1.49259	0.189129
2	3	0.348883	0.348883	1.11766	0.312155	0.0666922	0.0666922	0.595068	0.112075
2	4	0.0247168	0.0247168	0.323903	0.0763092	0.0975332	0.0975332	0.254389	0.383401
2	5	0.0900372	0.0900372	0.151822	0.593044	0.00899071	0.00899071	0.0968003	0.092879
2	6	-0.0451195	-0.0451195	0.0812315	-0.555443	-0.00558903	-0.00558903	0.0597937	-0.0934719
2	7	0.0611557	0.0611557	0.0405248	1.50909	0.0315145	0.0315145	0.0349501	0.901698
2	8	0.00879124	0.00879124	0.0242966	0.36183	0.0135836	0.0135836	0.0247169	0.549569
3	0	3.39066	3.39066	9.37452	0.361689	5.00143	5.00143	9.37452	0.533513
3	1	1.9169	1.9169	9.76629	0.196278	0.617356	0.617356	2.42315	0.254774
3	2	0.301782	0.301782	1.21603	0.248171	0.0253008	0.0253008	0.440375	0.0574529
3	3	0.0825063	0.0825063	0.338153	0.243991	0.139158	0.139158	0.204494	0.6805
3	4	0.151425	0.151425	0.149948	1.00985	0.134616	0.134616	0.189575	0.710094
3	5	0.068089	0.068089	0.162249	0.419658	0.0423028	0.0423028	0.131733	0.321124
3	6	0.0888661	0.0888661	0.119212	0.745449	0.0199692	0.0199692	0.140018	0.142619
3	7	0.0245336	0.0245336	0.110445	0.222135	0.0560938	0.0560938	0.0802932	0.698612
3	8	0.0460396	0.0460396	0.0563507	0.817019	0.0435276	0.0435276	0.0478479	0.909708
4	0	2.28039	2.28039	10.8557	0.210064	4.07255	4.07255	10.8557	0.375152
4	1	1.55895	1.55895	9.76252	0.159687	-1.10721	-1.10721	8.91443	-0.124205
4	2	1.05043	1.05043	5.22944	0.200868	2.47218	2.47218	4.54322	0.544149
4	3	0.944292	0.944292	2.9692	0.318029	0.370334	0.370334	1.55637	0.237947
4	4	0.109263	0.109263	0.43717	0.249933	0.202636	0.202636	0.527526	0.384125
4	5	0.0724391	0.0724391	0.297417	0.243561	-0.0616885	-0.0616885	0.137509	-0.448616
4	6	-0.0465931	-0.0465931	0.10931	-0.426248	0.102125	0.102125	0.248737	0.410572
4	7	0.0755505	0.0755505	0.158121	0.477802	-0.072251	-0.072251	0.0821058	-0.879974
4	8	-0.0136113	-0.0136113	0.0489146	-0.278266	0.0692935	0.0692935	0.0733524	0.944666
5	0	3.04177	3.04177	9.78438	0.31088	4.70849	4.70849	9.78438	0.481225
5	1	2.62133	2.62133	10.4019	0.252006	1.2283	1.2283	6.57478	0.18682
5	2	0.34047	0.34047	2.01927	0.16861	0.0538373	0.0538373	0.293038	0.183721
5	3	0.0583275	0.0583275	0.189752	0.307387	0.0965247	0.0965247	0.269456	0.358221
5	4	0.0464309	0.0464309	0.144679	0.320923	-0.0321545	-0.0321545	0.139105	-0.231153
5	5	-0.052623	-0.052623	0.0894417	-0.58835	0.0732444	0.0732444	0.101554	0.721239
5	6	0.084161	0.084161	0.100912	0.834003	0.0173659	0.0173659	0.0385472	0.450511
5	7	0.0172641	0.0172641	0.0312618	0.552243	0.0275044	0.0275044	0.0287958	0.955151
5	8	0.0123507	0.0123507	0.0192737	0.640806	-0.00691027	-0.00691027	0.0129846	-0.53219
6	0	-0.123477	-0.123477	7.95982	-0.0155126	1.7539	1.7539	7.95982	0.220345
6	1	3.19457	3.19457	5.72899	0.557614	1.94656	1.94656	4.88303	0.398637
6	2	0.520046	0.520046	1.96185	0.26508	-0.103485	-0.103485	0.780554	-0.132579
6	3	0.100762	0.100762	0.540837	0.186307	0.122408	0.122408	0.358376	0.341562
6	4	0.102384	0.102384	0.194209	0.527184	0.0829397	0.0829397	0.108398	0.765144
6	5	-0.0176873	-0.0176873	0.0810655	-0.218185	0.0429775	0.0429775	0.0729322	0.58928
6	6	0.139954	0.139954	0.0607372	2.30425	0.110437	0.110437	0.0685925	1.61004
6	7	0.078384	0.078384	0.0395525	1.98177	0.0470728	0.0470728	0.0276133	1.70472
6	8	0.0144431	0.0144431	0.0121427	1.18945	0.0212088	0.0212088	0.0117056	1.81185
7	0	2.45319	2.45319	10.6636	0.230052	4.02664	4.02664	10.6636	0.377605
7	1	1.71723	1.71723	8.59121	0.199882	0.487589	0.487589	3.67375	0.132722
7	2	0.415726	0.415726	2.31188	0.179822	0.232557	0.232557	2.09256	0.111135
7	3	0.351538	0.351538	1.62073	0.216901	0.344319	0.344319	1.17058	0.294144
7	4	0.115285	0.115285	0.5968	0.193172	-0.0670063	-0.0670063	0.534589	-0.125342
7	5	-0.0337846	-0.0337846	0.367713	-0.0918775	0.00996951	0.00996951	0.279576	0.0356593
7	6	0.0741621	0.0741621	0.228843	0.324074	0.191069	0.191069	0.243325	0.785242
7	7	0.190494	0.190494	0.202587	0.940306	0.0718872	0.0718872	0.113195	0.635076
7	8	0.00249647	0.00249647	0.0528639	0.0472245	-0.0137613	-0.0137613	0.0353336	-0.389469
8	0	3.20894	3.20894	7.53547	0.425845	4.61171	4.61171	7.53547	0.612
8	1	1.53526	1.53526	8.65685	0.177347	0.429418	0.429418	3.33797	0.128647
8	2	0.074249	0.074249	1.89993	0.0390799	-0.0390876	-0.0390876	0.796745	-0.0490591
8	3	0.387587	0.387587	0.820319	0.472483	0.246407	0.246407	0.580062	0.424794
8	4	0.103278	0.103278	0.343628	0.300552	0.124139	0.124139	0.325056	0.3819
8	5	0.0679322	0.0679322	0.201759	0.3367	0.0116018	0.0116018	0.0983306	0.117988
8	6	0.0514621	0.0514621	0.0904276	0.569098	0.10562	0.10562	0.0861609	1.22585
8	7	0.0444655	0.0444655	0.0631699	0.703902	0.0150861	0.0150861	0.0457112	0.33003
8	8	0.0272395	0.0272395	0.0199676	1.36418	0.00339954	0.00339954	0.0114451	0.297029
9	0	4.01054	4.01054	11.3779	0.352486	6.34265	6.34265	11.3779	0.557454
9	1	2.74485	2.74485	14.9794	0.183241	0.724848	0.724848	3.59899	0.201403
9	2	0.39762	0.39762	1.80114	0.22076	0.102984	0.102984	0.665608	0.154722
9	3	0.0458902	0.0458902	0.461753	0.0993826	0.0725876	0.0725876	0.442721	0.163958
9	4	0.0726152	0.0726152	0.341831	0.21243	0.0896845	0.0896845	0.238914	0.375383
9	5	0.0946559	0.0946559	0.185431	0.510463	0.0427512	0.0427512	0.0603435	0.708464
9	6	0.0208564	0.0208564	0.0487073	0.428198	-0.0310978	-0.0310978	0.0423477	-0.734345
9	7	-0.0421871	-0.0421871	0.0255709	-1.64981	-0.0231082	-0.0231082	0.0384	-0.601776
9	8	-0.0179683	-0.0179683	0.0223418	-0.804249	-0.00985824	-0.00985824	0.0194316	-0.507329
10	0	-0.685199	-0.685199	9.41603	-0.0727694	0.272705	0.272705	9.41603	0.0289617
10	1	2.1412	2.1412	6.0089	0.356338	1.9458	1.9458	5.18274	0.375439
10	2	1.02297	1.02297	3.72223	0.274828	0.829481	0.829481	3.49964	0.237019
10	3	0.550332	0.550332	2.13813	0.257389	0.171234	0.171234	1.0546	0.162369
10	4	0.187737	0.187737	0.506599	0.370583	0.195475	0.195475	0.284836	0.686273
10	5	0.212937	0.212937	0.183875	1.15805	-0.055952	-0.055952	0.145108	-0.385589
10	6	-0.0499567	-0.0499567	0.102222	-0.488706	0.0244244	0.0244244	0.0709969	0.344021
10	7	0.00175736	0.00175736	0.0416161	0.0422278	0.0222874	0.0222874	0.0279976	0.796044
10	8	0.0215734	0.0215734	0.0128268	1.6819	-0.00466104	-0.00466104	0.019609	-0.237698
11	0	3.7002	3.7002	10.4988	0.35244	5.44869	5.44869	10.4988	0.518982
11	1	2.00471	2.00471	11.1535	0.179738	0.372466	0.372466	1.62536	0.229159
11	2	0.133569	0.133569	0.654391	0.204111	5.74036e-06	5.74036e-06	0.166183	3.45425e-05
11	3	0.01401	0.01401	0.133588	0.104874	0.0131563	0.0131563	0.083398	0.157753
11	4	-0.00879131	-0.00879131	0.0457756	-0.192052	0.0204181	0.0204181	0.0329373	0.619907
11	5	0.00870848	0.00870848	0.0203054	0.428874	0.00327361	0.00327361	0.021466	0.152502
11	6	0.0182575	0.0182575	0.0184764	0.988154	0.0333613	0.0333613	0.00979038	3.40756
11	7	0.0198269	0.0198269	0.00619698	3.19944	0.00235703	0.00235703	0.00174149	1.35345
11	8	-0.00202257	-0.00202257	0.000929904	-2.17503	-0.0061902	-0.0061902	0.000876438	-7.06291
12	0	3.67162	3.67162	12.1129	0.303116	5.60874	5.60874	12.1129	0.463038
12	1	2.50009	2.50009	13.0173	0.192059	0.906215	0.906215	4.27005	0.212226
12	2	0.44272	0.44272	2.84468	0.15563	0.361102	0.361102	2.1203	0.170307
12	3	0.156144	0.156144	1.62762	0.0959345	0.0953009	0.0953009	1.03011	0.092515
12	4	0.259992	0.259992	0.740445	0.351129	0.077167	0.077167	0.768737	0.100382
12	5	-0.00550454	-0.00550454	0.626416	-0.00878735	0.00191842	0.00191842	0.583319	0.0032888
12	6	0.000748503	0.000748503	0.541196	0.00138306	0.00388564	0.00388564	0.361687	0.0107431
12	7	0.154556	0.154556	0.303109	0.509902	0.143518	0.143518	0.264081	0.543462
12	8	0.0369368	0.0369368	0.186113	0.198464	0.0159562	0.0159562	0.139721	0.114201
13	0	-0.70604	-0.70604	10.974	-0.0643374	0.11685	0.11685	10.974	0.0106479
13	1	0.462661	0.462661	7.40405	0.0624876	0.155296	0.155296	8.33083	0.0186411
13	2	0.661663	0.661663	3.89628	0.169819	0.167294	0.167294	2.61337	0.0640146
13	3	0.190854	0.190854	1.59043	0.120001	0.498272	0.498272	1.08079	0.461027
13	4	0.432003	0.432003	0.499222	0.865353	0.281882	0.281882	0.617049	0.456823
13	5	0.201803	0.201803	0.299626	0.673516	-0.00543866	-0.00543866	0.177232	-0.0306866
13	6	-0.0849313	-0.0849313	0.106286	-0.799081	-0.126688	-0.126688	0.123229	-1.02807
13	7	-0.0831964	-0.0831964	0.0297424	-2.79723	0.0219785	0.0219785	0.0127739	1.72057
13	8	0.0253938	0.0253938	0.005022	5.05652	0.000380766	0.000380766	0.0018741	0.203173
14	0	4.06286	4.06286	12.4336	0.326766	6.15956	6.15956	12.4336	0.495398
14	1	3.17289	3.17289	15.2796	0.207655	1.88935	1.88935	6.04823	0.31238
14	2	1.11004	1.11004	3.67831	0.301779	0.459725	0.459725	1.00073	0.45939
14	3	0.338278	0.338278	0.759738	0.445256	0.294149	0.294149	0.738382	0.398369
14	4	0.124181	0.124181	0.479091	0.259201	0.0238685	0.0238685	0.28476	0.0838198
14	5	0.0241162	0.0241162	0.218208	0.110519	0.00126246	0.00126246	0.212064	0.00595319
14	6	0.014332	0.014332	0.200786	0.0713794	0.0414	0.0414	0.206514	0.200471
14	7	0.0271337	0.0271337	0.1763	0.153907	0.0674261	0.0674261	0.124139	0.54315
14	8	0.0301436	0.0301436	0.0994664	0.303053	0.0151179	0.0151179	0.100926	0.149793
15	0	1.45305	1.45305	7.02569	0.206819	2.47	2.47	7.02569	0.351567
15	1	1.0024	1.0024	4.31322	0.232401	0.220587	0.220587	0.904381	0.243909
15	2	-0.0367763	-0.0367763	0.652615	-0.0563522	-0.149863	-0.149863	0.671397	-0.223211
15	3	0.289528	0.289528	0.555967	0.520765	0.267329	0.267329	0.246028	1.08658
15	4	0.100821	0.100821	0.114535	0.880261	0.0461487	0.0461487	0.0561304	0.82217
15	5	0.0661626	0.0661626	0.030166	2.19328	0.0384642	0.0384642	0.0353518	1.08804
15	6	0.0857426	0.0857426	0.0247143	3.46935	0.0357175	0.0357175	0.0297045	1.20243
15	7	-0.0328627	-0.0328627	0.0122073	-2.69205	0.0176652	0.0176652	0.00913448	1.9339
15	8	0.0295149	0.0295149	0.0053782	5.48787	0.0158113	0.0158113	0.00622256	2.54096
16	0	-0.773604	-0.773604	11.8308	-0.0653893	0.170494	0.170494	11.8308	0.0144111
16	1	2.56657	2.56657	8.28182	0.309904	1.76538	1.76538	6.57092	0.268666
16	2	2.19381	2.19381	4.93994	0.444096	2.72755	2.72755	5.20921	0.523601
16	3	1.17019	1.17019	3.78497	0.309169	0.55678	0.55678	1.58971	0.35024
16	4	0.0449681	0.0449681	0.675211	0.0665986	0.0541691	0.0541691	0.444512	0.121862
16	5	0.0823453	0.0823453	0.364603	0.225849	0.0780998	0.0780998	0.297378	0.262628
16	6	0.0479213	0.0479213	0.275492	0.173948	-0.0621176	-0.0621176	0.18904	-0.328596
16	7	-0.0331377	-0.0331377	0.149297	-0.221958	0.0287342	0.0287342	0.150775	0.190576
16	8	0.0220838	0.0220838	0.0785665	0.281084	-0.0144679	-0.0144679	0.0738337	-0.195953
17	0	3.97653	3.97653	10.4938	0.378941	5.37363	5.37363	10.4938	0.512077
17	1	2.91812	2.91812	13.8742	0.210327	1.81508	1.81508	7.90042	0.229744
17	2	0.568171	0.568171	3.90055	0.145664	0.399426	0.399426	1.62305	0.246096
17	3	0.0927458	0.0927458	1.28893	0.0719554	0.0987648	0.0987648	0.823377	0.119951
17	4	0.136969	0.136969	0.591819	0.231437	0.0269551	0.0269551	0.39259	0.0686597
17	5	0.0705855	0.0705855	0.340099	0.207544	-0.0321213	-0.0321213	0.370764	-0.0866356
17	6	-0.0983406	-0.0983406	0.332572	-0.295697	0.0852558	0.0852558	0.438251	0.194536
17	7	0.119776	0.119776	0.297038	0.403234	0.0676903	0.0676903	0.152247	0.444608
17	8	0.055144	0.055144	0.10711	0.514835	-0.038247	-0.038247	0.0779728	-0.490518
18	0	1.81831	1.81831	9.47435	0.191919	2.86974	2.86974	9.47435	0.302896
18	1	1.80131	1.80131	6.46952	0.278431	1.05064	1.05064	3.13328	0.335318
18	2	0.439995	0.439995	1.4132	0.311348	0.0115408	0.0115408	1.04706	0.0110221
18	3	0.17431	0.17431	0.651909	0.267384	-0.00864286	-0.00864286	0.912461	-0.00947202
18	4	-0.19998	-0.19998	0.270215	-0.740079	0.154669	0.154669	0.233421	0.662618
18	5	0.0148915	0.0148915	0.142151	0.104759	0.0320078	0.0320078	0.145796	0.219539
18	6	0.0612558	0.0612558	0.111194	0.550893	0.141329	0.141329	0.0869602	1.62522
18	7	0.188426	0.188426	0.0634761	2.96846	0.00606895	0.00606895	0.0440185	0.137873
18	8	-0.0442192	-0.0442192	0.0215504	-2.05189	0.0182017	0.0182017	0.029174	0.623901
19	0	3.60188	3.60188	9.39769	0.383273	6.17024	6.17024	9.39769	0.65657
19	1	3.60531	3.60531	14.6359	0.246333	1.2101	1.2101	6.94348	0.174279
19	2	0.758581	0.758581	3.47614	0.218225	0.707407	0.707407	1.62681	0.434843
19	3	0.166252	0.166252	0.801082	0.207535	0.0890533	0.0890533	0.627644	0.141885
19	4	0.0664505	0.0664505	0.355379	0.186985	0.0747431	0.0747431	0.345481	0.216345
19	5	0.0437455	0.0437455	0.287143	0.152348	0.0099829	0.0099829	0.244887	0.0407653
19	6	0.0601961	0.0601961	0.228293	0.263679	0.0189676	0.0189676	0.229833	0.0825276
19	7	-0.021065	-0.021065	0.173491	-0.121418	0.008473	0.008473	0.183769	0.0461068
19	8	0.0160512	0.0160512	0.117639	0.136445	0.0262879	0.0262879	0.0749977	0.350516
20	0	1.90684	1.90684	9.89659	0.192676	3.36078	3.36078	9.89659	0.339589
20	1	2.75128	2.75128	7.63225	0.360481	1.63957	1.63957	5.04328	0.3251
20	2	0.548891	0.548891	2.49541	0.219961	0.296558	0.296558	1.61754	0.183339
20	3	0.104139	0.104139	0.990909	0.105094	-0.0608242	-0.0608242	0.492742	-0.12344
20	4	-0.0267806	-0.0267806	0.355973	-0.0752319	0.0613522	0.0613522	0.260905	0.235151
20	5	0.0123296	0.0123296	0.176817	0.0697308	0.0804331	0.0804331	0.152386	0.527826
20	6	0.0922551	0.0922551	0.132617	0.695652	0.0545033	0.0545033	0.0926116	0.588515
20	7	0.0542833	0.0542833	0.0682486	0.795376	0.0140688	0.0140688	0.0336622	0.417941
20	8	0.0038893	0.0038893	0.0168506	0.230811	-0.00340462	-0.00340462	0.0140211	-0.242821
21	0	-0.163859	-0.163859	10.0291	-0.0163383	1.61707	1.61707	10.0291	0.161238
21	1	3.33588	3.33588	6.85284	0.486788	3.02597	3.02597	6.7576	0.447788
21	2	1.84573	1.84573	5.36878	0.34379	0.176732	0.176732	3.32984	0.0530753
21	3	0.0873661	0.0873661	1.73728	0.0502891	0.550993	0.550993	1.75484	0.313986
21	4	0.300233	0.300233	0.848575	0.353809	0.112395	0.112395	0.448535	0.250582
21	5	0.114126	0.114126	0.346854	0.329032	0.160495	0.160495	0.314674	0.510035
21	6	0.129598	0.129598	0.280538	0.46196	0.0522963	0.0522963	0.139276	0.375486
21	7	0.038656	0.038656	0.0868499	0.44509	-0.00340508	-0.00340508	0.0440576	-0.0772871
21	8	-0.00593097	-0.00593097	0.0234114	-0.253337	-0.0306595	-0.0306595	0.0223876	-1.36949
22	0	3.51694	3.51694	10.6873	0.329078	5.49616	5.49616	10.6873	0.514271
22	1	2.49326	2.49326	13.0278	0.19138	1.03932	1.03932	5.62858	0.184651
22	2	0.54354	0.54354	2.74449	0.198048	0.253752	0.253752	1.35566	0.18718
22	3	-0.237471	-0.237471	0.918823	-0.258451	-0.46206	-0.46206	1.03042	-0.448418
22	4	0.133149	0.133149	0.892733	0.149147	0.214849	0.214849	0.715369	0.300333
22	5	0.152248	0.152248	0.562169	0.270823	0.173482	0.173482	0.471468	0.367961
22	6	0.173659	0.173659	0.430086	0.403778	0.164984	0.164984	0.372584	0.442811
22	7	0.158297	0.158297	0.299265	0.528954	0.109759	0.109759	0.1812	0.605737
22	8	0.0510338	0.0510338	0.1203	0.424221	-0.0188275	-0.0188275	0.0702782	-0.2679
23	0	-2.26935	-2.26935	8.01015	-0.28331	0.783096	0.783096	8.01015	0.0977629
23	1	2.90593	2.90593	6.79815	0.427459	0.782603	0.782603	9.95861	0.0785856
23	2	1.40055	1.40055	4.38255	0.319575	1.02635	1.02635	2.63599	0.389358
23	3	0.622356	0.622356	1.42183	0.437716	0.234591	0.234591	0.615979	0.380843
23	4	0.326378	0.326378	0.289664	1.12675	0.276468	0.276468	0.319286	0.865893
23	5	0.145352	0.145352	0.267023	0.544342	0.0922151	0.0922151	0.350253	0.263282
23	6	0.245176	0.245176	0.267245	0.917419	0.192548	0.192548	0.408894	0.470899
23	7	0.0424653	0.0424653	0.135423	0.313576	0.058101	0.058101	0.0735798	0.789631
23	8	0.0351866	0.0351866	0.0387435	0.908194	0.0225378	0.0225378	0.0348646	0.646439
24	0	0.904635	0.904635	10.7056	0.0845012	2.92762	2.92762	10.7056	0.273466
24	1	3.63391	3.63391	7.09961	0.511846	1.80574	1.80574	6.32269	0.285596
24	2	-0.527191	-0.527191	3.69561	-0.142653	0.0331244	0.0331244	4.04453	0.00818991
24	3	1.71748	1.71748	4.34665	0.395127	1.13622	1.13622	3.59787	0.315803
24	4	-0.0160898	-0.0160898	1.39521	-0.0115322	0.00932213	0.00932213	0.931303	0.0100098
24	5	0.206268	0.206268	1.0303	0.200203	0.172076	0.172076	0.662455	0.259754
24	6	0.181804	0.181804	0.550855	0.33004	-0.0246246	-0.0246246	0.273511	-0.0900314
24	7	-0.0170263	-0.0170263	0.18997	-0.0896261	0.0151951	0.0151951	0.0506749	0.299855
24	8	0.000955852	0.000955852	0.031917	0.029948	0.0100803	0.0100803	0.0311326	0.323785
25	0	3.1127	3.1127	11.1645	0.278804	4.87639	4.87639	11.1645	0.436778
25	1	2.84978	2.84978	11.0763	0.257287	1.33419	1.33419	3.63307	0.367236
25	2	0.38787	0.38787	2.34435	0.165449	0.249242	0.249242	1.3224	0.188477
25	3	0.212897	0.212897	0.936788	0.227263	0.140474	0.140474	0.513355	0.273639
25	4	0.073201	0.073201	0.315481	0.23203	-0.00755032	-0.00755032	0.231428	-0.0326249
25	5	-0.0461586	-0.0461586	0.167569	-0.275461	0.107999	0.107999	0.208512	0.517949
25	6	0.100711	0.100711	0.190936	0.527461	-0.0131993	-0.0131993	0.0836807	-0.157734
25	7	0.00819282	0.00819282	0.0711366	0.11517	0.0171834	0.0171834	0.0702105	0.244741
25	8	0.00748285	0.00748285	0.0427695	0.174958	-0.00108939	-0.00108939	0.0265882	-0.0409726
26	0	1.20665	1.20665	9.78209	0.123353	2.74907	2.74907	9.78209	0.281031
26	1	2.8728	2.8728	7.77818	0.369341	1.87179	1.87179	6.84429	0.273482
26	2	1.0093	1.0093	3.11202	0.324322	0.623327	0.623327	1.40324	0.444206
26	3	0.336857	0.336857	0.978817	0.344147	0.27365	0.27365	0.746618	0.366519
26	4	0.234959	0.234959	0.500388	0.469553	0.281228	0.281228	0.455431	0.617498
26	5	0.170117	0.170117	0.336555	0.505464	0.0649385	0.0649385	0.163688	0.396721
26	6	0.082418	0.082418	0.153615	0.536522	0.111314	0.111314	0.172558	0.645079
26	7	0.0923866	0.0923866	0.131537	0.702364	0.00871516	0.00871516	0.115717	0.0753146
26	8	-0.0432507	-0.0432507	0.0814152	-0.531237	-0.00897312	-0.00897312	0.0654724	-0.137052
27	0	1.23963	1.23963	8.1265	0.152542	2.35212	2.35212	8.1265	0.289438
27	1	1.07515	1.07515	5.39787	0.199181	0.15148	0.15148	2.35603	0.0642946
27	2	0.430459	0.430459	1.29612	0.332113	0.328692	0.328692	0.922465	0.35632
27	3	0.202437	0.202437	0.412768	0.490439	0.115483	0.115483	0.187677	0.615327
27	4	0.0192921	0.0192921	0.0915549	0.210716	0.0383748	0.0383748	0.0753169	0.509511
27	5	0.0358884	0.0358884	0.053148	0.675254	-0.0458243	-0.0458243	0.0329345	-1.39138
27	6	-0.0579884	-0.0579884	0.0226593	-2.55914	-0.00413248	-0.00413248	0.0311594	-0.132624
27	7	-0.0109716	-0.0109716	0.0220119	-0.498441	0.0283049	0.0283049	0.0180488	1.56824
27	8	0.00959076	0.00959076	0.00850906	1.12712	-0.0183989	-0.0183989	0.00798929	-2.30295
28	0	2.5623	2.5623	8.99544	0.284845	3.73664	3.73664	8.99544	0.415392
28	1	1.45522	1.45522	7.68966	0.189243	0.171406	0.171406	3.11517	0.0550231
28	2	0.0205299	0.0205299	1.42541	0.0144028	0.367173	0.367173	1.53353	0.239429
28	3	0.404087	0.404087	0.869367	0.464806	0.167015	0.167015	0.524674	0.318322
28	4	0.0558309	0.0558309	0.312539	0.178637	0.0612676	0.0612676	0.311312	0.196804
28	5	0.0394924	0.0394924	0.238877	0.165325	0.0733177	0.0733177	0.274011	0.267572
28	6	0.112666	0.112666	0.243593	0.462516	0.252387	0.252387	0.220934	1.14237
28	7	0.168226	0.168226	0.152351	1.1042	-0.0109997	-0.0109997	0.010637	-1.03409
28	8	-0.00269885	-0.00269885	0.00429636	-0.628172	0.00729031	0.00729031	0.0033879	2.15186
29	0	2.80224	2.80224	9.91241	0.2827	3.63591	3.63591	9.91241	0.366804
29	1	0.824668	0.824668	9.57835	0.0860971	0.192431	0.192431	6.04121	0.0318531
29	2	-0.39435	-0.39435	3.28908	-0.119897	0.122922	0.122922	2.85937	0.0429893
29	3	1.29069	1.29069	2.36624	0.545458	0.748539	0.748539	1.49294	0.501387
29	4	0.159253	0.159253	0.964629	0.165093	0.114472	0.114472	0.756951	0.151228
29	5	0.130101	0.130101	0.572484	0.227257	0.250435	0.250435	0.649991	0.385289
29	6	0.417003	0.417003	0.631574	0.66026	-0.00893104	-0.00893104	0.400825	-0.0222817
29	7	-0.0570444	-0.0570444	0.344855	-0.165416	0.129535	0.129535	0.249224	0.519751
29	8	0.066141	0.066141	0.179598	0.368273	0.00486486	0.00486486	0.157318	0.0309237
30	0	-0.895959	-0.895959	8.11535	-0.110403	0.148024	0.148024	8.11535	0.0182401
30	1	-0.375558	-0.375558	6.2932	-0.0596767	1.26841	1.26841	8.55927	0.148191
30	2	3.16599	3.16599	5.5864	0.566732	1.33651	1.33651	6.36381	0.210017
30	3	1.01881	1.01881	2.81365	0.362097	0.311718	0.311718	1.75733	0.177382
30	4	0.33923	0.33923	0.852885	0.397744	0.346541	0.346541	0.711923	0.486767
30	5	0.120386	0.120386	0.478858	0.251402	0.044768	0.044768	0.433699	0.103224
30	6	0.253535	0.253535	0.31651	0.801032	0.211555	0.211555	0.416418	0.508037
30	7	0.13067	0.13067	0.222066	0.588428	0.111037	0.111037	0.100067	1.10963
30	8	0.00761198	0.00761198	0.0478646	0.159032	0.0188708	0.0188708	0.0564275	0.334426
31	0	0.281719	0.281719	10.6649	0.0264156	2.13589	2.13589	10.6649	0.200273
31	1	2.51982	2.51982	6.75092	0.373255	0.791698	0.791698	1.36459	0.580174
31	2	0.255387	0.255387	0.764532	0.334043	0.315868	0.315868	0.473787	0.666688
31	3	0.265678	0.265678	0.29876	0.889269	0.160335	0.160335	0.313369	0.511651
31	4	0.133992	0.133992	0.144169	0.929405	0.102257	0.102257	0.104097	0.982332
31	5	0.0460478	0.0460478	0.0757233	0.608106	-0.00131953	-0.00131953	0.0312338	-0.0422468
31	6	0.0403137	0.0403137	0.026035	1.54844	0.0847975	0.0847975	0.0191222	4.43451
31	7	0.048741	0.048741	0.0110802	4.39891	0.00912853	0.00912853	0.00792902	1.15128
31	8	0.000677873	0.000677873	0.00519015	0.130608	-0.00144133	-0.00144133	0.0031612	-0.455944
32	0	1.63422	1.63422	8.50409	0.192168	3.78247	3.78247	8.50409	0.444782
32	1	2.8045	2.8045	8.00527	0.350332	0.806847	0.806847	3.74812	0.215267
32	2	0.6119	0.6119	2.12386	0.288107	0.631264	0.631264	2.07849	0.303713
32	3	0.412037	0.412037	1.00543	0.409813	0.381679	0.381679	0.681111	0.560377
32	4	0.197597	0.197597	0.378511	0.522037	0.0762227	0.0762227	0.319973	0.238216
32	5	0.0371597	0.0371597	0.231539	0.16049	0.0582655	0.0582655	0.220174	0.264633
32	6	0.0668924	0.0668924	0.173204	0.386207	0.0636277	0.0636277	0.086826	0.732819
32	7	0.0196496	0.0196496	0.057071	0.344301	-0.0248849	-0.0248849	0.0283557	-0.877598
32	8	-0.0057039	-0.0057039	0.0140379	-0.406322	0.00406106	0.00406106	0.010925	0.371721
33	0	3.10374	3.10374	9.61267	0.32288	4.57828	4.57828	9.61267	0.476275
33	1	2.23963	2.23963	10.1237	0.221226	1.13138	1.13138	6.34307	0.178365
33	2	0.283103	0.283103	2.84721	0.0994317	0.0614394	0.0614394	0.986729	0.0622657
33	3	0.223119	0.223119	0.82501	0.270443	0.089892	0.089892	0.459937	0.195444
33	4	-0.0497079	-0.0497079	0.28642	-0.173549	-0.115742	-0.115742	0.277204	-0.417534
33	5	-0.0303292	-0.0303292	0.197749	-0.153372	0.0534009	0.0534009	0.140326	0.380549
33	6	0.0389166	0.0389166	0.11091	0.350886	-5.76254e-05	-5.76254e-05	0.0849776	-0.000678124
33	7	0.00439821	0.00439821	0.0588207	0.0747731	0.0038542	0.0038542	0.0595877	0.0646811
33	8	0.000687334	0.000687334	0.0434307	0.015826	0.000547493	0.000547493	0.0296041	0.0184938
34	0	0.522966	0.522966	7.30737	0.071567	1.7321	1.7321	7.30737	0.237035
34	1	2.39525	2.39525	4.80458	0.498535	2.06086	2.06086	3.67315	0.56106
34	2	1.69668	1.69668	2.08709	0.812942	0.977212	0.977212	1.54962	0.630615
34	3	0.370348	0.370348	1.0583	0.349947	0.231108	0.231108	0.85201	0.27125
34	4	0.0526846	0.0526846	0.457651	0.115119	0.0740014	0.0740014	0.56706	0.1305
34	5	0.0381005	0.0381005	0.409917	0.0929468	0.091865	0.091865	0.311737	0.294688
34	6	0.106642	0.106642	0.254394	0.419199	0.0475296	0.0475296	0.0733356	0.648111
34	7	0.0449518	0.0449518	0.0450459	0.99791	0.0147316	0.0147316	0.0298639	0.493293
34	8	-0.000304126	-0.000304126	0.0198668	-0.0153083	-0.00500076	-0.00500076	0.0214858	-0.232747
35	0	-1.10857	-1.10857	12.9897	-0.0853422	1.07499	1.07499	12.9897	0.0827574
35	1	1.02865	1.02865	9.46805	0.108645	-0.555477	-0.555477	8.2629	-0.0672255
35	2	2.44001	2.44001	4.22449	0.577588	2.10557	2.10557	8.20551	0.256605
35	3	0.36395	0.36395	3.32605	0.109424	0.0998728	0.0998728	0.725766	0.13761
35	4	0.0206453	0.0206453	0.149467	0.138126	0.0699855	0.0699855	0.162924	0.42956
35	5	0.0779872	0.0779872	0.112656	0.692262	0.042314	0.042314	0.0940742	0.449794
35	6	0.0463482	0.0463482	0.0770191	0.601775	0.0206218	0.0206218	0.0432784	0.476491
35	7	-0.022484	-0.022484	0.0267913	-0.839225	-0.00680503	-0.00680503	0.0221296	-0.307508
35	8	0.02208	0.02208	0.0138533	1.59384	0.0129562	0.0129562	0.00969641	1.33618
36	0	1.33839	1.33839	10.7296	0.124738	3.42132	3.42132	10.7296	0.318868
36	1	3.00051	3.00051	8.67007	0.346077	1.45545	1.45545	3.55645	0.409241
36	2	0.562516	0.562516	2.15161	0.261439	0.168086	0.168086	1.50377	0.111777
36	3	0.453679	0.453679	1.11709	0.406125	0.470253	0.470253	1.22307	0.384485
36	4	0.161411	0.161411	0.599562	0.269216	0.00391053	0.00391053	0.417008	0.0093776
36	5	0.0441004	0.0441004	0.295734	0.149122	0.100915	0.100915	0.296534	0.340315
36	6	0.118165	0.118165	0.245746	0.480842	0.0957511	0.0957511	0.177925	0.538154
36	7	0.033271	0.033271	0.130379	0.255186	-0.0241416	-0.0241416	0.0524001	-0.460717
36	8	0.00763575	0.00763575	0.0344572	0.221601	0.0421153	0.0421153	0.0260216	1.61847
37	0	3.22357	3.22357	11.5353	0.279453	4.41506	4.41506	11.5353	0.382742
37	1	1.09576	1.09576	10.1679	0.107766	0.356536	0.356536	2.8631	0.124528
37	2	0.450278	0.450278	2.17484	0.20704	0.120392	0.120392	0.811494	0.148359
37	3	0.159241	0.159241	0.561959	0.283368	0.0844378	0.0844378	0.418393	0.201815
37	4	0.05926	0.05926	0.216536	0.273673	0.0285343	0.0285343	0.109639	0.260257
37	5	0.0191579	0.0191579	0.0772309	0.248061	-0.00607313	-0.00607313	0.0693276	-0.0876004
37	6	0.00472926	0.00472926	0.0616282	0.0767385	0.0331174	0.0331174	0.0603194	0.549033
37	7	0.0402884	0.0402884	0.0491083	0.820398	0.0264493	0.0264493	0.0367527	0.719658
37	8	0.00387542	0.00387542	0.0233599	0.165901	-0.0279179	-0.0279179	0.0227395	-1.22772
38	0	2.8696	2.8696	11.8978	0.241188	4.79605	4.79605	11.8978	0.403105
38	1	2.49214	2.49214	11.3118	0.220313	0.959427	0.959427	5.02737	0.190841
38	2	0.544068	0.544068	2.57977	0.210898	0.313936	0.313936	1.39055	0.225764
38	3	0.221743	0.221743	0.916202	0.242024	0.00294597	0.00294597	0.823363	0.00357797
38	4	0.163453	0.163453	0.483127	0.338323	0.232027	0.232027	0.407375	0.569567
38	5	0.139849	0.139849	0.362137	0.386177	0.113043	0.113043	0.395133	0.286087
38	6	0.0171784	0.0171784	0.363583	0.0472476	0.036995	0.036995	0.372066	0.0994312
38	7	0.0629574	0.0629574	0.276502	0.227692	0.115686	0.115686	0.159863	0.723659
38	8	0.0416548	0.0416548	0.105817	0.393647	-0.0164064	-0.0164064	0.112137	-0.146306
39	0	0.208707	0.208707	7.7798	0.0268267	1.89459	1.89459	7.7798	0.243527
39	1	1.79626	1.79626	5.02872	0.3572	0.50702	0.50702	2.71019	0.187079
39	2	0.951566	0.951566	1.41685	0.671609	0.914015	0.914015	1.49938	0.609596
39	3	0.628983	0.628983	0.998231	0.630098	0.264015	0.264015	0.546562	0.483048
39	4	0.0408913	0.0408913	0.280341	0.145862	0.0635392	0.0635392	0.258662	0.245646
39	5	0.0659072	0.0659072	0.178033	0.370196	0.16317	0.16317	0.177261	0.920507
39	6	0.172013	0.172013	0.140168	1.22719	0.0240718	0.0240718	0.140271	0.171609
39	7	0.0806788	0.0806788	0.0929749	0.867748	0.0635515	0.0635515	0.101884	0.623766
39	8	-0.0473468	-0.0473468	0.0390137	-1.21359	0.00477785	0.00477785	0.0281621	0.169656
40	0	4.05281	4.05281	11.3432	0.35729	5.55769	5.55769	11.3432	0.489958
40	1	1.64	1.64	13.7735	0.119069	0.582129	0.582129	6.40164	0.0909344
40	2	0.658677	0.658677	3.91335	0.168315	0.584647	0.584647	2.0008	0.292206
40	3	0.482785	0.482785	1.4466	0.333739	0.136785	0.136785	0.437541	0.312622
40	4	0.0243532	0.0243532	0.269394	0.0904002	0.0927961	0.0927961	0.308621	0.30068
40	5	0.124107	0.124107	0.252533	0.491447	0.00152045	0.00152045	0.148325	0.0102508
40	6	0.0220906	0.0220906	0.112383	0.196565	0.0908501	0.0908501	0.130455	0.696409
40	7	0.0478922	0.0478922	0.0858302	0.557988	-0.0177694	-0.0177694	0.0381403	-0.465895
40	8	-0.0483671	-0.0483671	0.0228324	-2.11835	-0.0106138	-0.0106138	0.032337	-0.328225
41	0	2.35267	2.35267	12.1695	0.193326	4.65638	4.65638	12.1695	0.382628
41	1	2.53517	2.53517	12.6174	0.200927	0.654496	0.654496	8.30137	0.0788419
41	2	1.44628	1.44628	5.03083	0.287484	1.56104	1.56104	7.09367	0.22006
41	3	0.971564	0.971564	4.06144	0.239217	0.591035	0.591035	1.88849	0.312967
41	4	0.0203157	0.0203157	1.07643	0.0188733	-0.0714329	-0.0714329	0.578615	-0.123455
41	5	0.115514	0.115514	0.522346	0.221145	0.0823305	0.0823305	0.394714	0.208583
41	6	0.0466401	0.0466401	0.36188	0.128883	0.0525877	0.0525877	0.327596	0.160526
41	7	0.201742	0.201742	0.28319	0.71239	0.229754	0.229754	0.243121	0.945022
41	8	0.0912688	0.0912688	0.145688	0.626466	0.0137959	0.0137959	0.0934964	0.147555
42	0	4.82114	4.82114	10.2203	0.471722	7.13245	7.13245	10.2203	0.69787
42	1	2.72451	2.72451	16.8139	0.162039	0.426652	0.426652	3.1278	0.136406
42	2	0.118668	0.118668	1.52672	0.0777276	0.234292	0.234292	1.21467	0.192886
42	3	0.201561	0.201561	0.772689	0.260857	0.137975	0.137975	0.352959	0.390908
42	4	0.0993449	0.0993449	0.229886	0.432149	0.0739287	0.0739287	0.144971	0.509955
42	5	0.0525835	0.0525835	0.120749	0.435479	0.0212959	0.0212959	0.0853095	0.249631
42	6	0.0303351	0.0303351	0.0779976	0.388924	0.0762	0.0762	0.0491977	1.54885
42	7	0.0566094	0.0566094	0.0410569	1.3788	0.0114427	0.0114427	0.0238689	0.479395
42	8	0.0133239	0.0133239	0.016374	0.813724	-0.00766106	-0.00766106	0.0175458	-0.436633
43	0	3.79816	3.79816	14.2071	0.267342	5.77213	5.77213	14.2071	0.406284
43	1	2.88352	2.88352	15.1149	0.190774	1.42385	1.42385	6.8716	0.207208
43	2	0.635843	0.635843	3.5275	0.180253	0.173507	0.173507	0.963313	0.180115
43	3	0.280577	0.280577	0.64035	0.438163	0.28542	0.28542	0.650852	0.438533
43	4	0.0896017	0.0896017	0.404986	0.221246	0.121484	0.121484	0.299142	0.406109
43	5	0.0979566	0.0979566	0.25959	0.377351	0.0349946	0.0349946	0.166175	0.210589
43	6	0.0516409	0.0516409	0.154583	0.334066	0.0238131	0.0238131	0.140948	0.168949
43	7	0.0166287	0.0166287	0.097363	0.170791	0.0316371	0.0316371	0.0823446	0.384204
43	8	0.0298731	0.0298731	0.0485461	0.615356	0.0302805	0.0302805	0.0323788	0.935194
44	0	0.703126	0.703126	11.1832	0.0628734	2.42966	2.42966	11.1832	0.217259
44	1	3.40902	3.40902	6.81064	0.500543	1.66753	1.66753	6.63371	0.251373
44	2	0.474742	0.474742	2.99534	0.158493	0.654601	0.654601	3.04895	0.214697
44	3	0.316063	0.316063	1.32971	0.237693	0.254525	0.254525	0.509265	0.499788
44	4	0.160602	0.160602	0.32366	0.496205	0.192618	0.192618	0.264955	0.726984
44	5	0.108148	0.108148	0.197896	0.546491	-0.0465809	-0.0465809	0.127836	-0.36438
44	6	-0.0165584	-0.0165584	0.106191	-0.15593	-0.0135965	-0.0135965	0.0537144	-0.253125
44	7	-0.0350411	-0.0350411	0.0364523	-0.961286	-0.0382913	-0.0382913	0.0358043	-1.06946
44	8	-0.0166645	-0.0166645	0.0255229	-0.652924	0.0235905	0.0235905	0.0234161	1.00745
45	0	0.640284	0.640284	7.84872	0.0815781	1.48501	1.48501	7.84872	0.189204
45	1	1.06524	1.06524	4.80223	0.221823	0.562276	0.562276	1.97651	0.284479
45	2	-0.0791759	-0.0791759	1.25884	-0.0628958	-0.078267	-0.078267	1.34937	-0.0580027
45	3	0.236963	0.236963	0.825294	0.287126	0.040189	0.040189	0.963757	0.0417003
45	4	0.409342	0.409342	0.583495	0.701536	0.52986	0.52986	0.657749	0.805566
45	5	0.349029	0.349029	0.541754	0.644258	-0.447386	-0.447386	0.425387	-1.05172
45	6	-0.691866	-0.691866	0.300397	-2.30317	-0.061864	-0.061864	0.413046	-0.149775
45	7	0.102063	0.102063	0.156094	0.653855	-0.0546346	-0.0546346	0.0911118	-0.599644
45	8	-0.00682569	-0.00682569	0.0512105	-0.133287	0.123927	0.123927	0.0670658	1.84785
46	0	1.42506	1.42506	10.4267	0.136674	2.23225	2.23225	10.4267	0.21409
46	1	1.77224	1.77224	6.79994	0.260625	1.41166	1.41166	5.28804	0.266954
46	2	0.389054	0.389054	2.3195	0.167732	-0.0167482	-0.0167482	1.22679	-0.013652
46	3	0.339365	0.339365	0.825954	0.410877	0.549349	0.549349	0.93171	0.589614
46	4	0.210307	0.210307	0.485355	0.433305	-0.01259	-0.01259	0.349695	-0.0360027
46	5	0.0544512	0.0544512	0.248727	0.21892	0.0300977	0.0300977	0.245084	0.122806
46	6	-0.0516576	-0.0516576	0.186926	-0.276354	-0.0725718	-0.0725718	0.0983307	-0.738038
46	7	-0.02613	-0.02613	0.0766915	-0.340716	-0.037614	-0.037614	0.0585157	-0.642802
46	8	-0.0212049	-0.0212049	0.0291861	-0.726539	-0.00515405	-0.00515405	0.029946	-0.172111
47	0	3.187	3.187	8.58345	0.371296	4.15292	4.15292	8.58345	0.483829
47	1	1.31114	1.31114	9.11045	0.143915	0.685114	0.685114	5.66838	0.120866
47	2	-0.518704	-0.518704	2.99195	-0.173367	0.072121	0.072121	2.36976	0.0304339
47	3	1.10658	1.10658	3.99913	0.276705	0.266895	0.266895	1.19086	0.224119
47	4	0.0819405	0.0819405	0.627648	0.130552	-0.0136974	-0.0136974	0.311838	-0.0439246
47	5	0.0143194	0.0143194	0.21366	0.0670199	0.0035987	0.0035987	0.148315	0.0242639
47	6	-0.0150954	-0.0150954	0.105115	-0.143608	-0.0218135	-0.0218135	0.0343154	-0.635678
47	7	-0.0173108	-0.0173108	0.0211137	-0.819885	0.00584755	0.00584755	0.0137347	0.425751
47	8	-0.00805451	-0.00805451	0.00961188	-0.837974	-0.012021	-0.012021	0.00831587	-1.44555
48	0	-0.295634	-0.295634	10.3992	-0.0284285	0.657693	0.657693	10.3992	0.0632445
48	1	2.48192	2.48192	6.76096	0.367096	1.54956	1.54956	2.32703	0.665898
48	2	0.365064	0.365064	1.61491	0.226059	0.146737	0.146737	1.86353	0.0787417
48	3	-0.867862	-0.867862	0.957016	-0.906841	-0.449004	-0.449004	1.07906	-0.416106
48	4	0.160793	0.160793	0.884858	0.181716	-0.124651	-0.124651	0.660387	-0.188755
48	5	0.119412	0.119412	0.44139	0.270537	0.051475	0.051475	0.696142	0.0739432
48	6	-0.0199826	-0.0199826	0.504774	-0.0395873	0.177199	0.177199	0.213089	0.831575
48	7	0.0389231	0.0389231	0.0439755	0.885108	-0.0151979	-0.0151979	0.0258694	-0.587487
48	8	0.0200709	0.0200709	0.0150504	1.33357	0.0214867	0.0214867	0.0143206	1.50041
49	0	3.07368	3.07368	12.6476	0.243025	4.86729	4.86729	12.6476	0.384839
49	1	1.12905	1.12905	13.2513	0.085203	0.187333	0.187333	8.83194	0.0212109
49	2	1.69282	1.69282	6.43748	0.262964	1.64406	1.64406	4.90285	0.335328
49	3	1.17252	1.17252	3.6435	0.321812	0.456208	0.456208	1.16283	0.392327
49	4	0.133109	0.133109	0.63061	0.21108	0.198267	0.198267	0.441266	0.449315
49	5	0.151381	0.151381	0.353746	0.427938	0.0547884	0.0547884	0.126975	0.43149
49	6	0.0639098	0.0639098	0.112902	0.566065	0.0459803	0.0459803	0.089395	0.51435
49	7	0.0570456	0.0570456	0.067454	0.845697	0.0279124	0.0279124	0.0340169	0.820545
49	8	-0.00110018	-0.00110018	0.024085	-0.045679	-0.0224275	-0.0224275	0.0191255	-1.17265
50	0	2.29261	2.29261	9.06769	0.252833	3.39674	3.39674	9.06769	0.374598
50	1	1.44199	1.44199	6.65385	0.216715	0.625692	0.625692	2.07575	0.301429
50	2	0.327327	0.327327	0.992353	0.329849	0.109893	0.109893	0.392014	0.28033
50	3	0.0987848	0.0987848	0.280329	0.352389	0.0721581	0.0721581	0.292631	0.246584
50	4	0.0326177	0.0326177	0.152878	0.213357	-0.00787234	-0.00787234	0.137401	-0.0572945
50	5	0.0134392	0.0134392	0.119961	0.11203	0.00734133	0.00734133	0.0971874	0.0755379
50	6	0.0124928	0.0124928	0.0817658	0.152787	0.153445	0.153445	0.070263	2.18387
50	7	0.135045	0.135045	0.0404418	3.33924	-0.0229891	-0.0229891	0.0293353	-0.783667
50	8	-0.0179648	-0.0179648	0.017231	-1.04259	-0.00881897	-0.00881897	0.017437	-0.505762
51	0	4.21032	4.21032	12.0364	0.349801	6.26682	6.26682	12.0364	0.520658
51	1	2.74286	2.74286	15.6951	0.174758	0.868701	0.868701	6.0487	0.143618
51	2	0.500562	0.500562	3.1031	0.161311	0.577014	0.577014	2.88283	0.200156
51	3	0.373286	0.373286	1.52743	0.244388	0.190745	0.190745	0.439593	0.433912
51	4	0.0904383	0.0904383	0.227707	0.397169	0.0217286	0.0217286	0.101331	0.214431
51	5	0.0179006	0.0179006	0.0765504	0.23384	0.0108387	0.0108387	0.0697588	0.155374
51	6	0.0130853	0.0130853	0.0618659	0.21151	0.0173497	0.0173497	0.0256423	0.676605
51	7	0.0242624	0.0242624	0.0165482	1.46616	0.0194811	0.0194811	0.0323298	0.602573
51	8	-0.0129511	-0.0129511	0.0185115	-0.699628	-0.00866001	-0.00866001	0.0164975	-0.524929
52	0	2.21499	2.21499	8.38802	0.264066	3.08376	3.08376	8.38802	0.367639
52	1	1.46106	1.46106	6.69432	0.218254	0.911128	0.911128	4.5581	0.199892
52	2	0.435328	0.435328	2.00595	0.217018	-0.0264289	-0.0264289	0.911069	-0.0290087
52	3	-0.140267	-0.140267	0.6074	-0.230931	0.0958775	0.0958775	0.68824	0.139308
52	4	0.216094	0.216094	0.309015	0.6993	0.188349	0.188349	0.244718	0.769656
52	5	0.125973	0.125973	0.212021	0.594151	0.0821019	0.0821019	0.180442	0.455005
52	6	0.0160467	0.0160467	0.147566	0.108742	0.0470941	0.0470941	0.150298	0.313338
52	7	0.0613447	0.0613447	0.0987611	0.621143	0.0338849	0.0338849	0.0926834	0.365598
52	8	0.0758125	0.0758125	0.0502309	1.50928	0.0485665	0.0485665	0.0545776	0.889861
53	0	5.1366	5.1366	10.4542	0.491345	7.57343	7.57343	10.4542	0.724441
53	1	2.70016	2.70016	18.1369	0.148876	0.379801	0.379801	2.49466	0.152246
53	2	0.0585876	0.0585876	1.13193	0.051759	-0.0653497	-0.0653497	0.493185	-0.132506
53	3	0.0768485	0.0768485	0.51871	0.148153	0.123857	0.123857	0.466755	0.265358
53	4	0.0389669	0.0389669	0.212736	0.18317	-0.0139647	-0.0139647	0.0940935	-0.148413
53	5	-0.00288887	-0.00288887	0.0687717	-0.0420067	0.0578034	0.0578034	0.0941214	0.614137
53	6	0.0430503	0.0430503	0.0785651	0.547958	-0.0443766	-0.0443766	0.0575416	-0.771209
53	7	-0.0280218	-0.0280218	0.0460605	-0.60837	0.0149709	0.0149709	0.0381945	0.391966
53	8	0.0136246	0.0136246	0.0212045	0.642534	0.0194398	0.0194398	0.0188422	1.03172
54	0	0.935406	0.935406	8.5096	0.109924	2.57641	2.57641	8.5096	0.302765
54	1	2.51061	2.51061	5.59784	0.448497	1.45474	1.45474	3.02568	0.4808
54	2	0.53061	0.53061	1.99247	0.266308	-0.115922	-0.115922	1.38639	-0.0836141
54	3	0.149946	0.149946	0.843017	0.177868	0.316841	0.316841	0.746196	0.424609
54	4	0.388143	0.388143	0.463214	0.837935	0.360977	0.360977	0.569236	0.634143
54	5	0.115753	0.115753	0.366988	0.315413	0.079749	0.079749	0.291476	0.273604
54	6	3.74735e-05	3.74735e-05	0.243072	0.000154166	-0.136356	-0.136356	0.203609	-0.669693
54	7	-0.0289208	-0.0289208	0.163676	-0.176695	0.00553691	0.00553691	0.141387	0.0391612
54	8	-0.0587586	-0.0587586	0.0700153	-0.839225	-0.00162158	-0.00162158	0.0385647	-0.0420484
55	0	3.03862	3.03862	12.5522	0.242078	3.81541	3.81541	12.5522	0.303964
55	1	1.705	1.705	10.8589	0.157015	1.17862	1.17862	6.45505	0.182588
55	2	0.402065	0.402065	2.99551	0.134222	0.329859	0.329859	2.35426	0.140112
55	3	0.640038	0.640038	1.62938	0.39281	0.488542	0.488542	0.842539	0.579845
55	4	-0.0204482	-0.0204482	0.399071	-0.0512394	-0.052869	-0.052869	0.264188	-0.200119
55	5	-0.00800567	-0.00800567	0.220361	-0.0363298	0.025212	0.025212	0.216655	0.11637
55	6	0.0640173	0.0640173	0.189728	0.337417	-0.00528616	-0.00528616	0.181186	-0.0291753
55	7	0.022757	0.022757	0.141544	0.160777	0.070724	0.070724	0.0997071	0.709318
55	8	0.0137616	0.0137616	0.0732656	0.187831	0.0098789	0.0098789	0.0614476	0.16077
56	0	2.29373	2.29373	8.51941	0.269236	3.59186	3.59186	8.51941	0.421609
56	1	1.34894	1.34894	7.06065	0.19105	0.355806	0.355806	3.17505	0.112063
56	2	0.759784	0.759784	2.09284	0.36304	0.50596	0.50596	1.57022	0.322222
56	3	0.145992	0.145992	1.14163	0.127881	0.101351	0.101351	1.17717	0.0860976
56	4	0.12791	0.12791	0.719224	0.177845	0.200755	0.200755	0.450744	0.445386
56	5	0.0831627	0.0831627	0.322126	0.258168	0.0627701	0.0627701	0.232185	0.270345
56	6	0.06135	0.06135	0.199121	0.308104	0.0840256	0.0840256	0.192389	0.436748
56	7	0.116517	0.116517	0.168358	0.692079	0.0519279	0.0519279	0.148463	0.349771
56	8	0.0382811	0.0382811	0.105776	0.361908	0.0390137	0.0390137	0.0839706	0.464612
57	0	0.543033	0.543033	10.1024	0.0537528	2.27939	2.27939	10.1024	0.225628
57	1	4.48758	4.48758	7.28737	0.615803	3.39861	3.39861	7.99375	0.425158
57	2	1.00053	1.00053	5.19357	0.192648	0.563394	0.563394	3.41889	0.164788
57	3	0.374365	0.374365	2.11175	0.177277	0.205534	0.205534	1.27727	0.160916
57	4	0.0603129	0.0603129	0.87292	0.0690933	0.209702	0.209702	1.03263	0.203075
57	5	0.302495	0.302495	0.780555	0.387538	0.115189	0.115189	0.46798	0.246141
57	6	0.112052	0.112052	0.465571	0.240677	0.406609	0.406609	0.427961	0.950109
57	7	0.414427	0.414427	0.315989	1.31153	0.113482	0.113482	0.233375	0.486266
57	8	0.00246537	0.00246537	0.123802	0.0199138	-0.0438254	-0.0438254	0.123145	-0.355885
58	0	-2.09876	-2.09876	8.14389	-0.25771	-0.598522	-0.598522	8.14389	-0.0734934
58	1	4.50678	4.50678	7.66543	0.587936	3.72886	3.72886	11.9459	0.312145
58	2	1.32937	1.32937	4.76812	0.278803	0.170886	0.170886	2.38013	0.071797
58	3	-0.557263	-0.557263	1.21403	-0.459019	0.172621	0.172621	1.38541	0.124599
58	4	0.342455	0.342455	0.789099	0.433982	0.041841	0.041841	0.575924	0.0726503
58	5	0.00375288	0.00375288	0.37263	0.0100714	0.177573	0.177573	0.411131	0.431913
58	6	0.136687	0.136687	0.289897	0.471503	-0.0183936	-0.0183936	0.171314	-0.107368
58	7	0.00926922	0.00926922	0.134715	0.0688063	-0.0194728	-0.0194728	0.175042	-0.111246
58	8	0.00105452	0.00105452	0.100551	0.0104874	0.0975455	0.0975455	0.100122	0.974264
59	0	0.400449	0.400449	8.78834	0.045566	2.04936	2.04936	8.78834	0.233191
59	1	2.48959	2.48959	5.14501	0.483884	1.2967	1.2967	4.20725	0.308205
59	2	0.42559	0.42559	2.13152	0.199665	0.127862	0.127862	2.16015	0.059191
59	3	0.13051	0.13051	1.45106	0.0899408	0.0294611	0.0294611	0.889693	0.0331138
59	4	0.352436	0.352436	0.593238	0.594089	0.377117	0.377117	0.607537	0.62073
59	5	0.154748	0.154748	0.529735	0.292123	0.0688449	0.0688449	0.49035	0.1404
59	6	-0.0182042	-0.0182042	0.442665	-0.0411241	0.0157403	0.0157403	0.390498	0.0403083
59	7	0.0709844	0.0709844	0.29506	0.240576	0.042466	0.042466	0.276357	0.153663
59	8	0.075994	0.075994	0.150403	0.505269	0.0922447	0.0922447	0.148384	0.621663
60	0	4.41643	4.41643	7.8733	0.560938	6.1526	6.1526	7.8733	0.781451
60	1	2.66277	2.66277	14.1756	0.187841	1.17621	1.17621	4.2224	0.278564
60	2	0.277138	0.277138	1.68283	0.164686	0.0550822	0.0550822	0.757831	0.072684
60	3	0.0506061	0.0506061	0.629805	0.080352	0.0559029	0.0559029	0.402643	0.13884
60	4	0.0252365	0.0252365	0.242565	0.10404	-0.00236705	-0.00236705	0.128826	-0.0183741
60	5	0.0126768	0.0126768	0.11008	0.11516	0.0219387	0.0219387	0.074844	0.293125
60	6	0.0017362	0.0017362	0.063432	0.027371	0.00947176	0.00947176	0.0484009	0.195694
60	7	0.0270705	0.0270705	0.0386194	0.700956	0.0079796	0.0079796	0.0177212	0.450284
60	8	-0.000290075	-0.000290075	0.0106289	-0.0272911	-0.00822263	-0.00822263	0.00962543	-0.854262
61	0	2.22578	2.22578	9.79503	0.227235	3.94645	3.94645	9.79503	0.402903
61	1	2.72667	2.72667	8.5813	0.317746	1.36943	1.36943	3.78532	0.361774
61	2	0.683023	0.683023	1.81709	0.375888	0.386386	0.386386	0.943347	0.40959
61	3	0.216088	0.216088	0.595487	0.362876	0.175916	0.175916	0.487185	0.361087
61	4	0.0562709	0.0562709	0.256694	0.219214	0.125929	0.125929	0.260738	0.482969
61	5	0.103519	0.103519	0.187911	0.550892	-0.0125246	-0.0125246	0.0491009	-0.255079
61	6	-0.0150412	-0.0150412	0.0424728	-0.354138	-0.013857	-0.013857	0.0499492	-0.277423
61	7	0.0122592	0.0122592	0.0370002	0.331328	0.0638344	0.0638344	0.0384846	1.6587
61	8	0.0346159	0.0346159	0.0196376	1.76274	0.00839749	0.00839749	0.00660816	1.27078
62	0	-1.73031	-1.73031	10.9299	-0.15831	0.645783	0.645783	10.9299	0.059084
62	1	8.84187	8.84187	7.59378	1.16436	7.91991	7.91991	15.8416	0.499945
62	2	1.49948	1.49948	12.4357	0.120578	0.199024	0.199024	1.61754	0.123041
62	3	-0.225038	-0.225038	1.2235	-0.183929	-0.379498	-0.379498	0.842873	-0.450244
62	4	0.0233035	0.0233035	0.878068	0.0265395	0.000197189	0.000197189	0.886773	0.000222368
62	5	-0.0260996	-0.0260996	0.787497	-0.0331425	-0.0259006	-0.0259006	0.711905	-0.0363821
62	6	0.0346129	0.0346129	0.657554	0.0526389	0.244655	0.244655	0.515231	0.474844
62	7	0.229318	0.229318	0.472136	0.485704	-0.00833457	-0.00833457	0.267923	-0.0311081
62	8	-0.0571486	-0.0571486	0.173828	-0.328765	0.00622355	0.00622355	0.1338	0.0465137
63	0	2.90747	2.90747	10.8947	0.266869	3.69569	3.69569	10.8947	0.339218
63	1	1.14678	1.14678	9.83704	0.116578	0.801864	0.801864	6.61236	0.121267
63	2	0.942125	0.942125	2.78498	0.338287	0.722406	0.722406	1.6403	0.440412
63	3	0.313495	0.313495	0.959836	0.326613	0.125892	0.125892	0.517959	0.243054
63	4	0.11854	0.11854	0.310252	0.382077	0.136023	0.136023	0.320495	0.424416
63	5	0.0685929	0.0685929	0.240721	0.284947	0.0674212	0.0674212	0.185908	0.362658
63	6	0.0619036	0.0619036	0.158263	0.391143	0.0635296	0.0635296	0.166016	0.382672
63	7	0.0658489	0.0658489	0.128168	0.513769	0.0751223	0.0751223	0.0805846	0.932217
63	8	0.0767889	0.0767889	0.0476448	1.6117	0.0256922	0.0256922	0.0309268	0.830741
64	0	0.536765	0.536765	11.5362	0.0465288	1.77059	1.77059	11.5362	0.153482
64	1	2.72916	2.72916	8.10688	0.336647	2.44908	2.44908	6.51581	0.375867
64	2	1.40326	1.40326	4.22298	0.332292	0.731088	0.731088	2.89959	0.252135
64	3	0.549425	0.549425	2.07413	0.264894	0.419202	0.419202	1.49791	0.279858
64	4	0.174915	0.174915	1.03302	0.169324	0.0943657	0.0943657	0.877891	0.107491
64	5	0.0442297	0.0442297	0.693429	0.0637841	0.0184397	0.0184397	0.340824	0.0541034
64	6	0.119036	0.119036	0.283302	0.420173	0.116578	0.116578	0.246232	0.473448
64	7	0.0286322	0.0286322	0.197738	0.144799	0.00342827	0.00342827	0.104618	0.0327694
64	8	0.0270795	0.0270795	0.0664379	0.40759	0.0260393	0.0260393	0.0534154	0.487486
65	0	2.10819	2.10819	5.49738	0.383491	2.71923	2.71923	5.49738	0.494642
65	1	1.48415	1.48415	4.97834	0.298122	1.10346	1.10346	2.80764	0.39302
65	2	0.33795	0.33795	1.20653	0.2801	0.31363	0.31363	0.565202	0.554899
65	3	0.181471	0.181471	0.348841	0.52021	-0.0824133	-0.0824133	0.11255	-0.732235
65	4	-0.0339735	-0.0339735	0.071834	-0.472945	0.0360035	0.0360035	0.0653493	0.55094
65	5	0.0177355	0.0177355	0.0444965	0.398583	0.0312673	0.0312673	0.0450336	0.69431
65	6	0.0201859	0.0201859	0.0343858	0.587041	-0.00559357	-0.00559357	0.0196273	-0.28499
65	7	-0.00886246	-0.00886246	0.0131844	-0.672191	-0.00572776	-0.00572776	0.0191247	-0.299495
65	8	0.00804327	0.00804327	0.010838	0.742134	0.00647452	0.00647452	0.0069489	0.931733
66	0	0.251603	0.251603	9.04282	0.0278235	1.23846	1.23846	9.04282	0.136955
66	1	3.64562	3.64562	5.48231	0.664979	3.63451	3.63451	6.13937	0.592001
66	2	1.41127	1.41127	4.4425	0.317675	0.411753	0.411753	2.38413	0.172705
66	3	0.349095	0.349095	1.5283	0.22842	0.585599	0.585599	1.66197	0.352353
66	4	0.308186	0.308186	0.817765	0.376864	0.14515	0.14515	0.437282	0.331936
66	5	0.0508064	0.0508064	0.343278	0.148003	0.0814496	0.0814496	0.225845	0.360644
66	6	0.122323	0.122323	0.204811	0.597248	0.120856	0.120856	0.167615	0.721034
66	7	0.106487	0.106487	0.114376	0.931021	0.0282276	0.0282276	0.0666386	0.423592
66	8	0.0124836	0.0124836	0.0473195	0.263816	0.0335126	0.0335126	0.0422266	0.793637
67	0	2.79445	2.79445	10.2389	0.272924	4.63982	4.63982	10.2389	0.453155
67	1	1.88538	1.88538	9.37551	0.201096	0.310278	0.310278	2.4122	0.128628
67	2	0.64637	0.64637	1.5175	0.425945	0.615804	0.615804	1.1981	0.513984
67	3	0.539964	0.539964	1.01694	0.53097	0.337804	0.337804	0.669155	0.504822
67	4	0.119791	0.119791	0.414868	0.288746	0.150395	0.150395	0.422941	0.355593
67	5	0.0450647	0.0450647	0.265514	0.169726	0.0513287	0.0513287	0.174251	0.294568
67	6	0.108698	0.108698	0.150862	0.720508	0.0191364	0.0191364	0.143669	0.133198
67	7	0.00246687	0.00246687	0.110641	0.0222962	0.0209394	0.0209394	0.104698	0.199997
67	8	0.0158669	0.0158669	0.0459381	0.345397	0.0257209	0.0257209	0.041195	0.62437
68	0	1.68349	1.68349	10.6746	0.157709	2.65046	2.65046	10.6746	0.248296
68	1	0.459101	0.459101	7.27795	0.0630811	0.464247	0.464247	5.05689	0.0918048
68	2	0.32247	0.32247	3.77319	0.0854637	-0.283863	-0.283863	2.39982	-0.118285
68	3	0.708443	0.708443	2.11124	0.335559	0.630605	0.630605	2.02486	0.311431
68	4	0.423973	0.423973	1.09216	0.388197	0.228093	0.228093	0.583722	0.390756
68	5	0.0959308	0.0959308	0.360781	0.265897	0.0446705	0.0446705	0.299897	0.148953
68	6	0.0879021	0.0879021	0.233002	0.377259	0.0971902	0.0971902	0.109337	0.888907
68	7	0.0752601	0.0752601	0.074058	1.01623	0.026508	0.026508	0.0488672	0.542449
68	8	0.00296715	0.00296715	0.0220712	0.134435	0.0053736	0.0053736	0.026529	0.202556
69	0	2.58546	2.58546	10.3508	0.249783	3.59746	3.59746	10.3508	0.347554
69	1	1.11792	1.11792	7.75595	0.144138	0.347609	0.347609	2.59231	0.134092
69	2	0.348032	0.348032	1.48341	0.234616	0.127026	0.127026	0.722769	0.175748
69	3	0.0832355	0.0832355	0.561268	0.148299	0.147139	0.147139	0.48806	0.301478
69	4	0.0943687	0.0943687	0.291173	0.324098	0.0648483	0.0648483	0.243775	0.266017
69	5	0.0809154	0.0809154	0.182872	0.442471	0.0722252	0.0722252	0.16641	0.434018
69	6	0.0187041	0.0187041	0.150785	0.124045	-0.055817	-0.055817	0.113111	-0.49347
69	7	0.0121386	0.0121386	0.0735584	0.16502	0.0646802	0.0646802	0.0400588	1.61463
69	8	0.013295	0.013295	0.0161206	0.824725	-0.0169962	-0.0169962	0.0142544	-1.19235
70	0	2.38765	2.38765	7.78174	0.306827	3.27682	3.27682	7.78174	0.421091
70	1	0.74677	0.74677	6.47202	0.115384	-0.254531	-0.254531	3.23901	-0.0785828
70	2	-0.326768	-0.326768	2.10951	-0.154902	0.4034	0.4034	3.20541	0.12585
70	3	0.82322	0.82322	2.17763	0.378035	0.320878	0.320878	0.905556	0.354343
70	4	0.142886	0.142886	0.439153	0.325366	0.0729141	0.0729141	0.321361	0.226891
70	5	0.0464518	0.0464518	0.214478	0.216581	0.117064	0.117064	0.17666	0.66265
70	6	0.161517	0.161517	0.14848	1.0878	0.00286178	0.00286178	0.0841981	0.0339886
70	7	-0.0393263	-0.0393263	0.0516064	-0.762043	0.0517388	0.0517388	0.0399844	1.29397
70	8	0.050831	0.050831	0.0210608	2.41354	0.0168093	0.0168093	0.0124839	1.34648
71	0	2.43489	2.43489	8.20047	0.296921	3.8662	3.8662	8.20047	0.471461
71	1	2.69676	2.69676	8.95711	0.301075	1.55012	1.55012	5.05432	0.306692
71	2	0.454948	0.454948	3.24985	0.13999	0.450245	0.450245	2.62013	0.171841
71	3	0.180228	0.180228	1.62149	0.11115	0.0131393	0.0131393	0.755696	0.017387
71	4	0.23325	0.23325	0.596517	0.39102	0.148059	0.148059	0.559832	0.264471
71	5	0.0745741	0.0745741	0.43297	0.172238	0.105689	0.105689	0.446788	0.236553
71	6	0.188	0.188	0.396077	0.474656	0.224851	0.224851	0.357385	0.629156
71	7	0.0981402	0.0981402	0.255409	0.384247	0.0263784	0.0263784	0.139987	0.188434
71	8	0.00138879	0.00138879	0.0900507	0.0154223	-0.021157	-0.021157	0.0838612	-0.252286
72	0	4.05532	4.05532	13.6395	0.297323	6.06245	6.06245	13.6395	0.444479
72	1	1.55479	1.55479	14.3708	0.108191	0.0424059	0.0424059	3.51478	0.012065
72	2	0.860275	0.860275	3.6702	0.234395	0.573644	0.573644	2.08909	0.274591
72	3	0.308179	0.308179	1.66697	0.184874	0.179231	0.179231	0.707854	0.253203
72	4	0.190584	0.190584	0.544595	0.349955	0.124781	0.124781	0.402802	0.309783
72	5	0.108148	0.108148	0.330724	0.327005	0.242411	0.242411	0.364859	0.664396
72	6	0.168095	0.168095	0.323851	0.519052	0.0377844	0.0377844	0.132241	0.285724
72	7	0.0246117	0.0246117	0.0863186	0.285127	-0.0208705	-0.0208705	0.0398991	-0.523081
72	8	-0.00302997	-0.00302997	0.0235673	-0.128567	0.0296212	0.0296212	0.0240598	1.23115
73	0	1.4094	1.4094	10.2353	0.137701	2.36902	2.36902	10.2353	0.231457
73	1	1.57038	1.57038	6.46866	0.242768	0.605714	0.605714	2.73353	0.221587
73	2	0.362866	0.362866	1.38336	0.262308	0.188458	0.188458	1.71345	0.109988
73	3	-0.0877498	-0.0877498	0.961669	-0.0912475	0.294414	0.294414	1.03953	0.283218
73	4	0.348836	0.348836	0.53686	0.64977	0.385186	0.385186	0.482587	0.798168
73	5	0.278147	0.278147	0.314339	0.884864	0.00860627	0.00860627	0.161197	0.0533896
73	6	0.044672	0.044672	0.125848	0.354968	0.193079	0.193079	0.12203	1.58222
73	7	0.125363	0.125363	0.0669348	1.87291	-0.00511421	-0.00511421	0.0267271	-0.19135
73	8	-0.0175457	-0.0175457	0.0107755	-1.6283	-0.0214575	-0.0214575	0.0119591	-1.79423
74	0	2.09363	2.09363	9.20609	0.227418	3.37105	3.37105	9.20609	0.366176
74	1	1.89891	1.89891	7.26792	0.261273	1.03961	1.03961	4.17848	0.2488
74	2	0.314518	0.314518	2.17974	0.144292	0.263568	0.263568	1.17326	0.224646
74	3	0.462676	0.462676	0.883627	0.523611	0.0405323	0.0405323	0.688558	0.0588656
74	4	-0.0836118	-0.0836118	0.423867	-0.19726	-0.0918959	-0.0918959	0.290468	-0.316372
74	5	-0.0336983	-0.0336983	0.182939	-0.184206	0.0375873	0.0375873	0.199335	0.188563
74	6	-0.00626933	-0.00626933	0.131185	-0.04779	0.0390683	0.0390683	0.0902313	0.432979
74	7	0.134108	0.134108	0.0529382	2.53329	0.0961978	0.0961978	0.0354272	2.71537
74	8	0.0205642	0.0205642	0.0294932	0.697252	-0.0345059	-0.0345059	0.0217384	-1.58732
75	0	1.12867	1.12867	9.43627	0.11961	1.53178	1.53178	9.43627	0.162329
75	1	0.478364	0.478364	6.43934	0.0742878	0.225102	0.225102	2.65096	0.0849132
75	2	0.32288	0.32288	1.49464	0.216026	0.369973	0.369973	1.41498	0.261469
75	3	0.62631	0.62631	0.867785	0.721735	0.451994	0.451994	0.777978	0.580986
75	4	-0.0272279	-0.0272279	0.364922	-0.0746127	-0.0408351	-0.0408351	0.23598	-0.173045
75	5	0.0700285	0.0700285	0.16645	0.420718	-0.0316004	-0.0316004	0.154244	-0.204872
75	6	-0.15406	-0.15406	0.118832	-1.29645	-0.0682175	-0.0682175	0.125015	-0.545674
75	7	-0.0284094	-0.0284094	0.0636139	-0.446591	-0.0421171	-0.0421171	0.0441327	-0.954328
75	8	-0.00786591	-0.00786591	0.0162688	-0.483497	0.0102404	0.0102404	0.0211856	0.483366
76	0	3.8073	3.8073	12.5093	0.304357	5.75239	5.75239	12.5093	0.459847
76	1	2.12794	2.12794	13.8145	0.154037	0.457242	0.457242	3.99052	0.114582
76	2	0.613684	0.613684	2.56529	0.239226	0.436663	0.436663	1.65787	0.263388
76	3	0.147598	0.147598	1.08615	0.135891	0.159635	0.159635	0.814672	0.19595
76	4	0.132022	0.132022	0.505322	0.261262	0.0806861	0.0806861	0.331201	0.243617
76	5	0.0979212	0.0979212	0.252217	0.388242	0.0325089	0.0325089	0.172523	0.188432
76	6	0.0179489	0.0179489	0.152198	0.117931	0.034996	0.034996	0.130756	0.267643
76	7	0.0408923	0.0408923	0.0910982	0.448882	0.0828444	0.0828444	0.124469	0.665584
76	8	0.0600294	0.0600294	0.0620894	0.966822	0.00118555	0.00118555	0.0192843	0.0614777
77	0	0.576864	0.576864	8.65342	0.0666631	1.66573	1.66573	8.65342	0.192494
77	1	2.89529	2.89529	5.63403	0.513893	2.3816	2.3816	3.55703	0.669547
77	2	0.687024	0.687024	2.31684	0.296535	0.251815	0.251815	1.11704	0.22543
77	3	0.206113	0.206113	0.711957	0.289502	0.126081	0.126081	0.617188	0.204282
77	4	0.157462	0.157462	0.400899	0.392774	0.109587	0.109587	0.388817	0.281847
77	5	0.067903	0.067903	0.266947	0.254368	0.0620397	0.0620397	0.191669	0.323681
77	6	0.0234984	0.0234984	0.155207	0.1514	0.0824542	0.0824542	0.12354	0.66743
77	7	0.0657965	0.0657965	0.0783011	0.840301	0.108393	0.108393	0.0565556	1.91658
77	8	0.106008	0.106008	0.0236916	4.47447	0.0150193	0.0150193	0.0116591	1.28821
78	0	2.87533	2.87533	9.01447	0.318968	4.48527	4.48527	9.01447	0.497563
78	1	2.62437	2.62437	10.5875	0.247876	1.19337	1.19337	5.86028	0.203636
78	2	0.356621	0.356621	3.22156	0.110698	0.432262	0.432262	2.38366	0.181344
78	3	0.450142	0.450142	1.51034	0.29804	0.243754	0.243754	0.611484	0.398626
78	4	0.116651	0.116651	0.443045	0.263295	0.104581	0.104581	0.344758	0.303346
78	5	0.0510741	0.0510741	0.266992	0.191295	0.0516527	0.0516527	0.230516	0.224074
78	6	0.0317232	0.0317232	0.213957	0.148269	-0.0379072	-0.0379072	0.186352	-0.203417
78	7	-0.0264574	-0.0264574	0.137298	-0.192701	0.0185833	0.0185833	0.0904363	0.205485
78	8	-0.00846484	-0.00846484	0.0551165	-0.153581	-0.0186678	-0.0186678	0.0442796	-0.421588
79	0	3.17686	3.17686	9.23147	0.344134	4.64693	4.64693	9.23147	0.503379
79	1	1.66123	1.66123	9.64005	0.172326	0.288643	0.288643	3.16341	0.0912441
79	2	0.248427	0.248427	1.85522	0.133907	0.547255	0.547255	1.62843	0.336064
79	3	0.398045	0.398045	1.15902	0.343431	0.0321953	0.0321953	0.295011	0.109133
79	4	0.050305	0.050305	0.201346	0.249843	0.0131508	0.0131508	0.132884	0.0989651
79	5	0.00665624	0.00665624	0.100309	0.0663575	-0.0255746	-0.0255746	0.0789498	-0.323934
79	6	-0.0143432	-0.0143432	0.0631105	-0.227271	0.0324215	0.0324215	0.0652011	0.497255
79	7	0.0229329	0.0229329	0.0470418	0.487501	0.0184572	0.0184572	0.0365581	0.504873
79	8	0.0170151	0.0170151	0.0179006	0.950535	0.0209361	0.0209361	0.0190197	1.10076
80	0	-1.05508	-1.05508	10.8989	-0.0968067	0.341897	0.341897	10.8989	0.0313699
80	1	4.96126	4.96126	7.98012	0.621702	4.13726	4.13726	6.80451	0.608018
80	2	0.650685	0.650685	2.95753	0.22001	0.0120949	0.0120949	0.920486	0.0131396
80	3	-0.0744024	-0.0744024	0.5494	-0.135425	-0.0200507	-0.0200507	0.315701	-0.0635116
80	4	0.0273535	0.0273535	0.213042	0.128395	0.103531	0.103531	0.199658	0.518543
80	5	0.0682034	0.0682034	0.140792	0.484428	0.0126664	0.0126664	0.0953169	0.132887
80	6	0.0214252	0.0214252	0.0813326	0.263427	0.029848	0.029848	0.102133	0.292246
80	7	0.0363632	0.0363632	0.0697547	0.521301	0.0226287	0.0226287	0.0293608	0.77071
80	8	0.0157492	0.0157492	0.0184807	0.852197	0.0206044	0.0206044	0.0149014	1.38272
81	0	0.261888	0.261888	12.3082	0.0212775	-0.0412348	-0.0412348	12.3082	-0.00335018
81	1	0.514998	0.514998	7.623	0.0675584	2.05568	2.05568	8.85073	0.232261
81	2	1.80598	1.80598	5.23218	0.345167	1.32588	1.32588	4.02169	0.329683
81	3	1.20574	1.20574	2.17621	0.554054	0.463675	0.463675	1.55406	0.298365
81	4	0.167781	0.167781	0.772222	0.217271	0.393848	0.393848	0.688559	0.571988
81	5	0.28312	0.28312	0.521154	0.543255	0.157682	0.157682	0.35875	0.439532
81	6	0.108801	0.108801	0.30295	0.359138	-0.0510934	-0.0510934	0.316434	-0.161466
81	7	0.0216309	0.0216309	0.180342	0.119944	0.0319686	0.0319686	0.204624	0.156231
81	8	-0.0227818	-0.0227818	0.0962057	-0.236803	0.0403957	0.0403957	0.116281	0.347397
82	0	2.66896	2.66896	11.5291	0.231497	2.61146	2.61146	11.5291	0.22651
82	1	2.16421	2.16421	9.6966	0.223193	2.64576	2.64576	9.53695	0.277422
82	2	0.604621	0.604621	3.74806	0.161316	0.228215	0.228215	1.39099	0.164067
82	3	0.141629	0.141629	0.846995	0.167214	0.124116	0.124116	0.840096	0.147741
82	4	0.025499	0.025499	0.391227	0.0651771	-0.0331288	-0.0331288	0.163152	-0.203055
82	5	0.000628152	0.000628152	0.117821	0.00533142	0.0374231	0.0374231	0.137323	0.272519
82	6	0.0529953	0.0529953	0.10915	0.485527	0.0157183	0.0157183	0.0714719	0.219922
82	7	-0.0391657	-0.0391657	0.0578354	-0.677193	0.00177607	0.00177607	0.0527156	0.0336916
82	8	0.0177781	0.0177781	0.0323529	0.549507	0.015319	0.015319	0.0251078	0.610129
83	0	0.12287	0.12287	14.8713	0.00826223	3.20888	3.20888	14.8713	0.215777
83	1	5.21518	5.21518	9.87144	0.528309	2.50385	2.50385	6.39653	0.391439
83	2	0.879204	0.879204	2.4481	0.359137	0.657927	0.657927	3.28607	0.200217
83	3	0.157106	0.157106	1.35986	0.115531	0.0456081	0.0456081	0.401682	0.113543
83	4	0.0877435	0.0877435	0.24553	0.357364	0.120573	0.120573	0.210688	0.572285
83	5	0.0490415	0.0490415	0.161529	0.303609	-0.0370931	-0.0370931	0.106051	-0.349766
83	6	0.0127184	0.0127184	0.0820434	0.15502	0.0359465	0.0359465	0.0329308	1.09158
83	7	0.0147016	0.0147016	0.0225742	0.651257	0.00134981	0.00134981	0.0126661	0.106569
83	8	-0.00573805	-0.00573805	0.00471111	-1.21798	-0.00233267	-0.00233267	0.00518407	-0.449969
84	0	0.87413	0.87413	8.89684	0.0982517	2.29738	2.29738	8.89684	0.258224
84	1	0.639508	0.639508	6.47783	0.0987226	0.301201	0.301201	6.04178	0.0498531
84	2	2.14577	2.14577	4.52876	0.47381	1.60319	1.60319	4.90934	0.326558
84	3	0.793687	0.793687	3.64249	0.217897	0.375664	0.375664	2.27444	0.165168
84	4	0.523128	0.523128	1.15413	0.453265	0.519975	0.519975	1.17253	0.443465
84	5	0.144602	0.144602	0.968258	0.149343	0.0819097	0.0819097	0.737942	0.110997
84	6	0.142684	0.142684	0.67101	0.212641	0.410253	0.410253	0.55159	0.743764
84	7	0.324239	0.324239	0.43252	0.74965	0.0385565	0.0385565	0.233887	0.164851
84	8	0.0637776	0.0637776	0.145957	0.436961	0.0132365	0.0132365	0.0980831	0.134952
85	0	2.44934	2.44934	8.47909	0.288868	3.85149	3.85149	8.47909	0.454233
85	1	1.90937	1.90937	7.38104	0.258686	0.653625	0.653625	3.12727	0.209008
85	2	0.239413	0.239413	1.52687	0.1568	0.159573	0.159573	0.70466	0.226454
85	3	0.05774	0.05774	0.521646	0.110688	0.00740066	0.00740066	0.437877	0.0169012
85	4	0.0326197	0.0326197	0.287944	0.113285	-0.102279	-0.102279	0.288983	-0.353926
85	5	-0.107161	-0.107161	0.22726	-0.471537	0.0497267	0.0497267	0.218911	0.227155
85	6	0.0556541	0.0556541	0.176713	0.314941	0.145237	0.145237	0.178316	0.814492
85	7	0.171744	0.171744	0.109104	1.57414	-0.00586453	-0.00586453	0.0705737	-0.083098
85	8	-0.0323726	-0.0323726	0.035597	-0.909418	0.00630522	0.00630522	0.0537304	0.117349
86	0	2.44159	2.44159	8.74817	0.279097	4.50354	4.50354	8.74817	0.514797
86	1	3.16876	3.16876	8.90331	0.355908	1.50278	1.50278	5.57478	0.269569
86	2	0.467527	0.467527	2.63402	0.177495	0.227449	0.227449	0.599199	0.379589
86	3	0.14623	0.14623	0.407361	0.358968	0.0543064	0.0543064	0.259382	0.209369
86	4	0.112402	0.112402	0.180717	0.621976	0.0167079	0.0167079	0.117519	0.142172
86	5	-0.0219521	-0.0219521	0.0908602	-0.241603	0.0260024	0.0260024	0.0800452	0.324847
86	6	0.0254502	0.0254502	0.0682683	0.372797	0.054594	0.054594	0.0465822	1.17199
86	7	0.066045	0.066045	0.0334712	1.97319	0.0250778	0.0250778	0.0147372	1.70166
86	8	5.89798e-05	5.89798e-05	0.00660654	0.00892749	-0.0353608	-0.0353608	0.00805083	-4.39219
87	0	2.99032	2.99032	8.82899	0.338694	4.17245	4.17245	8.82899	0.472586
87	1	1.47483	1.47483	8.32091	0.177244	0.594265	0.594265	2.80114	0.212151
87	2	0.222551	0.222551	1.35741	0.163953	0.0225192	0.0225192	0.381005	0.0591048
87	3	0.140339	0.140339	0.2876	0.487966	0.116334	0.116334	0.255011	0.456193
87	4	0.0842852	0.0842852	0.161162	0.522984	0.0130184	0.0130184	0.107752	0.120818
87	5	-0.0263495	-0.0263495	0.0718929	-0.36651	-0.0580993	-0.0580993	0.0744371	-0.780515
87	6	-0.0436218	-0.0436218	0.0472116	-0.923963	-0.0107305	-0.0107305	0.0234946	-0.45672
87	7	0.00939728	0.00939728	0.0127447	0.737351	0.000869404	0.000869404	0.00315284	0.275752
87	8	-0.00282305	-0.00282305	0.0016694	-1.69105	-0.00573414	-0.00573414	0.00159133	-3.60337
88	0	5.54117	5.54117	9.43155	0.587514	7.95451	7.95451	9.43155	0.843393
88	1	3.19865	3.19865	23.0114	0.139003	1.20429	1.20429	8.26035	0.145791
88	2	0.338922	0.338922	5.3303	0.063584	-0.00406552	-0.00406552	2.71518	-0.00149733
88	3	0.396362	0.396362	2.50449	0.15826	0.471539	0.471539	2.0624	0.228636
88	4	0.235173	0.235173	1.07216	0.219345	0.106357	0.106357	0.624297	0.170362
88	5	0.0520121	0.0520121	0.475665	0.109346	0.116128	0.116128	0.383265	0.302996
88	6	0.129368	0.129368	0.346304	0.373568	0.0821127	0.0821127	0.123434	0.665234
88	7	0.06819	0.06819	0.087553	0.778842	0.0393886	0.0393886	0.0575255	0.684716
88	8	0.012072	0.012072	0.0338226	0.356922	0.0118148	0.0118148	0.0280071	0.421852
89	0	-2.17838	-2.17838	10.7345	-0.202932	1.35085	1.35085	10.7345	0.125842
89	1	4.95914	4.95914	7.41836	0.668495	2.89789	2.89789	16.8833	0.171643
89	2	1.47286	1.47286	6.26631	0.235044	0.579628	0.579628	4.58164	0.126511
89	3	1.41311	1.41311	2.86664	0.492951	1.01847	1.01847	2.10495	0.483843
89	4	0.321382	0.321382	1.12576	0.28548	-0.0287264	-0.0287264	0.72168	-0.0398049
89	5	-0.181671	-0.181671	0.575242	-0.315816	-0.0605511	-0.0605511	0.497098	-0.121809
89	6	-0.0701087	-0.0701087	0.407007	-0.172254	0.13931	0.13931	0.364129	0.382585
89	7	0.18797	0.18797	0.264033	0.711918	0.0335814	0.0335814	0.128007	0.262339
89	8	-0.00238833	-0.00238833	0.0674615	-0.0354029	-0.0221608	-0.0221608	0.062757	-0.353121
90	0	0.958711	0.958711	8.82854	0.108592	2.43146	2.43146	8.82854	0.275409
90	1	1.64623	1.64623	6.35018	0.259241	0.589527	0.589527	3.35039	0.175958
90	2	0.807815	0.807815	1.72445	0.468449	0.477878	0.477878	1.11999	0.426681
90	3	0.159106	0.159106	0.790842	0.201186	0.143196	0.143196	0.902807	0.158612
90	4	0.181342	0.181342	0.542942	0.333999	0.303782	0.303782	0.549851	0.552481
90	5	0.160316	0.160316	0.408337	0.392607	0.00309276	0.00309276	0.233312	0.0132559
90	6	0.0688111	0.0688111	0.160474	0.4288	0.0660371	0.0660371	0.136177	0.484935
90	7	0.0800951	0.0800951	0.105279	0.760788	0.0803472	0.0803472	0.140932	0.570112
90	8	0.0512971	0.0512971	0.0620804	0.826302	0.0219496	0.0219496	0.0394762	0.556021
91	0	2.38137	2.38137	11.2977	0.210783	3.81219	3.81219	11.2977	0.337429
91	1	2.13215	2.13215	10.5246	0.202587	1.18027	1.18027	5.74475	0.205452
91	2	0.647925	0.647925	3.0991	0.209068	0.446521	0.446521	2.02279	0.220745
91	3	0.386148	0.386148	1.26824	0.304475	0.145909	0.145909	0.770586	0.189348
91	4	-0.00967427	-0.00967427	0.494954	-0.0195458	-0.0134456	-0.0134456	0.338248	-0.0397505
91	5	-0.00701714	-0.00701714	0.289415	-0.0242459	-0.00762379	-0.00762379	0.246332	-0.0309492
91	6	0.0515965	0.0515965	0.218876	0.235734	0.0485921	0.0485921	0.153068	0.317454
91	7	0.0422561	0.0422561	0.10659	0.396438	0.000286702	0.000286702	0.0619885	0.00462509
91	8	-0.0245263	-0.0245263	0.0353483	-0.693848	0.00510197	0.00510197	0.0355986	0.143319
92	0	-1.8333	-1.8333	12.9923	-0.141107	1.79542	1.79542	12.9923	0.138192
92	1	9.36931	9.36931	9.23154	1.01492	6.20584	6.20584	15.2268	0.407559
92	2	0.929269	0.929269	9.70851	0.095717	0.866426	0.866426	7.20388	0.120272
92	3	0.469442	0.469442	3.49855	0.134182	0.0667833	0.0667833	0.557718	0.119744
92	4	0.00679544	0.00679544	0.353446	0.0192262	0.0268822	0.0268822	0.309871	0.0867532
92	5	0.0216107	0.0216107	0.259119	0.0834007	0.07189	0.07189	0.177468	0.405088
92	6	0.0872719	0.0872719	0.157009	0.555839	0.068932	0.068932	0.0909892	0.757585
92	7	0.0459016	0.0459016	0.0748222	0.613475	-0.00505673	-0.00505673	0.0475223	-0.106408
92	8	0.0042964	0.0042964	0.0321536	0.133621	-0.0024707	-0.0024707	0.0281573	-0.0877462
93	0	2.72531	2.72531	10.1407	0.268749	4.50083	4.50083	10.1407	0.443839
93	1	2.9657	2.9657	9.45008	0.313828	1.53032	1.53032	3.0911	0.495073
93	2	0.463468	0.463468	2.40301	0.19287	0.399925	0.399925	1.51691	0.263645
93	3	0.263379	0.263379	1.16568	0.225945	0.0354537	0.0354537	0.543018	0.06529
93	4	0.0534636	0.0534636	0.410915	0.130109	-0.0159374	-0.0159374	0.360225	-0.0442429
93	5	-0.0194371	-0.0194371	0.32054	-0.0606385	0.0257985	0.0257985	0.268001	0.0962625
93	6	0.0547079	0.0547079	0.240585	0.227395	0.0518012	0.0518012	0.155748	0.332596
93	7	0.0938578	0.0938578	0.129369	0.725506	0.0846733	0.0846733	0.109978	0.769911
93	8	0.017844	0.017844	0.0709084	0.251649	-0.0122777	-0.0122777	0.0536402	-0.228889
94	0	2.82641	2.82641	11.4592	0.24665	4.28271	4.28271	11.4592	0.373735
94	1	2.16239	2.16239	9.46509	0.228459	0.930806	0.930806	3.00727	0.309518
94	2	0.226317	0.226317	1.507	0.150177	0.20961	0.20961	0.934861	0.224215
94	3	0.322926	0.322926	0.744354	0.433834	0.209702	0.209702	0.456164	0.459708
94	4	0.152134	0.152134	0.271296	0.560768	0.0397652	0.0397652	0.234768	0.169381
94	5	0.00313598	0.00313598	0.188697	0.0166192	0.0511232	0.0511232	0.203775	0.250881
94	6	0.0372215	0.0372215	0.175531	0.21205	0.0144953	0.0144953	0.15004	0.0966097
94	7	0.0253827	0.0253827	0.12487	0.203273	0.055901	0.055901	0.131544	0.424959
94	8	0.0465948	0.0465948	0.0720142	0.647022	0.0189801	0.0189801	0.0513397	0.369696
95	0	0.834471	0.834471	7.99993	0.10431	2.13268	2.13268	7.99993	0.266587
95	1	2.24464	2.24464	5.78053	0.388311	1.55644	1.55644	3.49658	0.445134
95	2	0.976291	0.976291	1.97796	0.493584	0.458516	0.458516	1.29851	0.353109
95	3	0.0607596	0.0607596	0.826729	0.073494	0.0241955	0.0241955	0.804401	0.0300789
95	4	0.170432	0.170432	0.502811	0.338957	0.22469	0.22469	0.431092	0.521211
95	5	0.171116	0.171116	0.316992	0.539812	0.266405	0.266405	0.256472	1.03873
95	6	0.190181	0.190181	0.193333	0.983698	-0.0987357	-0.0987357	0.0491652	-2.00824
95	7	-0.106551	-0.106551	0.0311309	-3.42266	-0.0270952	-0.0270952	0.00521948	-5.19117
95	8	-0.00270738	-0.00270738	0.00147894	-1.83062	-0.000682359	-0.000682359	0.00184816	-0.36921
96	0	-0.877926	-0.877926	8.12117	-0.108103	-0.203247	-0.203247	8.12117	-0.0250269
96	1	2.19212	2.19212	5.76661	0.380141	1.56848	1.56848	5.83751	0.26869
96	2	0.586357	0.586357	2.97312	0.19722	0.682817	0.682817	1.71172	0.398907
96	3	0.427404	0.427404	0.82246	0.519665	0.420086	0.420086	0.611724	0.686724
96	4	0.199516	0.199516	0.276783	0.720841	0.0540477	0.0540477	0.143887	0.375627
96	5	0.043888	0.043888	0.0864919	0.507423	0.0767378	0.0767378	0.124006	0.618825
96	6	0.0687135	0.0687135	0.0921728	0.745485	0.0139535	0.0139535	0.043388	0.321599
96	7	0.0344196	0.0344196	0.0222127	1.54955	0.0710949	0.0710949	0.0306738	2.31778
96	8	0.000495031	0.000495031	0.0134737	0.0367406	0.00635449	0.00635449	0.00554528	1.14593
97	0	-1.4156	-1.4156	9.25808	-0.152904	0.207456	0.207456	9.25808	0.0224081
97	1	0.803705	0.803705	8.17063	0.0983651	-0.0916693	-0.0916693	5.14455	-0.0178187
97	2	1.74674	1.74674	2.53244	0.689746	1.63138	1.63138	3.14616	0.518528
97	3	0.935218	0.935218	1.96664	0.475541	0.306335	0.306335	1.12612	0.272026
97	4	-0.0209529	-0.0209529	0.536884	-0.0390267	0.0887661	0.0887661	0.932839	0.0951569
97	5	0.0734773	0.0734773	0.673729	0.109061	0.246631	0.246631	0.603236	0.408846
97	6	0.348944	0.348944	0.453582	0.769309	0.157293	0.157293	0.314493	0.500149
97	7	0.101496	0.101496	0.140264	0.723607	0.0220872	0.0220872	0.0820369	0.269235
97	8	0.0162339	0.0162339	0.050749	0.319886	0.0513752	0.0513752	0.0409967	1.25316
98	0	3.24945	3.24945	14.4818	0.224382	4.23319	4.23319	14.4818	0.292312
98	1	2.1287	2.1287	13.3707	0.159206	1.25871	1.25871	8.53875	0.147412
98	2	0.013464	0.013464	3.08113	0.00436983	0.161159	0.161159	1.3688	0.117738
98	3	0.411845	0.411845	0.998881	0.412307	0.243899	0.243899	0.558337	0.436832
98	4	0.0878001	0.0878001	0.366167	0.239782	-0.0200154	-0.0200154	0.313803	-0.0637834
98	5	0.0305157	0.0305157	0.263061	0.116002	0.0568339	0.0568339	0.278196	0.204295
98	6	0.0530716	0.0530716	0.231054	0.229694	0.195556	0.195556	0.292166	0.669332
98	7	0.115961	0.115961	0.219887	0.527365	0.0223798	0.0223798	0.178964	0.125052
98	8	0.0919376	0.0919376	0.114582	0.802375	-0.00078942	-0.00078942	0.100932	-0.00782131
99	0	3.90702	3.90702	10.3182	0.378654	5.39971	5.39971	10.3182	0.523319
99	1	1.8677	1.8677	12.197	0.153128	0.645369	0.645369	4.69767	0.137381
99	2	0.343769	0.343769	2.34523	0.146582	0.180184	0.180184	0.823228	0.218874
99	3	0.145779	0.145779	0.583094	0.25001	0.0805447	0.0805447	0.196437	0.410028
99	4	0.0458499	0.0458499	0.121966	0.375923	0.0140446	0.0140446	0.0668019	0.210243
99	5	0.00943639	0.00943639	0.046509	0.202894	0.00813629	0.00813629	0.0288887	0.281642
99	6	0.0130455	0.0130455	0.0261425	0.499015	-0.00598347	-0.00598347	0.0230835	-0.25921
99	7	-0.0124114	-0.0124114	0.0185518	-0.669014	-0.00488314	-0.00488314	0.00987747	-0.494372
99	8	-0.0077266	-0.0077266	0.00592297	-1.30451	-0.00426113	-0.00426113	0.00426949	-0.998041
100	0	3.1761	3.1761	8.83736	0.359395	4.82432	4.82432	8.83736	0.5459
100	1	2.09157	2.09157	9.59959	0.217881	0.585463	0.585463	3.01958	0.193889
100	2	0.215179	0.215179	1.40621	0.153021	0.236146	0.236146	0.80081	0.294883
100	3	0.308235	0.308235	0.578245	0.533053	0.258975	0.258975	0.314138	0.824401
100	4	0.1631	0.1631	0.198515	0.821596	0.0802852	0.0802852	0.0771823	1.0402
100	5	0.0322729	0.0322729	0.0465131	0.693844	0.0220484	0.0220484	0.0193612	1.13879
100	6	0.0413241	0.0413241	0.014786	2.79482	0.0370563	0.0370563	0.0175699	2.10908
100	7	0.0187365	0.0187365	0.0100375	1.86664	0.0195269	0.0195269	0.0113216	1.72475
100	8	0.0168965	0.0168965	0.00694457	2.43305	0.00118891	0.00118891	0.00429345	0.276912
