RUN	Year	DeltaBV	Sel	Var	Beta	DeltaBVRecruits	SelRecruits	VarRecruits	BetaRecruits
1	0	0.0736045	0.117745	0.707782	0.166358	0.228557	0.284428	0.707782	0.401859
1	1	0.135635	0.256965	0.801367	0.320658	-0.0460878	-0.0459922	0.860349	-0.0534576
1	2	0.0706442	0.173069	1.05556	0.163959	0.281612	0.206058	0.830976	0.247971
1	3	0.490603	0.629611	0.900564	0.69913	0.471992	0.423654	0.787174	0.538196
1	4	0.217935	0.330889	0.928233	0.356472	-0.0208307	0.12214	0.702476	0.17387
1	5	-0.0849037	0.0329913	0.894773	0.0368712	-0.0059831	0.234839	1.12991	0.207839
1	6	0.0929796	0.15954	1.05326	0.151471	0.124935	0.297059	0.935224	0.317634
1	7	0.0460697	0.166522	0.920007	0.181001	0.121383	-0.210814	1.06597	-0.197767
1	8	0.280275	0.420073	0.825223	0.509041	0.353709	0.300167	0.82499	0.363843
1	9	0.257909	0.459312	0.894837	0.513291	0.291382	0.343339	0.663116	0.517767
2	0	-0.146738	-0.155782	0.998044	-0.156088	-0.13081	-0.0898118	0.998044	-0.0899879
2	1	0.250832	0.388895	0.991902	0.39207	0.417663	0.440571	0.985598	0.447009
2	2	0.450684	0.680086	1.02285	0.664895	0.605733	0.627658	0.726865	0.863514
2	3	0.5874	0.805967	0.748125	1.07731	0.300142	0.556128	1.16662	0.476701
2	4	0.0895009	0.324319	0.975567	0.332441	0.151578	0.230836	0.968848	0.238258
2	5	0.320403	0.323049	1.07291	0.301098	-0.00820321	0.230549	1.50939	0.152744
2	6	-0.0193633	0.27187	1.36801	0.198733	0.254	0.47381	2.0392	0.232351
2	7	-0.230693	-0.375454	1.08109	-0.347292	0.0231508	0.0745288	1.19823	0.0621992
2	8	0.490184	0.771821	1.04613	0.73779	0.303549	0.305846	0.659447	0.463792
2	9	0.235058	0.823692	0.904112	0.911051	0.251314	0.526026	1.25887	0.417855
3	0	0.0376703	0.115747	0.898108	0.128879	0.0686227	0.128482	0.898108	0.143058
3	1	-0.0765986	0.0290214	0.867317	0.0334611	-0.14152	-0.130865	0.799944	-0.163593
3	2	0.064444	0.00408904	0.830661	0.00492263	0.323453	0.200225	0.77364	0.25881
3	3	0.333644	0.320828	0.942666	0.340342	0.116102	0.206711	0.940471	0.219795
3	4	0.201945	0.428966	0.839351	0.511069	0.311419	0.433041	0.717413	0.603615
3	5	0.358947	0.582819	0.755633	0.771299	-0.178905	-0.0344333	0.881492	-0.0390626
3	6	-0.131402	0.0689376	0.921757	0.0747894	0.168188	0.378594	1.7733	0.213497
3	7	0.0414913	-0.196467	1.30805	-0.150199	0.269509	0.333774	1.36418	0.24467
3	8	0.0746925	0.0432994	1.09131	0.0396765	-0.113904	-0.0120255	0.762446	-0.0157723
3	9	-0.114421	0.136303	0.865946	0.157403	-0.159855	0.210299	0.723785	0.290555
4	0	0.00845889	-0.132423	1.07713	-0.12294	0.201329	-0.110092	1.07713	-0.102208
4	1	0.144686	0.329122	0.958912	0.343225	0.0272335	0.0907247	0.766317	0.118391
4	2	0.202857	0.289162	0.831333	0.347829	0.29327	0.536427	0.924678	0.580123
4	3	0.242471	0.473121	0.838607	0.564176	0.188007	0.340962	0.636608	0.535592
4	4	0.164047	0.225629	0.750126	0.300788	0.306786	0.203272	0.784182	0.259215
4	5	0.280195	0.206642	0.860723	0.24008	-0.0807291	-0.0706985	0.795232	-0.088903
4	6	-0.0999798	0.340293	0.9539	0.356739	0.176655	0.406501	0.873125	0.46557
4	7	0.423638	1.24384	0.821882	1.5134	0.443648	1.03247	1.01262	1.0196
4	8	0.292618	0.626835	1.08381	0.578362	0.164594	0.400853	0.7938	0.50498
4	9	0.161745	0.614336	0.94928	0.64716	0.268655	0.475308	0.86139	0.551792
5	0	0.163361	0.103773	0.908177	0.114266	0.277245	0.107301	0.908177	0.11815
5	1	0.161907	0.258066	1.01719	0.253705	0.286237	0.236289	0.944217	0.250249
5	2	0.253004	0.214967	0.845289	0.254312	0.159015	-0.204486	0.774674	-0.263964
5	3	0.0913451	0.263359	0.759496	0.346755	0.0931464	-0.026409	0.67756	-0.0389766
5	4	0.217811	0.333267	0.968595	0.344072	0.0903492	0.333764	0.890293	0.374892
5	5	0.0160826	0.0702368	0.919385	0.0763954	0.0834764	-0.225985	0.809965	-0.279006
5	6	0.167386	0.0791985	0.775889	0.102074	0.0852007	0.141478	0.726707	0.194683
5	7	0.206422	0.489269	0.888481	0.55068	0.241109	0.258884	0.825819	0.313487
5	8	0.0895463	0.106116	0.960863	0.110438	0.197148	0.211988	0.76641	0.276598
5	9	0.237952	0.16969	0.725242	0.233978	-0.0470003	0.0827563	0.489522	0.169055
6	0	-0.0952475	-0.0656568	0.910541	-0.0721075	-0.154327	0.0928249	0.910541	0.101945
6	1	0.779312	1.23476	0.877651	1.40689	0.896313	1.50522	1.1098	1.35631
6	2	-0.140287	-0.214394	1.38748	-0.15452	-0.32949	-0.303089	1.32034	-0.229553
6	3	-0.138335	-0.117211	1.15994	-0.10105	0.1045	0.0260009	0.89605	0.0290172
6	4	-0.0112402	0.159728	1.12404	0.142102	-0.186402	-0.0942385	0.889957	-0.105891
6	5	0.0601779	-0.00869014	1.01249	-0.00858289	0.0514368	0.214824	1.1438	0.187816
6	6	0.462202	1.22981	1.24572	0.987227	0.32109	1.03383	2.03482	0.508069
6	7	-0.325155	-0.579813	1.08972	-0.532076	-0.290164	-0.382694	0.83783	-0.456768
6	8	-0.103196	-0.0118694	0.900259	-0.0131844	-0.0605649	-0.087976	0.844801	-0.104138
6	9	-0.0806833	-0.129387	0.696662	-0.185724	0.102232	0.0667266	0.551904	0.120903
7	0	-0.0260052	-0.100576	1.03166	-0.0974898	0.0790201	-0.0100783	1.03166	-0.00976899
7	1	0.252599	0.780035	1.02687	0.759621	0.346675	0.529105	0.764162	0.692399
7	2	0.192822	0.171111	0.969928	0.176416	0.096406	0.18249	1.06263	0.171735
7	3	0.0661234	0.138936	1.02346	0.13575	0.00589049	-0.0234156	0.585166	-0.0400154
7	4	0.152499	0.195633	0.7276	0.268875	-0.0178701	0.0745214	0.73816	0.100956
7	5	0.0128183	0.115522	0.755121	0.152985	0.0947137	-0.0902949	0.696139	-0.129708
7	6	-0.038399	-0.167381	0.885807	-0.188959	-0.329989	-0.0435458	0.977611	-0.0445431
7	7	-0.0714677	0.0406332	0.726767	0.0559095	0.386777	0.659265	1.25832	0.523925
7	8	0.134829	0.120054	0.684451	0.175402	0.127405	0.303345	0.515693	0.588227
7	9	-0.0665741	-0.0841592	0.836265	-0.100637	-0.188963	-0.408242	0.746554	-0.546835
8	0	-0.108352	0.000369688	0.910637	0.000405967	0.0702078	0.111586	0.910637	0.122537
8	1	0.500358	0.734717	1.00655	0.729934	0.490947	0.685153	0.88948	0.770285
8	2	0.1863	0.28219	0.913122	0.309039	-0.0222836	-0.0120425	0.59127	-0.0203672
8	3	0.201139	0.200665	0.827222	0.242577	0.472858	0.459033	0.947048	0.484699
8	4	0.487249	0.419752	0.929793	0.451447	0.267885	0.300871	0.704315	0.427182
8	5	0.139768	0.330024	0.733113	0.450167	0.0607883	0.0619244	0.658	0.0941101
8	6	0.198635	-0.280156	0.604321	-0.463587	0.29808	0.21894	0.3263	0.670977
8	7	0.644227	0.681165	0.749406	0.908941	0.760924	1.00747	1.21346	0.830249
8	8	0.343704	0.38086	0.952308	0.399934	0.396762	0.0266174	0.962079	0.0276665
8	9	0.279986	0.458591	1.0312	0.444715	0.0532882	0.218033	1.02333	0.213062
9	0	0.166351	0.293508	0.92279	0.318065	0.395443	0.412023	0.92279	0.446497
9	1	0.404484	0.566284	1.03431	0.547501	0.245309	0.386228	0.825499	0.467873
9	2	0.41389	0.634099	0.981499	0.646052	0.694716	0.926994	0.926943	1.00006
9	3	0.676729	0.910787	1.1803	0.771657	0.438811	0.394866	0.866173	0.455874
9	4	-0.0337619	-0.0237374	0.942914	-0.0251745	-0.355913	-0.362244	0.844605	-0.428891
9	5	-0.255917	-0.0539887	0.783178	-0.0689354	-0.106443	-0.238017	0.566752	-0.419968
9	6	0.285761	0.0524483	0.882717	0.0594169	0.154929	0.405861	0.948377	0.427953
9	7	-0.120671	0.172249	0.990839	0.173842	0.308652	0.525478	1.25714	0.417995
9	8	0.46031	0.857613	0.831416	1.03151	0.385206	0.39891	0.792785	0.503175
9	9	0.279078	0.400171	1.04776	0.381931	0.147794	0.270022	0.762008	0.354356
10	0	0.0375041	0.056958	0.921626	0.0618016	0.212111	0.203452	0.921626	0.220753
10	1	0.282568	0.486431	0.866432	0.561418	0.192763	0.21883	0.542129	0.403649
10	2	0.144747	0.331202	0.704282	0.470268	0.0773258	0.193576	0.726358	0.266502
10	3	0.0770009	0.281867	0.819002	0.344159	0.136274	0.19053	0.572498	0.332805
10	4	0.110999	0.078197	0.920692	0.0849328	-0.202192	-0.138556	0.821996	-0.168561
10	5	-0.108754	-0.252338	0.780197	-0.323428	0.220222	0.217002	0.521466	0.416138
10	6	0.165792	0.55407	0.563089	0.983983	-0.122921	0.247962	0.400427	0.619244
10	7	0.230968	-0.154555	1.04123	-0.148436	0.640431	0.093825	0.371966	0.252241
10	8	0.402332	0.915914	0.836703	1.09467	0.499222	0.354573	0.873232	0.406047
10	9	0.426448	0.475764	0.91225	0.521528	0.047357	0.0338827	0.997938	0.0339527
11	0	0.148997	0.235107	1.16295	0.202164	0.181817	0.271841	1.16295	0.233751
11	1	0.477686	0.782156	1.16145	0.673431	0.646681	0.866111	1.20263	0.72018
11	2	0.400743	0.487232	1.02656	0.474627	0.407725	0.597025	0.85205	0.700692
11	3	0.346619	0.409943	1.07587	0.381033	-0.0604365	-0.0603421	1.30343	-0.0462949
11	4	0.0459617	0.355668	1.08099	0.329021	0.228173	0.54581	1.16761	0.467459
11	5	0.47314	0.653999	1.22572	0.533563	0.598567	1.00225	1.7668	0.567268
11	6	-0.22155	-0.383849	1.9326	-0.198618	0.11222	-0.22906	3.83099	-0.0597914
11	7	0.824018	0.910877	2.61505	0.348321	0.428255	0.437554	2.41501	0.181181
11	8	0.258792	0.256464	1.23187	0.20819	0.467743	0.125143	0.78218	0.159993
11	9	0.291113	0.319869	1.01956	0.313731	-0.0734893	-0.131021	0.99893	-0.131161
12	0	0.210911	0.39468	1.20677	0.327055	0.585113	0.813077	1.20677	0.673763
12	1	0.722544	1.09519	1.19803	0.91416	0.436621	0.538778	0.879455	0.612627
12	2	0.128763	0.12171	0.947737	0.128422	0.131895	0.0227754	0.99951	0.0227866
12	3	0.0988778	0.454846	1.00312	0.453431	0.150456	0.223286	0.98594	0.22647
12	4	0.286146	0.275014	0.983178	0.279719	0.0678014	0.102187	1.03565	0.0986694
12	5	-0.11672	0.211842	0.938952	0.225615	-0.522739	-0.0427618	0.849685	-0.0503266
12	6	-0.329565	-0.490124	0.884026	-0.554422	-0.0840077	0.0637902	1.34289	0.0475023
12	7	-0.0894675	0.284182	0.902891	0.314747	0.240333	0.401859	0.682484	0.588819
12	8	0.111238	0.137067	1.02307	0.133976	0.00414388	0.149313	0.538113	0.277475
12	9	0.0881801	-0.0627997	0.941746	-0.0666843	0.188839	0.21793	0.833302	0.261526
13	0	0.133261	0.280771	1.09132	0.257276	0.337247	0.51171	1.09132	0.46889
13	1	0.355198	0.461601	1.05717	0.436637	0.234938	0.294769	0.96921	0.304133
13	2	0.135073	0.311293	0.830967	0.374616	0.030007	0.180873	0.743382	0.24331
13	3	0.0887634	0.229909	0.806169	0.285187	0.205759	0.194271	0.830629	0.233884
13	4	0.260895	0.442513	0.935628	0.472958	0.0775122	0.145237	1.19266	0.121776
13	5	0.177842	0.112106	1.06208	0.105552	0.293897	-0.0213062	1.13967	-0.0186951
13	6	-0.0799378	-0.132151	1.25353	-0.105423	-0.192353	0.0763371	2.69322	0.0283442
13	7	0.0189661	0.216882	1.67522	0.129465	-0.0199938	0.253529	0.625259	0.405479
13	8	-0.0471673	0.155058	0.76367	0.203043	0.189042	0.343836	0.424332	0.810299
13	9	0.12561	0.101569	0.777391	0.130654	-0.0335205	-0.156292	0.871563	-0.179323
14	0	0.270413	0.457905	0.863095	0.530538	0.520729	0.559198	0.863095	0.647899
14	1	0.421674	0.484849	0.762094	0.636206	0.280722	0.108243	0.702635	0.154054
14	2	0.242218	0.469984	0.781107	0.601689	-0.0434562	0.279765	0.837289	0.334132
14	3	-0.198208	-0.356313	0.930221	-0.383041	0.0680154	-0.064238	0.850352	-0.0755428
14	4	0.0958382	0.16256	0.863982	0.188152	-0.324116	-0.271408	0.757622	-0.358237
14	5	-0.0937041	-0.0775055	0.870887	-0.088996	0.0979201	-0.160521	1.08943	-0.147344
14	6	-0.0641061	-0.244749	0.959923	-0.254967	0.149603	-0.235463	1.16429	-0.202237
14	7	-0.103779	-0.217716	1.11216	-0.19576	-0.0624596	-0.204429	0.776076	-0.263413
14	8	0.373485	0.377435	0.805511	0.468565	0.452177	0.31309	0.738918	0.423715
14	9	0.266511	0.319173	0.706559	0.451729	0.0561479	0.198322	0.875115	0.226624
15	0	0.0100306	0.0581142	0.868842	0.0668869	0.206443	0.222708	0.868842	0.256327
15	1	0.385675	0.746464	0.851467	0.876679	0.225412	0.351834	0.85849	0.409829
15	2	0.332802	0.588257	0.948252	0.620359	0.557941	0.813639	0.95821	0.849124
15	3	0.321752	0.387272	0.839043	0.461564	0.161447	0.0699066	0.49284	0.141844
15	4	0.171001	0.424995	0.779282	0.545367	0.284428	0.24599	0.673159	0.365426
15	5	0.158693	0.165768	0.875195	0.189407	-0.237885	-0.657703	1.00597	-0.653799
15	6	0.124403	0.268894	0.84551	0.318026	0.134902	0.298394	0.939603	0.317575
15	7	-0.105301	-0.0311723	1.10044	-0.0283271	0.189942	0.149669	0.585218	0.255749
15	8	0.18659	0.166297	0.518737	0.320581	-0.0895785	-0.0227041	0.625112	-0.0363201
15	9	0.0703256	0.210549	0.868752	0.242358	0.312963	0.47989	1.12428	0.426844
16	0	-0.0445332	0.0453643	0.748192	0.0606319	0.0375465	0.0955305	0.748192	0.127682
16	1	0.358131	0.379072	0.811083	0.467366	0.432194	0.450185	1.00337	0.448673
16	2	0.28588	0.364057	1.13843	0.319788	0.351588	0.367943	1.54596	0.238003
16	3	0.272689	0.340679	1.18814	0.286734	-0.0716018	-0.0286525	0.590584	-0.0485156
16	4	-0.248689	-0.433685	0.829685	-0.52271	-0.319464	-0.293594	0.6923	-0.424084
16	5	-0.117877	-0.16719	0.887208	-0.188445	0.259315	0.044072	0.60104	0.0733262
16	6	0.413085	0.598524	0.803764	0.744652	0.715843	0.738834	0.73003	1.01206
16	7	0.814242	0.970932	0.834435	1.16358	0.52144	0.419321	0.598939	0.700106
16	8	0.339405	0.497863	0.829203	0.600412	0.189942	0.385198	0.807897	0.476792
16	9	0.277712	0.337415	1.02214	0.330105	0.183619	0.115087	0.934119	0.123204
17	0	0.380773	0.655486	1.14102	0.574475	0.514091	0.910054	1.14102	0.797581
17	1	0.15875	0.0838791	1.14631	0.0731733	0.214838	0.0977337	0.955064	0.102332
17	2	0.31953	0.385221	0.951579	0.404823	0.13939	0.167299	1.05101	0.159179
17	3	-0.00377652	0.140688	0.937722	0.150032	-0.192388	-0.159982	1.02406	-0.156224
17	4	-0.0295212	0.0950864	0.960608	0.0989856	0.481434	0.144272	0.938107	0.153791
17	5	0.34879	0.446946	0.888686	0.50293	-0.309585	-0.156064	1.01269	-0.154108
17	6	0.168833	-0.000676139	1.07192	-0.000630774	0.664469	0.506874	1.16389	0.435499
17	7	0.56907	0.524065	1.39671	0.375215	0.608115	0.21663	1.21072	0.178926
17	8	0.330278	0.427713	0.981082	0.43596	0.0301428	0.0592371	1.446	0.0409663
17	9	-0.0728918	-0.235523	1.11967	-0.210351	-0.0615496	-0.267691	0.623205	-0.429539
18	0	0.224632	0.364525	1.03547	0.352039	0.273913	0.569667	1.03547	0.550154
18	1	0.0227307	0.128578	0.983563	0.130726	0.0923488	0.13219	0.806061	0.163996
18	2	0.429593	0.554009	0.873096	0.634534	0.41636	0.568717	0.730456	0.778578
18	3	0.186003	0.384174	0.732544	0.524438	-0.0702931	0.152569	0.769674	0.198225
18	4	-0.0897486	0.0754414	0.900439	0.0837829	0.058343	0.204188	0.951791	0.21453
18	5	-0.163286	0.111177	1.01327	0.109721	-0.847266	-0.868483	1.2317	-0.705107
18	6	-0.59096	-0.617668	1.0966	-0.563259	0.0947971	-0.0198416	0.634579	-0.0312673
18	7	-0.0783151	-0.00863544	0.904378	-0.00954848	-0.143558	-0.231336	0.486432	-0.475577
18	8	-0.105785	0.112328	0.531049	0.211522	-0.0933307	0.0621038	0.455782	0.136258
18	9	-0.0777898	-0.0176559	0.679786	-0.0259727	-0.143403	0.0464319	0.694337	0.0668723
19	0	0.0629128	0.045316	1.11656	0.0405854	0.23454	0.16898	1.11656	0.15134
19	1	0.318817	0.44424	1.18568	0.374671	0.103232	0.070361	1.36084	0.0517042
19	2	0.107473	0.00329138	1.15312	0.00285433	0.541808	0.265579	1.10807	0.239678
19	3	0.231729	0.263705	0.913381	0.288713	-0.14055	-0.201867	0.75929	-0.265862
19	4	0.0961031	0.0482283	0.812986	0.0593224	0.0574535	0.109466	0.788395	0.138847
19	5	-0.170181	0.0976497	0.759443	0.128581	-0.0431648	-0.287455	0.820789	-0.350219
19	6	0.140452	-0.125379	0.945652	-0.132585	-0.0870964	-0.220693	1.24273	-0.177588
19	7	-0.126581	-0.340566	1.02509	-0.33223	0.328396	0.291962	1.50848	0.193547
19	8	0.342099	0.565926	1.13843	0.49711	0.00961198	0.18906	0.777294	0.243228
19	9	-0.133909	-0.0320265	0.732315	-0.0437332	-0.240857	0.105185	0.755359	0.139252
20	0	0.200315	0.350563	0.906508	0.386718	0.476134	0.722704	0.906508	0.79724
20	1	0.426017	0.594911	0.936544	0.635219	0.167295	0.303384	1.07614	0.281918
20	2	0.0516209	0.0801362	1.23881	0.0646878	-0.0266926	-0.131241	1.12138	-0.117035
20	3	-0.175192	-0.173912	1.09364	-0.159021	-0.0256972	-0.0314449	0.977723	-0.0321613
20	4	0.111156	0.302165	0.983811	0.307137	0.0228549	0.124921	0.869362	0.143693
20	5	0.169134	0.246268	0.804227	0.306218	-0.0506883	-0.288327	0.939541	-0.306881
20	6	-0.454234	-0.318024	1.23681	-0.257132	-0.336109	-0.564445	2.28354	-0.24718
20	7	-0.151316	-0.202165	1.39338	-0.145089	-0.0110195	-0.292657	1.04566	-0.279879
20	8	0.436806	0.97396	1.18237	0.823734	0.588276	1.13329	1.69879	0.667114
20	9	0.119431	0.160733	1.41534	0.113564	-0.0997096	-0.319755	0.74539	-0.428976
21	0	0.110934	0.180641	0.894719	0.201897	0.244683	0.275261	0.894719	0.307651
21	1	0.265527	0.518976	0.942862	0.550426	0.310236	0.160889	0.904199	0.177936
21	2	0.56566	0.678383	1.07245	0.632552	0.465732	0.677346	1.30202	0.520228
21	3	0.04999	0.230935	1.21736	0.189702	0.126897	0.00367416	1.7969	0.00204473
21	4	0.460743	0.538096	1.47711	0.364289	0.201386	0.320458	1.39574	0.229597
21	5	0.499223	0.451498	1.26773	0.356148	0.657275	0.47549	1.9266	0.246802
21	6	0.297636	0.442467	1.80974	0.244492	0.10283	0.326225	3.19866	0.101988
21	7	0.540905	0.536758	1.63829	0.327634	0.657792	0.730245	2.18235	0.334614
21	8	0.0268216	0.0085117	1.02672	0.00829022	0.215629	-0.0351633	0.669112	-0.0525521
21	9	0.190258	0.276554	0.815426	0.339153	0.184487	0.112383	0.726241	0.154746
22	0	0.147974	0.267803	0.936561	0.285943	0.34844	0.455071	0.936561	0.485896
22	1	0.231905	0.435258	0.875531	0.497136	0.0241036	0.194853	0.617497	0.315554
22	2	0.00856652	0.0980866	0.94964	0.103288	0.162224	0.0546402	1.11129	0.0491682
22	3	0.128129	0.0852622	0.958354	0.0889674	0.265777	-0.127857	0.71723	-0.178266
22	4	0.382366	0.43507	0.857088	0.507614	0.214061	0.056453	0.662834	0.085169
22	5	0.310437	0.511998	0.93125	0.549797	-0.00310888	0.188418	1.13676	0.16575
22	6	0.126572	0.0482688	0.946611	0.0509911	0.204298	0.275366	1.02027	0.269896
22	7	0.0485192	0.0740139	0.946552	0.0781932	0.188003	0.476534	0.953683	0.499678
22	8	0.0880696	0.285934	0.867919	0.329448	0.204	0.444263	0.728234	0.610055
22	9	0.193883	0.306542	0.922236	0.33239	0.398282	0.466117	1.23075	0.378726
23	0	-0.0462561	-0.0503771	0.814717	-0.0618339	-0.0448882	-0.0238895	0.814717	-0.0293225
23	1	0.331347	0.471643	0.896693	0.52598	0.52476	0.661731	0.793631	0.833801
23	2	0.219645	0.225935	1.04971	0.215235	-0.00677988	-0.0310578	0.840565	-0.0369487
23	3	0.0270936	0.31573	1.03056	0.306368	0.0519887	0.321981	1.03525	0.311019
23	4	0.0839469	0.279401	0.896912	0.311514	0.039755	0.169418	0.874204	0.193797
23	5	-0.0462987	0.0132392	0.745694	0.0177541	-0.121011	-0.219909	0.600854	-0.365994
23	6	-0.235809	-0.0855846	0.53884	-0.158831	0.0729801	0.0871994	0.155484	0.560825
23	7	0.318423	0.49735	0.557738	0.891728	0.0353278	0.363015	0.462746	0.784481
23	8	0.183672	0.538682	0.866621	0.621589	0.0837955	0.464445	1.14488	0.405671
23	9	-0.195115	-0.0647957	0.916705	-0.0706833	-0.216398	0.0792105	0.808837	0.0979314
24	0	0.00432311	0.0239156	0.986298	0.0242479	-0.102517	-0.100938	0.986298	-0.10234
24	1	-0.0798586	-0.00492877	1.0142	-0.00485975	0.197689	0.233183	1.1102	0.210037
24	2	0.278468	0.416524	1.18022	0.35292	0.135815	0.276573	1.42156	0.194556
24	3	0.169222	0.276297	1.17483	0.235181	0.291281	0.398812	1.42608	0.279657
24	4	0.282353	0.274281	1.31257	0.208965	0.140049	-0.0494917	1.2032	-0.0411335
24	5	0.342602	0.208178	1.0172	0.204658	0.0419478	-0.278375	1.44713	-0.192364
24	6	-0.0642598	-0.0103224	1.17087	-0.00881598	0.24717	0.699017	1.44694	0.4831
24	7	0.406901	1.06357	1.14367	0.929961	0.457318	0.762236	1.49207	0.510858
24	8	0.155196	0.340545	0.808685	0.421109	0.194758	0.164577	0.797672	0.206322
24	9	0.24659	0.481692	0.661341	0.728357	0.0101131	0.194997	0.686606	0.284002
25	0	0.143885	0.227791	1.13347	0.200968	0.19351	0.421604	1.13347	0.371959
25	1	0.254729	0.401683	0.992413	0.404754	0.309424	0.370165	0.903326	0.40978
25	2	0.334458	0.662771	0.935412	0.708534	0.376812	0.612113	1.11194	0.550492
25	3	-0.137001	-0.268422	1.00802	-0.266286	-0.397779	-0.291918	0.94815	-0.307882
25	4	-0.124746	0.027564	0.9608	0.0286886	0.023301	0.0921366	0.902646	0.102074
25	5	0.0970591	0.0205482	0.7869	0.0261128	0.157074	0.158152	0.648086	0.24403
25	6	0.136259	0.227053	0.845555	0.268526	-0.0730468	0.0696332	0.561018	0.124119
25	7	-0.0566595	-0.0742807	0.803344	-0.0924643	0.0304055	0.0891258	0.596368	0.149448
25	8	0.00885352	0.158645	0.970544	0.16346	0.0658112	0.18665	0.659593	0.282978
25	9	0.175641	0.441262	0.837065	0.527154	0.288361	0.414739	1.24052	0.334328
26	0	0.0474034	0.00725774	1.16622	0.00622328	0.105348	0.00129366	1.16622	0.00110927
26	1	0.360604	0.618947	0.959812	0.644863	0.515423	0.582409	0.792392	0.735002
26	2	0.271923	0.36496	0.998431	0.365533	0.0777723	0.441557	0.771208	0.572553
26	3	0.0873497	0.125154	0.773977	0.161702	0.22098	-0.106923	0.53658	-0.199268
26	4	0.246914	0.308369	0.808718	0.381306	0.190786	0.252968	0.712058	0.355263
26	5	0.198521	0.106274	0.735339	0.144524	0.198103	-0.023308	0.598845	-0.0389215
26	6	0.183781	0.336547	0.724184	0.464726	0.0107583	0.132484	1.26874	0.104422
26	7	-0.280315	-0.127738	0.950816	-0.134346	-0.212519	-0.412625	1.23037	-0.335366
26	8	0.0119988	0.158788	0.85677	0.185334	0.18617	0.0680384	0.627116	0.108494
26	9	0.3615	0.384892	0.872603	0.441085	-0.113211	0.065259	1.2538	0.0520491
27	0	0.158461	0.137141	0.880953	0.155674	0.325743	0.278142	0.880953	0.315729
27	1	0.282794	0.264304	1.027	0.257355	0.11486	0.123413	1.06511	0.115868
27	2	-0.0755057	-0.123803	0.825923	-0.149897	0.0328561	-0.111498	0.890865	-0.125157
27	3	0.277543	0.323866	0.889986	0.3639	0.201067	0.314182	0.99656	0.315267
27	4	0.112296	0.471609	0.861113	0.547674	0.239448	0.451734	0.757324	0.596487
27	5	0.349803	0.286344	0.925625	0.309352	0.309045	0.252766	1.01487	0.249061
27	6	0.161707	0.390883	1.0174	0.384197	0.0710556	0.179772	1.24355	0.144564
27	7	-0.0612847	-0.205538	0.860925	-0.238741	0.00108427	-0.226432	0.348699	-0.649363
27	8	0.0769461	0.20637	0.813781	0.253594	0.184019	0.0694293	0.656497	0.105757
27	9	0.332685	0.60797	0.857168	0.709278	0.201722	0.194501	0.728392	0.267029
28	0	0.0399768	0.0292645	0.992982	0.0294713	-0.216018	-0.0947299	0.992982	-0.0953995
28	1	-0.199186	0.000287169	1.00164	0.000286698	0.138691	0.219964	0.919503	0.239221
28	2	0.288074	0.363406	0.957178	0.379664	0.288068	0.468474	1.0734	0.436441
28	3	-0.0788957	0.0985143	0.883469	0.111509	0.13776	-0.119391	0.734352	-0.16258
28	4	0.465219	0.580005	0.872675	0.664629	0.175146	0.345259	0.525132	0.657471
28	5	0.05829	0.149656	0.971367	0.154068	-0.0273975	0.191321	0.627526	0.304882
28	6	0.0835436	0.123627	0.609518	0.202828	0.190404	-0.0967838	0.429213	-0.225491
28	7	0.225331	0.776233	0.846238	0.917275	0.310304	0.651292	1.09539	0.594576
28	8	0.298396	0.282452	0.652977	0.432561	0.361556	0.337861	0.569876	0.592868
28	9	0.20986	0.342734	0.710295	0.482523	0.0947573	0.136411	0.636814	0.214208
29	0	0.0346162	0.0448428	0.841673	0.0532782	0.141161	0.121864	0.841673	0.144788
29	1	-0.0912472	-0.209695	0.858361	-0.244296	-0.0145679	0.0396347	0.637367	0.0621851
29	2	0.538645	0.580899	0.811985	0.715406	0.858847	0.789143	1.04658	0.75402
29	3	0.460956	0.669554	1.09957	0.608922	-0.210295	-0.0580758	0.53399	-0.108758
29	4	-0.0865823	0.0204506	0.791297	0.0258444	0.0189213	0.322921	0.905042	0.356802
29	5	0.0998067	0.146208	0.842173	0.173609	0.0515036	0.141479	0.589853	0.239854
29	6	0.041061	-0.294635	0.737506	-0.399502	0.238574	-0.23322	0.641753	-0.363411
29	7	0.221127	0.645434	0.921955	0.700071	0.22837	0.505746	0.598228	0.845406
29	8	0.218	0.413311	0.886526	0.466214	0.163517	0.303229	1.0991	0.275889
29	9	0.0320252	-0.200679	1.02077	-0.196595	-0.0707568	-0.289323	0.970413	-0.298144
30	0	0.140066	0.26944	0.919741	0.292952	0.149126	0.435205	0.919741	0.473181
30	1	0.032605	0.237216	0.964187	0.246027	0.0942376	0.111509	0.740417	0.150603
30	2	0.196138	0.206204	0.866419	0.237996	0.0767682	0.13772	0.885455	0.155536
30	3	0.062436	0.282148	0.993202	0.284079	-0.123388	-0.0680691	0.976961	-0.0696743
30	4	-0.254267	-0.187952	0.896135	-0.209737	-0.0490761	-0.0467581	0.858993	-0.0544336
30	5	0.285656	0.783837	0.912775	0.858741	0.123538	0.681147	1.21065	0.562631
30	6	0.306976	0.238412	1.42812	0.166941	0.101152	0.168924	1.01963	0.165672
30	7	-0.123245	0.329648	0.807701	0.408131	0.358288	0.602727	0.910687	0.661838
30	8	0.189855	0.129019	0.936528	0.137763	0.237804	-0.0440021	0.719459	-0.06116
30	9	0.0709952	0.213643	0.949145	0.22509	-0.0900164	-0.291221	0.643345	-0.452667
31	0	0.111578	0.137902	0.935626	0.147391	0.249911	0.306739	0.935626	0.327843
31	1	0.193045	0.347697	1.00271	0.346759	0.202736	0.108	1.29596	0.0833354
31	2	0.432464	0.459144	1.11878	0.410396	0.497282	0.543863	0.927947	0.586092
31	3	0.0899526	0.0179898	1.05544	0.0170447	-0.20944	-0.318796	1.13326	-0.28131
31	4	-0.41627	-0.405687	1.05276	-0.385355	-0.309451	-0.52107	0.969276	-0.537587
31	5	-0.0326576	0.0679396	1.54694	0.0439188	-0.0997585	-0.188953	1.37487	-0.137433
31	6	0.336815	0.599988	1.31412	0.456572	1.05262	0.901831	1.74475	0.516884
31	7	0.712909	0.743683	1.11133	0.669184	-0.117821	0.280451	0.303738	0.923331
31	8	-0.125223	-0.0645054	0.736932	-0.0875325	0.237842	0.172224	0.988948	0.174149
31	9	0.172404	0.185767	0.902212	0.205902	0.254827	0.194464	0.889839	0.218538
32	0	0.0213982	0.122027	0.943123	0.129386	0.165575	0.366935	0.943123	0.389064
32	1	0.393478	0.513655	0.97234	0.528267	0.343655	0.424014	0.917625	0.462077
32	2	0.0616191	0.242589	0.903953	0.268364	-0.109917	0.0530974	0.959711	0.0553265
32	3	-0.109631	-0.125716	0.895527	-0.140383	-0.0979308	-0.0295293	0.615343	-0.0479885
32	4	0.109627	0.147143	1.02182	0.144001	0.341085	0.447614	1.54884	0.289
32	5	0.138028	0.52226	1.1414	0.457561	-0.369811	-0.0318821	0.553227	-0.0576294
32	6	-0.392388	-0.524149	0.637714	-0.82192	-0.0122833	0.109972	1.02617	0.107167
32	7	0.170385	0.394528	0.735021	0.536758	0.122462	0.335372	0.646195	0.518995
32	8	0.0138349	0.343765	0.735886	0.467145	-0.0642419	0.0401721	0.638213	0.0629447
32	9	-0.0749814	0.088614	0.807058	0.109799	0.085841	0.350735	0.499508	0.70216
33	0	0.305494	0.496741	1.20664	0.411674	0.593481	0.93657	1.20664	0.776182
33	1	0.491513	0.992038	1.30382	0.760871	0.201549	0.675617	1.40454	0.481024
33	2	0.31094	0.693398	1.07461	0.645254	0.506171	1.07096	1.21533	0.881211
33	3	0.0850911	0.229669	1.06592	0.215466	-0.0480095	0.0447079	0.815932	0.0547936
33	4	0.371778	0.5029	1.16013	0.433486	0.204978	0.362809	1.30932	0.277098
33	5	0.0621551	0.22363	1.09007	0.205151	-0.101425	0.267526	0.915296	0.292284
33	6	-0.0741874	0.168615	0.803689	0.209801	-0.0134766	0.496378	1.24369	0.399118
33	7	-0.00360324	0.189334	1.40973	0.134306	0.310035	-0.191308	0.952899	-0.200764
33	8	0.107138	0.487975	0.846046	0.576772	-0.00311426	0.157423	0.766745	0.205314
33	9	0.145884	0.299911	0.782879	0.383087	0.184407	0.401359	0.836404	0.479863
34	0	0.0521668	0.0494325	1.08791	0.045438	0.179092	0.276657	1.08791	0.254301
34	1	0.366696	0.737147	0.938141	0.785753	0.399603	0.625842	0.993755	0.629775
34	2	0.241501	0.274741	0.977906	0.280948	-0.0354493	0.126238	0.843614	0.14964
34	3	-0.25195	-0.101602	0.886391	-0.114625	-0.122757	-0.385783	0.943511	-0.40888
34	4	0.202767	0.400252	0.894067	0.447676	0.28297	0.340992	0.92814	0.367393
34	5	0.255655	0.264867	0.851503	0.311059	-0.118153	-0.138881	0.648388	-0.214195
34	6	-0.4344	-0.221176	0.65402	-0.33818	-0.241336	-0.275736	0.755301	-0.365067
34	7	0.2996	0.585766	1.01851	0.575124	0.657037	0.591162	1.21849	0.48516
34	8	0.444003	0.721158	0.952924	0.756785	0.185982	0.638833	0.897879	0.711491
34	9	0.0343168	0.327112	0.869627	0.376152	0.158341	0.0449535	0.45374	0.0990731
35	0	0.223451	0.298681	1.13194	0.263867	0.598632	0.635033	1.13194	0.561015
35	1	0.618338	0.536472	1.1235	0.477503	0.3397	0.580489	1.06234	0.546427
35	2	0.109425	0.282338	0.988646	0.285581	-0.0182909	-0.000753155	0.893482	-0.000842944
35	3	0.12303	0.211906	0.750433	0.282378	0.387321	0.184524	0.61348	0.300782
35	4	0.307651	0.405177	0.893723	0.453358	-0.0135702	0.226641	0.994365	0.227925
35	5	-0.0278836	-0.2291	0.935188	-0.244978	-0.218565	-0.295811	0.882054	-0.335366
35	6	-0.452064	-0.802265	0.752181	-1.06659	-0.610864	-0.612721	0.754083	-0.812538
35	7	-0.382983	-0.109289	0.601276	-0.181762	0.223557	0.201887	0.635434	0.317715
35	8	0.132089	0.0992349	0.84706	0.117152	-0.189736	-0.136824	0.607812	-0.22511
35	9	-0.109615	0.0626838	0.829714	0.0755487	0.016879	0.339055	0.866264	0.3914
36	0	-0.0423243	-0.0764938	0.560762	-0.136411	0.0580555	-0.105678	0.560762	-0.188455
36	1	0.192516	0.399454	0.7677	0.520325	0.163733	0.365566	0.986773	0.370466
36	2	0.120322	0.427859	0.947593	0.451522	0.280861	0.419763	0.896686	0.468127
36	3	0.15857	0.545422	0.945811	0.576671	0.151775	0.345869	0.830729	0.416343
36	4	0.339879	0.648546	0.895785	0.723998	0.211984	0.733519	1.16318	0.630617
36	5	-0.0442229	0.168555	1.10564	0.152449	-0.184894	0.304571	0.544424	0.559438
36	6	0.392511	1.0756	0.762992	1.40971	0.831621	0.745927	0.70612	1.05637
36	7	0.550007	0.506916	1.24683	0.406565	0.141532	-0.107934	0.399907	-0.269899
36	8	-0.0324183	0.145718	0.940887	0.154873	-0.0752555	0.126039	0.77053	0.163574
36	9	0.0480667	-0.0327806	0.714094	-0.0459052	0.261845	0.108427	0.582285	0.18621
37	0	-0.11414	-0.12987	1.04141	-0.124706	-0.0171433	0.00363498	1.04141	0.00349044
37	1	0.337721	0.467343	1.10754	0.421963	0.290884	0.345277	1.39364	0.247752
37	2	0.201804	0.321021	1.09616	0.292859	0.390413	0.180484	1.25787	0.143484
37	3	0.198324	0.0314756	1.18104	0.0266509	-0.0206097	-0.0706131	1.48459	-0.0475641
37	4	0.230807	0.567707	1.15179	0.49289	0.137302	0.6723	1.16515	0.577008
37	5	-0.125973	-0.0273463	1.00531	-0.0272019	-0.550729	-0.552087	1.32936	-0.415304
37	6	-0.0996294	-0.240239	1.43432	-0.167493	0.700059	0.679078	1.56503	0.433908
37	7	0.587556	0.925999	1.03247	0.896876	0.52255	0.405616	0.721096	0.562499
37	8	0.353465	0.441123	0.890938	0.495123	0.144066	0.35388	0.686949	0.515147
37	9	0.145626	0.318593	0.805103	0.395718	0.129724	0.238668	0.560369	0.425913
38	0	0.141755	0.204156	0.753085	0.271093	0.406773	0.444586	0.753085	0.590354
38	1	0.37891	0.492966	0.90891	0.54237	0.271606	0.291045	0.967646	0.300777
38	2	0.21151	0.324044	0.917237	0.353282	0.232502	0.260997	0.5491	0.475318
38	3	0.306332	0.409206	0.792546	0.516318	0.0501182	0.217726	0.565814	0.384801
38	4	-0.123132	0.149087	0.72304	0.206194	-0.0898924	-0.013918	0.62929	-0.022117
38	5	-0.237176	-0.0409141	0.827715	-0.0494302	-0.658844	-0.408836	0.745496	-0.548408
38	6	-0.49849	-0.366879	0.745343	-0.492228	0.0265738	-0.0158664	0.525185	-0.0302111
38	7	0.231143	-0.0290816	1.07042	-0.0271684	0.372934	0.0400228	0.380286	0.105244
38	8	0.284813	0.511457	0.647667	0.789692	-0.145595	-0.0810556	0.777926	-0.104194
38	9	-0.278159	-0.51262	0.74691	-0.686321	-0.10739	-0.194555	0.766504	-0.253821
39	0	0.0204193	-0.0598525	1.04314	-0.0573773	0.145864	-0.0418681	1.04314	-0.0401366
39	1	0.128538	0.163086	0.99715	0.163552	-0.0220213	-0.0329294	0.83691	-0.0393464
39	2	0.020701	0.104847	0.891419	0.117618	0.0652579	-0.114347	0.710398	-0.160961
39	3	0.0325217	0.0354745	0.980538	0.0361786	0.355634	0.2881	1.04281	0.276271
39	4	0.340834	0.639875	1.14903	0.556884	0.212784	0.341659	0.798005	0.428141
39	5	0.397828	0.431672	0.796925	0.541672	0.327742	0.33752	1.25487	0.268968
39	6	0.621025	0.693043	1.3537	0.511964	0.973562	1.02325	1.65297	0.619038
39	7	0.657264	0.440157	1.30865	0.336343	0.14936	-0.130186	0.341167	-0.381591
39	8	0.0618354	0.44073	0.674035	0.653868	0.188848	0.604386	0.695526	0.868962
39	9	0.228599	0.481226	0.835149	0.576216	0.27034	0.567347	0.657197	0.863283
40	0	0.0470813	0.103988	0.850889	0.122212	0.0972738	0.137371	0.850889	0.161444
40	1	0.152084	0.37683	0.948209	0.397412	-0.0224778	0.171831	0.772461	0.222447
40	2	0.044133	0.0964704	0.846686	0.113939	0.537122	0.500477	0.667845	0.749392
40	3	0.514877	0.59036	0.896755	0.658329	0.251874	0.105946	0.470155	0.225342
40	4	0.118415	0.210362	0.81738	0.257361	-0.20395	-0.201998	0.585994	-0.34471
40	5	-0.1634	-0.104326	0.868744	-0.120088	-0.115458	0.511952	1.04774	0.488624
40	6	-0.222689	-0.0752226	0.982466	-0.0765651	-0.0545229	-0.323948	0.372653	-0.869303
40	7	-0.187371	-0.176782	0.725342	-0.243722	-0.320469	-0.153649	0.530901	-0.289412
40	8	-0.0474231	0.228952	0.50059	0.457365	0.25736	0.211272	0.367504	0.574884
40	9	0.166587	0.201366	0.534945	0.376424	0.113054	0.00084393	0.460637	0.00183209
41	0	-0.163841	-0.292747	1.13398	-0.258158	-0.0319843	-0.264179	1.13398	-0.232966
41	1	0.578327	0.79476	1.20306	0.660614	0.698839	0.919372	1.61393	0.569648
41	2	0.515616	0.445885	1.41509	0.315093	0.637127	0.407911	1.79004	0.227878
41	3	0.828501	0.795886	1.51545	0.525182	0.611224	0.767056	2.04768	0.374598
41	4	0.356499	0.420763	1.27447	0.330147	0.196282	0.136306	1.47984	0.0921085
41	5	0.25084	0.405195	1.20068	0.337471	0.132931	-0.175945	2.65481	-0.0662739
41	6	0.409622	0.303423	1.82444	0.16631	0.0839227	0.334505	4.46477	0.0749209
41	7	-0.226862	0.0044952	1.54536	0.00290884	0.365001	0.278148	0.735054	0.378404
41	8	0.264949	0.325014	0.815283	0.398651	0.341575	0.392182	0.576888	0.679824
41	9	0.261858	0.461449	0.631775	0.730401	0.286427	0.354675	0.720983	0.491933
42	0	-0.103029	-0.157806	1.12156	-0.140702	-0.0397684	0.0206749	1.12156	0.0184341
42	1	0.187027	0.43948	1.0791	0.407267	0.242211	0.0805622	0.939194	0.085778
42	2	0.25049	0.370688	0.944569	0.392442	0.184195	0.625016	1.03696	0.602739
42	3	0.358575	0.515776	1.0342	0.498718	0.310429	0.421755	0.906911	0.465045
42	4	0.0580104	0.29007	0.997379	0.290832	-0.035584	0.213844	0.908927	0.235271
42	5	0.0450568	-0.112204	1.01126	-0.110955	-0.196311	-0.219694	0.893567	-0.245862
42	6	0.0606704	0.122933	1.02138	0.12036	0.443499	0.605548	0.581975	1.04051
42	7	0.262387	0.470295	1.02239	0.459995	0.379224	0.0506184	0.813483	0.0622242
42	8	0.153925	0.159674	0.844432	0.189091	-0.0979165	-0.0916816	1.07801	-0.0850473
42	9	-0.0130363	0.10543	0.949016	0.111094	0.141884	0.312625	0.805893	0.387924
43	0	-0.143391	-0.192903	0.836727	-0.230544	-0.113227	-0.115271	0.836727	-0.137764
43	1	0.14498	0.198132	0.767655	0.2581	0.233276	0.13458	0.991366	0.135752
43	2	0.169038	0.22267	1.02943	0.216305	-0.00285964	0.280667	0.716631	0.391647
43	3	-0.000105987	0.182256	0.847183	0.215132	0.274653	0.135187	0.80695	0.167528
43	4	0.183972	0.17999	0.920285	0.19558	0.0285422	-0.115623	1.05892	-0.109189
43	5	0.13263	0.173949	1.05089	0.165526	0.108359	-0.287452	0.690212	-0.41647
43	6	-0.124877	-0.0850552	0.742196	-0.114599	-0.0653508	-0.123265	0.576054	-0.213981
43	7	0.230321	0.277499	0.618663	0.448547	0.245501	0.253524	0.362069	0.70021
43	8	0.20872	0.012756	0.762271	0.0167342	0.0376069	0.0944195	0.602937	0.156599
43	9	-0.0752756	0.0272493	0.794077	0.0343157	0.256963	0.269442	0.548588	0.491156
44	0	0.0655359	0.143425	0.835441	0.171675	0.273573	0.295694	0.835441	0.353937
44	1	0.269399	0.537191	0.971039	0.553212	0.213908	0.325105	1.04092	0.312324
44	2	0.187974	0.0235536	0.863587	0.0272742	0.198232	-0.199002	0.774029	-0.257099
44	3	0.192	0.206498	0.92205	0.223955	0.0342256	0.072594	0.682732	0.106329
44	4	0.173155	0.336341	0.77899	0.431765	0.378334	0.319567	0.788347	0.405363
44	5	0.233492	0.331376	0.982885	0.337147	0.351074	-0.110788	0.742984	-0.149112
44	6	0.1832	0.0783933	0.91133	0.0860208	0.0657698	0.043039	1.57244	0.0273709
44	7	0.624194	1.09225	1.38278	0.789896	0.591031	0.838354	1.89247	0.442995
44	8	0.187382	0.416716	0.929081	0.448525	-0.222115	-0.0528719	0.92766	-0.0569949
44	9	-0.126591	-0.0866583	0.851361	-0.101788	-0.0522827	0.139154	0.985086	0.141261
45	0	0.26473	0.390526	0.96983	0.402675	0.424116	0.520152	0.96983	0.536334
45	1	0.418908	0.990583	1.05101	0.942504	0.362146	0.836912	1.124	0.744584
45	2	0.231098	0.307218	0.972393	0.31594	0.432329	0.342296	0.934588	0.366253
45	3	0.430761	0.801287	0.927209	0.864193	0.16252	0.457772	1.06043	0.431686
45	4	0.213913	0.222256	0.78876	0.281779	0.391578	0.393241	0.813896	0.483159
45	5	0.183691	0.332322	0.78817	0.421637	-0.368322	-0.447286	0.974562	-0.458961
45	6	-0.382505	-0.394714	0.959501	-0.411374	-0.385178	-0.261475	1.65754	-0.157749
45	7	-0.654874	-0.464458	1.17798	-0.394282	-0.235982	-0.187304	1.59463	-0.117459
45	8	0.434765	0.584942	1.42895	0.40935	0.528528	0.91716	1.67755	0.546726
45	9	0.19178	0.11749	1.3798	0.0851503	-0.132524	-0.0617414	1.43249	-0.0431008
46	0	0.0761596	0.126093	0.742897	0.169732	0.235667	0.230297	0.742897	0.309998
46	1	0.324989	0.393926	1.05844	0.372177	0.0854336	0.178341	1.07441	0.16599
46	2	0.0989536	0.34413	1.06334	0.323631	0.194639	0.348514	1.05117	0.33155
46	3	-0.0446019	0.0552531	0.749052	0.073764	0.0113327	-0.0439351	0.739911	-0.0593789
46	4	0.219004	0.150216	0.818555	0.183514	0.130587	0.329238	0.927767	0.354872
46	5	0.0875379	0.236335	0.926065	0.255203	0.040345	0.331376	1.11578	0.29699
46	6	0.824402	0.948656	1.13201	0.838031	0.660318	0.740591	2.30073	0.321894
46	7	-0.719272	-0.591939	1.40673	-0.420791	-0.639484	-0.533842	2.14098	-0.249345
46	8	0.0280195	0.416858	1.98649	0.209846	0.264767	0.478259	2.04686	0.233655
46	9	0.43396	0.455735	1.45706	0.312777	0.335044	0.297074	1.02284	0.29044
47	0	0.251489	0.279905	1.12318	0.249206	0.371895	0.558129	1.12318	0.496917
47	1	0.166254	0.0959821	1.12785	0.0851022	0.141427	0.150148	0.950555	0.157958
47	2	0.056051	0.224942	0.985237	0.228312	0.0566706	0.0236725	0.73476	0.0322181
47	3	0.23903	0.550151	0.975577	0.563924	0.144741	0.397265	1.05444	0.376756
47	4	0.10841	0.145734	0.966988	0.150709	-0.0942522	0.0794844	0.986425	0.0805783
47	5	-0.255281	-0.208335	0.854897	-0.243696	-0.76968	-0.514013	0.943498	-0.544795
47	6	-0.456978	0.0357864	0.930911	0.0384424	0.238693	0.0253508	0.801364	0.0316345
47	7	-0.235913	-0.475198	1.02997	-0.461371	-0.0605115	-0.306995	1.00466	-0.305572
47	8	0.0686656	0.0155943	0.972024	0.0160431	-0.134208	-0.27679	0.772471	-0.358318
47	9	0.179026	0.346939	0.981655	0.353423	0.0633994	0.280779	1.17262	0.239447
48	0	-0.0169238	0.073792	1.03327	0.071416	0.0994493	0.335741	1.03327	0.32493
48	1	0.221219	0.187461	0.970711	0.193117	0.245528	0.234063	1.21489	0.192662
48	2	0.226621	0.46629	1.05499	0.441986	0.291005	0.392873	0.864107	0.454658
48	3	0.297516	0.371292	0.815696	0.455184	0.324695	0.193321	0.968182	0.199674
48	4	0.034106	-0.0857266	1.03265	-0.0830158	-0.291768	-0.327194	0.934639	-0.350075
48	5	-0.00709193	-0.0924701	0.899815	-0.102766	0.264219	0.23387	1.05125	0.222468
48	6	0.307696	0.465756	1.10306	0.422239	0.282797	0.394567	1.15604	0.341309
48	7	0.258614	-0.0806488	0.84366	-0.095594	0.311199	0.024033	1.00851	0.0238302
48	8	0.252661	0.27738	0.860355	0.322402	0.243738	0.136536	1.10587	0.123465
48	9	0.300214	0.417385	1.06359	0.392429	0.107929	0.0177715	0.812836	0.0218635
49	0	0.149881	0.286492	0.977946	0.292953	0.401284	0.499612	0.977946	0.510879
49	1	0.128866	0.257556	1.23461	0.208613	-0.156812	-0.198685	0.792867	-0.250591
49	2	-0.196373	-0.035555	0.997287	-0.0356517	-0.0153295	0.176506	1.04739	0.16852
49	3	0.316931	0.0935703	0.919681	0.101742	0.267884	0.221653	0.726696	0.305014
49	4	0.190684	0.371768	0.857317	0.433642	0.176164	0.223458	0.733505	0.304643
49	5	0.00680707	0.0379095	0.733776	0.0516636	-0.0418556	-0.201475	0.726783	-0.277215
49	6	0.152225	0.205715	0.705641	0.291529	0.147296	0.334393	0.69084	0.484038
49	7	-0.156757	0.00189591	0.869842	0.0021796	-0.195609	0.0661359	0.791088	0.0836013
49	8	0.124849	0.205134	0.957832	0.214165	0.133277	-0.0131116	0.731491	-0.0179245
49	9	0.0753946	0.203944	0.902933	0.225868	0.273055	0.222773	0.887189	0.2511
50	0	0.220519	0.342048	0.685651	0.498867	0.280913	0.252598	0.685651	0.368407
50	1	0.217071	0.318337	0.700469	0.454463	0.173827	0.194556	0.560345	0.347208
50	2	0.12289	0.235642	0.921265	0.255781	0.298559	0.384925	1.15298	0.333851
50	3	0.187794	0.0803972	1.06886	0.0752178	0.0341978	-0.0840846	0.904628	-0.0929493
50	4	0.0591445	0.285121	0.959884	0.297037	-0.164553	-0.0304848	1.01698	-0.0299758
50	5	-0.144045	0.0106374	0.827774	0.0128507	-0.310929	-0.18025	0.778659	-0.231488
50	6	-0.215728	-0.211643	0.609421	-0.347286	0.111462	-0.0112788	0.390121	-0.0289109
50	7	0.249569	-0.0625208	0.647294	-0.096588	0.485138	0.0749119	0.430406	0.174049
50	8	0.474394	0.662869	0.934562	0.709283	0.365925	0.645854	0.817314	0.790214
50	9	0.243792	0.634748	0.893624	0.710309	0.135987	0.346462	0.816888	0.424125
51	0	0.100223	0.382143	0.919524	0.415588	0.247175	0.720487	0.919524	0.783544
51	1	0.177392	0.414675	0.839901	0.493718	0.0547498	0.335055	0.661503	0.506505
51	2	0.0208559	-0.0536827	1.0844	-0.0495044	0.0235809	-0.0373727	1.14622	-0.0326051
51	3	-0.0838521	-0.0188963	0.985826	-0.019168	0.0769465	0.079867	1.16327	0.0686575
51	4	0.101674	0.284615	1.02849	0.27673	-0.0844655	-0.172313	0.884779	-0.194752
51	5	-0.0121776	0.217748	0.841793	0.258672	-0.13117	0.428177	0.460121	0.930574
51	6	0.0653977	0.328677	0.716827	0.458516	0.507596	0.617826	1.12725	0.54808
51	7	0.717736	0.789569	0.854092	0.924454	0.747584	0.363042	0.825412	0.439831
51	8	0.592154	0.713268	1.16656	0.611428	0.423428	0.469156	1.28095	0.366257
51	9	0.10259	0.33102	1.03761	0.319022	0.0799073	0.0310372	0.83125	0.037338
52	0	0.0817684	0.195925	1.09375	0.179132	0.0361055	0.231411	1.09375	0.211577
52	1	-0.060658	-0.0336717	1.05834	-0.0318157	0.164367	0.0777719	0.898865	0.0865223
52	2	0.165572	0.219794	1.01551	0.216437	0.0400504	0.141186	0.986458	0.143124
52	3	0.110592	0.0968018	0.874669	0.110672	0.259362	0.0502438	0.748839	0.0670957
52	4	0.183078	0.14434	0.801323	0.180127	0.0685922	-0.0899463	1.04802	-0.0858247
52	5	0.0480034	0.20884	0.978433	0.213443	0.168843	-0.0780108	0.925082	-0.0843286
52	6	0.492229	0.699642	0.928114	0.753833	0.408835	0.43609	1.03423	0.421657
52	7	0.162044	-0.157035	0.76591	-0.20503	0.0631987	-0.0737127	0.375818	-0.196139
52	8	0.180621	0.660477	0.992179	0.665684	0.237633	0.143928	1.54918	0.0929058
52	9	0.291253	0.252691	1.11712	0.226199	0.352858	0.177248	0.659946	0.268579
53	0	0.118906	0.171593	1.09256	0.157056	0.277861	0.410723	1.09256	0.375927
53	1	0.104596	0.181283	1.04565	0.173369	0.0459524	-0.208659	1.26687	-0.164704
53	2	0.13018	-0.0578183	1.20913	-0.0478182	0.0983109	0.0947522	1.36102	0.0696184
53	3	0.316491	0.506278	1.22861	0.412075	0.176207	0.263809	1.04429	0.252621
53	4	0.358993	0.76308	1.04065	0.733275	0.366632	0.634734	1.52184	0.417082
53	5	0.0619566	0.0389174	1.52389	0.0255381	-0.138279	0.0247518	1.75164	0.0141307
53	6	0.0430868	0.213876	1.69529	0.126159	0.714272	0.838118	2.29606	0.365024
53	7	0.96575	1.10535	1.34765	0.820208	0.468875	0.99537	2.76822	0.35957
53	8	0.0961757	0.118244	1.19955	0.0985736	0.262551	0.4064	0.6836	0.594499
53	9	-0.00202995	0.170509	1.14508	0.148905	-0.158821	0.0798572	0.781464	0.102189
54	0	-0.0314501	-0.0281678	0.92438	-0.0304721	0.0905642	-0.00947853	0.92438	-0.0102539
54	1	0.0989659	0.105226	0.866713	0.121408	0.0618214	0.150522	0.625346	0.240702
54	2	0.0388608	-0.0389936	1.02281	-0.038124	0.127894	-0.00156598	0.911691	-0.00171767
54	3	0.171637	0.278681	0.916782	0.303978	0.0321548	0.277241	0.643851	0.430598
54	4	0.174845	0.075829	0.799817	0.0948079	0.24553	0.117101	0.715591	0.163643
54	5	0.170179	0.246097	0.83658	0.29417	0.211359	-0.186424	0.87457	-0.21316
54	6	0.269194	0.0396195	0.815475	0.0485845	0.0727386	0.217796	0.466282	0.46709
54	7	0.268385	0.316867	0.59918	0.528835	0.48746	0.482907	0.709378	0.680747
54	8	0.177604	0.500081	0.856292	0.584008	-0.217714	0.00700466	0.920094	0.00761298
54	9	-0.374048	-0.248237	0.862994	-0.287646	-0.0386921	0.185511	0.594131	0.312239
55	0	0.181794	0.229074	0.855745	0.26769	0.327252	0.181371	0.855745	0.211945
55	1	0.120594	-0.0164293	0.933944	-0.0175913	0.156654	-0.0257279	0.737192	-0.0348998
55	2	0.342088	0.488803	0.834848	0.585499	0.275615	0.502521	0.922679	0.544633
55	3	0.451743	0.620308	0.995393	0.623179	0.281967	0.401953	0.759962	0.528911
55	4	0.279718	0.474746	0.929802	0.510588	0.337669	0.596053	1.0354	0.575675
55	5	0.088604	0.132216	0.907985	0.145615	0.178754	-0.131707	0.84392	-0.156066
55	6	0.489969	0.290894	0.756297	0.384629	0.0416432	0.197769	1.23426	0.160233
55	7	-0.403196	-0.228383	1.33616	-0.170925	0.145435	0.141468	1.18437	0.119445
55	8	0.580975	0.771065	1.05226	0.732771	0.292118	0.232299	0.661637	0.351097
55	9	0.0573254	0.191057	0.810283	0.235791	0.0758851	0.00264463	0.821888	0.00321774
56	0	0.294121	0.428877	1.08632	0.394798	0.550583	0.764425	1.08632	0.703683
56	1	0.532409	0.587214	1.20121	0.488852	0.341538	0.462595	1.20194	0.384874
56	2	-0.0515839	-0.151639	1.18207	-0.128282	-0.412983	-0.424249	1.04385	-0.406428
56	3	-0.365062	-0.384986	1.03755	-0.371052	-0.0423679	-0.229408	0.733294	-0.312845
56	4	0.0650632	-0.239969	0.877051	-0.273609	0.0574468	-0.17062	0.856882	-0.199118
56	5	-0.00619568	0.181665	0.929493	0.195445	-0.0865581	-0.170827	0.748556	-0.228208
56	6	0.0199766	-0.26061	0.704995	-0.369663	0.366313	0.277301	0.494698	0.560546
56	7	0.757482	0.993464	0.922263	1.0772	0.442798	0.698562	1.2492	0.559206
56	8	0.0516357	0.280975	0.88982	0.315766	0.12674	0.247834	0.726297	0.34123
56	9	0.207344	0.409895	0.740843	0.553282	0.341443	0.241303	0.910492	0.265024
57	0	0.0194307	0.0745086	0.940731	0.0792029	-0.0786003	0.0235967	0.940731	0.0250834
57	1	-0.206691	-0.0952094	0.784221	-0.121406	0.0141436	-0.124425	0.793685	-0.156769
57	2	0.11593	0.228777	0.811901	0.28178	0.0707871	0.211237	0.74653	0.282958
57	3	0.0170396	0.113097	0.859794	0.13154	-0.0555923	0.102035	0.772039	0.132164
57	4	-0.0295824	0.0191815	0.647745	0.0296128	0.0650771	0.018853	0.775343	0.0243157
57	5	0.0521168	0.0740534	0.990264	0.0747814	0.0421732	0.241481	0.942669	0.256168
57	6	0.280141	0.51765	0.746079	0.693828	0.374474	0.55908	0.76429	0.731502
57	7	0.458281	0.811795	0.675403	1.20194	0.426055	0.479316	0.401786	1.19296
57	8	0.16552	0.165715	0.590575	0.280599	-0.0875457	0.105795	0.560391	0.188788
57	9	0.110412	0.118545	0.745941	0.158921	0.236734	0.180746	0.417793	0.432622
58	0	0.247864	0.389283	0.755664	0.515154	0.220274	0.334099	0.755664	0.442126
58	1	0.416622	0.786155	0.943535	0.833201	0.620803	0.936467	1.38225	0.677496
58	2	0.0725141	0.0577475	1.16798	0.0494423	-0.292354	-0.447099	1.19501	-0.374139
58	3	-0.0905627	-0.174154	1.03317	-0.168563	0.0244437	0.263014	0.908999	0.289345
58	4	-0.102559	-0.032706	0.744417	-0.0439351	0.0445426	-0.193157	0.594497	-0.324908
58	5	0.108518	0.143643	0.792863	0.181171	-0.208386	-0.107178	0.972155	-0.110247
58	6	0.265625	0.854802	1.03388	0.826793	0.748922	1.35424	1.30552	1.03732
58	7	0.195762	0.065301	1.32557	0.0492626	-0.0812733	-0.138551	1.34413	-0.103078
58	8	0.076363	-0.063755	0.877559	-0.0726504	0.143485	-0.000680096	0.722848	-0.000940856
58	9	0.154108	0.234273	0.710827	0.329579	0.262391	0.19541	0.783193	0.249504
59	0	0.137811	0.171178	0.984131	0.173938	0.226681	0.198955	0.984131	0.202163
59	1	0.332828	0.646284	1.00945	0.640237	0.182054	0.475409	1.02541	0.463629
59	2	-0.0840674	0.0416021	0.969332	0.0429183	0.122389	0.304094	1.46528	0.207533
59	3	0.213293	0.42759	1.15258	0.370987	0.144718	0.0899053	1.26653	0.0709856
59	4	0.321901	0.538416	1.10723	0.486273	0.506871	0.694229	1.00416	0.691353
59	5	0.596007	0.762831	1.09293	0.697968	0.45623	0.748414	1.35204	0.553546
59	6	0.365325	0.45317	1.5432	0.293656	0.259495	0.241223	1.87083	0.128939
59	7	0.316672	0.390835	1.15358	0.338801	0.578248	0.70896	2.1347	0.332112
59	8	0.144555	0.327395	1.54805	0.211489	-0.122751	0.186646	1.06097	0.175919
59	9	-0.0789706	0.191494	0.95498	0.200522	-0.229457	-0.114525	0.97643	-0.117289
60	0	0.138425	0.216465	0.951969	0.227387	0.26247	0.303517	0.951969	0.318831
60	1	0.207686	0.259112	1.11284	0.232838	0.127464	0.0862156	1.15918	0.0743764
60	2	0.112871	0.0885716	1.11412	0.0794992	0.3491	0.0534111	1.12782	0.0473578
60	3	0.411964	0.372829	1.14528	0.325535	0.155335	0.231624	1.17503	0.197122
60	4	0.185727	0.583877	1.02312	0.570682	0.204791	0.325861	1.35685	0.240159
60	5	0.11651	0.194442	1.14665	0.169573	-0.253006	-0.564282	0.885845	-0.636998
60	6	0.105718	0.141581	0.993447	0.142515	0.699628	0.955139	1.1573	0.82532
60	7	0.430108	0.384707	1.40682	0.273459	0.153519	-0.0277059	0.777562	-0.0356317
60	8	0.212355	0.600301	1.50715	0.398301	0.22425	0.506145	1.81853	0.278327
60	9	-0.0944214	-0.0393786	1.28128	-0.0307337	0.15651	0.0650532	1.10872	0.058674
61	0	0.0723028	0.136334	0.650052	0.209728	0.0844924	0.141767	0.650052	0.218086
61	1	0.0437997	0.368533	0.876047	0.420677	0.132125	0.224579	0.476698	0.471115
61	2	0.0561541	0.243382	0.78579	0.309729	-0.130307	0.0286732	0.871596	0.0328974
61	3	0.0955664	0.21962	0.840504	0.261295	0.152317	0.132638	0.867985	0.152811
61	4	0.128236	0.333048	1.01163	0.329219	0.178046	0.126127	1.41949	0.0888538
61	5	0.302438	0.384441	1.13164	0.33972	0.384468	0.200715	1.02791	0.195265
61	6	0.0972516	0.123139	1.35578	0.0908256	-0.0929574	0.0836014	0.914685	0.0913992
61	7	0.262642	0.157142	0.67395	0.233165	0.324511	0.0627538	0.755085	0.0831082
61	8	0.263823	0.339107	1.24237	0.272952	0.219272	0.177569	1.42231	0.124845
61	9	0.284771	0.365769	1.43435	0.255007	0.622647	0.598683	1.59807	0.374629
62	0	0.133442	0.286771	0.71705	0.399932	0.308902	0.394982	0.71705	0.550843
62	1	0.173995	0.223922	0.982922	0.227813	0.327001	0.087184	0.893438	0.0975825
62	2	0.514399	0.689208	0.904829	0.761699	0.137929	0.298715	0.941735	0.317197
62	3	0.141131	0.323863	0.926246	0.349651	0.27226	0.502747	1.12262	0.447833
62	4	0.14325	0.242267	0.957135	0.253117	0.152994	-0.0114355	0.771213	-0.0148279
62	5	0.36888	0.471363	0.842319	0.559601	0.317287	-0.0575429	1.28329	-0.0448403
62	6	-0.177917	-0.364929	1.02602	-0.355674	-0.179245	-0.539028	1.80643	-0.298393
62	7	0.336482	0.506266	1.33246	0.37995	0.468768	0.595468	1.17119	0.508432
62	8	0.0785654	0.103965	0.889069	0.116937	-0.207344	-0.203527	0.650485	-0.312886
62	9	0.00406743	0.15859	0.904533	0.175328	0.167767	0.636889	1.08668	0.586088
63	0	0.353662	0.538446	1.0224	0.526648	0.476625	0.638878	1.0224	0.624879
63	1	0.548729	0.890893	1.14615	0.777291	0.718656	0.787252	0.956365	0.823171
63	2	0.443598	0.432257	1.01724	0.424932	0.348742	0.291088	1.02256	0.284666
63	3	0.464405	0.612317	1.02118	0.599619	0.249069	0.200388	0.871625	0.229902
63	4	-0.179364	-0.1854	0.979454	-0.189289	-0.316318	-0.264841	1.32826	-0.19939
63	5	-0.251826	-0.164692	1.00946	-0.163148	-0.607606	-0.306023	1.34136	-0.228143
63	6	-0.190289	-0.16155	0.940298	-0.171807	0.186117	0.151619	1.15867	0.130856
63	7	0.113045	0.411517	0.780361	0.527342	0.361061	0.468057	0.740794	0.631831
63	8	0.195932	-0.119952	0.656049	-0.18284	-0.0114478	0.0725536	0.480113	0.151118
63	9	-0.0210597	-0.170076	0.797061	-0.213379	0.104594	-0.0443778	0.684478	-0.0648344
64	0	-0.0110488	-0.0444014	0.783551	-0.0566669	0.0040751	0.00014332	0.783551	0.000182911
64	1	-0.0394933	-0.207804	0.82811	-0.250937	0.0286559	-0.133291	1.06221	-0.125484
64	2	0.348804	0.756831	1.34817	0.561376	0.421577	0.679295	1.18419	0.573638
64	3	0.398635	0.647055	1.10249	0.586904	0.362317	0.527939	1.15926	0.455409
64	4	0.220444	0.484617	1.06866	0.453481	0.177588	0.549931	1.00219	0.548727
64	5	0.0706986	0.210694	0.97426	0.216261	0.138786	-0.0661709	0.99848	-0.0662717
64	6	0.291834	0.859692	1.0664	0.80616	-0.154722	0.210082	1.43434	0.146466
64	7	-0.396782	-0.504976	0.959732	-0.526163	-0.0023618	-0.132869	1.07701	-0.123369
64	8	0.241101	0.250094	1.10538	0.226252	0.237315	0.144942	0.525615	0.275757
64	9	0.282377	0.583902	1.1305	0.516499	0.556901	0.727	1.20911	0.601271
65	0	0.0930003	0.0757503	0.820992	0.0922668	0.211477	0.0560863	0.820992	0.0683153
65	1	0.319857	0.56802	0.995789	0.570422	0.348111	0.807457	0.998672	0.808531
65	2	0.14239	0.292019	0.960179	0.304129	-0.0495511	0.149522	0.53842	0.277705
65	3	-0.0690551	-0.0201178	0.637173	-0.0315736	-0.0555997	-0.0257025	0.791475	-0.0324742
65	4	0.0753427	0.219283	0.895686	0.244821	0.250968	0.361068	0.801022	0.450758
65	5	-0.0417061	-0.0390414	0.711627	-0.0548622	-0.429841	-0.465468	0.848806	-0.54838
65	6	-0.247155	-0.0727625	1.04583	-0.0695743	0.256812	0.33	0.744839	0.443048
65	7	0.5149	0.694146	0.765801	0.906431	0.374761	0.233392	0.606946	0.384535
65	8	0.184147	0.156882	0.952868	0.164642	0.148629	0.0188214	1.22636	0.0153473
65	9	0.121778	0.347332	0.924825	0.375565	0.23163	-0.013788	0.73901	-0.0186574
66	0	-0.0238489	0.0725898	1.40889	0.0515226	0.208836	0.227665	1.40889	0.161591
66	1	0.447501	0.487538	1.11368	0.437774	0.31912	0.259849	1.18963	0.218429
66	2	0.111705	0.128903	1.08814	0.118462	0.0535118	0.173628	1.00219	0.17325
66	3	0.193259	0.501537	1.02722	0.488246	0.160126	0.219798	0.84444	0.260288
66	4	0.224594	0.23166	1.08738	0.213044	0.241552	0.314122	0.847415	0.370682
66	5	0.245274	0.474654	0.921811	0.514915	0.185333	0.407013	0.739579	0.550331
66	6	0.0599139	0.417498	0.797948	0.523214	0.0589845	0.36255	1.14857	0.315654
66	7	0.129698	0.104464	1.0478	0.0996978	0.427166	0.312471	0.746192	0.418755
66	8	0.38033	0.784048	0.839055	0.934442	0.260945	0.577285	0.731404	0.789284
66	9	0.197807	0.389851	0.887689	0.439175	0.0481421	0.306199	0.920546	0.332627
67	0	0.0384082	0.0295414	1.30308	0.0226704	0.203957	0.148161	1.30308	0.113701
67	1	0.380137	0.549148	1.2724	0.431583	0.49787	0.357927	1.59585	0.224286
67	2	0.813846	0.844079	1.36903	0.616552	0.853635	1.12335	1.65754	0.677719
67	3	0.48371	0.715933	1.3115	0.545888	0.0923384	0.142541	0.916349	0.155554
67	4	0.200187	0.0292701	0.954808	0.0306554	0.196189	0.361895	1.15932	0.312162
67	5	0.220495	0.387416	1.38765	0.279188	-0.115784	-0.054331	2.0847	-0.0260617
67	6	-0.478624	-0.698153	1.46481	-0.476617	-0.233912	-0.345174	2.48866	-0.138699
67	7	0.746785	1.06982	1.73538	0.616477	1.07051	1.33943	2.15364	0.621939
67	8	0.539749	0.981078	1.28885	0.761205	0.563877	0.865261	1.46812	0.589368
67	9	0.342385	0.456712	1.04192	0.438338	0.00351806	0.0759476	1.1955	0.063528
68	0	0.0254519	0.0728807	1.06008	0.0687501	0.182721	0.126407	1.06008	0.119243
68	1	-0.00317266	-0.0180464	0.902252	-0.0200015	-0.0647803	-0.324655	0.998325	-0.3252
68	2	0.322734	0.507536	1.28781	0.394109	0.268605	0.56464	1.48693	0.379735
68	3	0.312459	0.533831	1.16364	0.458762	0.192098	0.356634	1.20099	0.29695
68	4	-0.0811208	-0.233717	0.902777	-0.258887	-0.124985	-0.0559675	0.948413	-0.0590117
68	5	-0.0669509	-0.065162	0.956282	-0.068141	0.0362429	0.143608	1.28065	0.112137
68	6	0.124877	0.421568	0.970949	0.434182	0.111421	0.526779	1.33126	0.3957
68	7	0.0252128	0.280488	0.74033	0.378869	0.0806819	0.381423	1.08753	0.350725
68	8	0.202838	0.686465	0.623996	1.10011	0.210609	0.287314	0.677063	0.424353
68	9	0.194717	-0.0736799	0.687054	-0.10724	0.268385	-0.0924316	0.632765	-0.146076
69	0	0.148484	0.149213	0.931514	0.160184	0.176941	0.295663	0.931514	0.317401
69	1	0.0947232	0.258472	0.853821	0.302724	0.0407343	0.0780502	0.854248	0.0913671
69	2	0.102813	0.162135	0.867964	0.186799	0.0702695	0.0277787	1.07204	0.025912
69	3	0.184387	0.360528	0.861365	0.418554	0.313516	0.496068	0.841253	0.589678
69	4	0.211336	0.537828	0.958947	0.560852	0.203063	0.346151	0.819484	0.422401
69	5	0.303843	0.388126	0.91561	0.423899	0.244545	0.635021	1.28494	0.494202
69	6	0.058801	0.29155	1.13387	0.257129	0.143285	0.139652	0.329063	0.424394
69	7	0.301018	0.109497	0.482562	0.226908	0.334765	-0.0323689	0.261018	-0.12401
69	8	0.192767	0.256883	0.5025	0.51121	-0.00188351	0.112023	0.645081	0.173657
69	9	0.0408742	0.0162988	0.80406	0.0202706	0.164363	0.265771	0.983961	0.270103
70	0	0.25161	0.361457	1.2438	0.290607	0.490068	0.656861	1.2438	0.528107
70	1	0.422348	0.599708	1.24553	0.481488	0.14642	0.455438	2.03028	0.224322
70	2	0.495681	0.946351	1.43003	0.66177	0.5593	0.929946	2.00512	0.463786
70	3	0.245195	0.32856	1.54328	0.212897	0.268734	0.425801	1.72351	0.247055
70	4	0.0282507	0.00240123	1.33552	0.00179798	0.110391	0.0412088	1.61406	0.0255312
70	5	0.290549	0.390635	1.28558	0.30386	-0.354911	-0.455019	1.71847	-0.264781
70	6	-0.315342	-0.64506	1.41094	-0.457184	0.036451	-0.815959	3.43127	-0.237801
70	7	0.34185	0.74376	2.09521	0.354981	0.600101	0.858405	4.56559	0.188016
70	8	-0.117038	-0.124193	1.78496	-0.0695774	-0.233282	-0.598003	1.31023	-0.45641
70	9	-0.0193392	0.0338913	0.990672	0.0342104	0.043731	-0.136214	0.641688	-0.212275
71	0	0.144268	0.225165	0.796426	0.28272	0.0798061	0.210617	0.796426	0.264452
71	1	-0.161643	-0.178197	0.854564	-0.208523	-0.123916	-0.281469	0.59713	-0.471369
71	2	0.479695	0.420821	1.05754	0.397926	0.712189	0.804877	1.40656	0.57223
71	3	0.401076	0.775394	1.32876	0.583546	0.298733	0.656653	1.10774	0.592785
71	4	0.320483	0.418181	0.926374	0.451417	0.047629	0.345344	0.77331	0.446578
71	5	0.00465308	0.215022	0.867623	0.247829	0.240776	0.16535	1.03159	0.160287
71	6	0.468681	0.356601	0.98044	0.363715	0.487285	0.372754	0.904683	0.412028
71	7	0.237883	0.158161	0.806088	0.196208	0.248642	0.197138	0.741925	0.265712
71	8	0.0735363	0.161977	1.45379	0.111417	-0.0122107	0.0159125	1.48974	0.0106813
71	9	0.0604821	0.186103	1.09924	0.169302	0.0452346	0.231598	1.53234	0.151141
72	0	0.0946934	0.199217	1.23837	0.160871	0.0698553	0.0899846	1.23837	0.0726637
72	1	0.36186	0.490004	0.976128	0.501987	0.553574	0.867474	0.944612	0.918338
72	2	0.402071	0.59588	0.968067	0.615536	0.379004	0.638798	1.06937	0.597362
72	3	0.128786	0.30635	0.950038	0.322461	-0.0740807	-0.233356	1.23873	-0.188382
72	4	0.039439	0.227966	0.905546	0.251744	0.0788406	0.165733	1.18339	0.140049
72	5	0.30284	0.320859	1.27959	0.250751	0.577075	0.398391	1.77235	0.224781
72	6	0.620138	0.475901	1.53813	0.309402	0.0234918	0.0873293	2.17635	0.0401265
72	7	-0.478186	-0.722031	0.924164	-0.78128	0.0740693	0.195713	1.02065	0.191754
72	8	0.314942	0.491801	0.863186	0.569751	0.0791149	0.0995096	0.825765	0.120506
72	9	-0.0388555	0.149083	1.03941	0.14343	0.152077	0.196776	0.867166	0.226919
73	0	0.237587	0.380953	0.99165	0.384161	0.276693	0.329545	0.99165	0.33232
73	1	0.267441	0.18629	0.87645	0.212551	0.484618	0.478343	0.872155	0.548461
73	2	0.36312	0.58282	0.976343	0.596942	0.183215	0.110379	1.10631	0.0997722
73	3	0.267596	0.363263	1.15543	0.314397	-0.1464	-0.0143462	1.20666	-0.0118892
73	4	0.168918	0.268902	1.00063	0.268733	0.572563	0.745144	1.13365	0.657298
73	5	0.147076	0.71652	1.28013	0.559725	-0.366434	-0.0968694	1.70565	-0.0567931
73	6	-0.569159	-1.01352	1.27489	-0.794989	0.0415783	0.0944556	1.29672	0.0728418
73	7	0.18307	0.431676	1.19184	0.362193	-0.118287	0.0293389	2.13879	0.0137175
73	8	0.136377	0.313028	1.23169	0.254145	0.141648	0.360123	0.92887	0.3877
73	9	-0.213288	-0.0969156	1.24648	-0.0777516	0.138177	0.0551145	0.865143	0.0637057
74	0	0.0192917	0.069138	1.52964	0.0451989	-0.105896	-0.0237637	1.52964	-0.0155355
74	1	0.396448	0.662296	1.16068	0.570612	0.482452	0.844991	1.39729	0.604734
74	2	-0.266362	-0.246795	1.36335	-0.181022	-0.288507	-0.242473	1.25124	-0.193786
74	3	0.0257276	-0.00174915	1.03189	-0.00169508	0.158434	0.315574	1.14163	0.276425
74	4	0.265595	0.60411	0.928275	0.650787	0.224886	0.373369	1.13082	0.330176
74	5	0.0955685	-0.0916346	1.04603	-0.0876026	0.0299577	-0.166114	1.57786	-0.105278
74	6	-0.0420007	0.177801	1.17602	0.151188	0.37532	0.0187037	1.03129	0.0181363
74	7	0.606291	0.595606	0.858159	0.694051	0.218814	0.501262	1.1301	0.443554
74	8	0.218914	0.436661	0.981086	0.445079	0.271487	0.245023	0.97288	0.251853
74	9	-0.0849336	-0.141135	0.851395	-0.165769	0.017555	-0.333018	0.647885	-0.514008
75	0	0.203575	0.254712	1.27498	0.199778	0.504721	0.522123	1.27498	0.409516
75	1	0.6656	0.73674	1.23287	0.597581	0.561768	0.597898	1.06651	0.56061
75	2	0.27901	0.437863	1.04968	0.417141	0.0327631	0.266992	1.05869	0.252191
75	3	-0.0655911	-0.0551443	1.0797	-0.0510737	0.0980908	-0.0479466	1.16277	-0.041235
75	4	0.22653	0.431224	1.01623	0.424335	0.144163	0.303193	0.888966	0.341062
75	5	0.0946651	0.163165	0.690232	0.236392	-0.0951516	-0.151111	0.982749	-0.153764
75	6	-0.374094	-0.430597	1.12239	-0.383644	0.601129	0.113766	1.13052	0.100632
75	7	0.678575	0.432773	0.981303	0.441019	-0.0574048	-0.492494	0.847821	-0.580895
75	8	0.130383	0.2994	0.988044	0.303023	-0.0707216	0.202052	1.25257	0.16131
75	9	-0.147411	-0.201304	0.991919	-0.202944	0.0696581	-0.025155	0.925678	-0.0271746
76	0	0.0891641	0.139762	0.749178	0.186554	0.281521	0.262728	0.749178	0.350689
76	1	0.124195	0.216809	0.829178	0.261475	0.0667442	-0.111478	0.827867	-0.134657
76	2	0.159456	0.0342473	0.955489	0.0358427	0.146128	0.121903	0.984391	0.123835
76	3	0.159109	0.328414	0.927667	0.354021	0.0889788	0.0400773	1.19921	0.0334198
76	4	0.0360026	0.232241	1.0438	0.222496	0.0666535	-0.0502568	0.836334	-0.0600918
76	5	0.161261	0.341592	0.943172	0.362174	-0.069567	-0.233285	1.26376	-0.184596
76	6	-0.11438	-0.431567	1.13406	-0.380552	0.131743	-0.168495	0.792391	-0.212641
76	7	0.297302	0.365022	0.892205	0.409123	0.28672	0.443175	1.45227	0.30516
76	8	0.00467394	0.0101146	0.958562	0.0105518	-0.179445	-0.0864698	0.559938	-0.154427
76	9	0.00943112	-0.0665466	0.94778	-0.0702131	0.256938	0.217281	0.744206	0.291964
77	0	-0.0823019	-0.178704	0.935724	-0.19098	-0.0573129	-0.343471	0.935724	-0.367064
77	1	0.556605	0.776908	0.93035	0.835071	0.709813	0.898721	1.28107	0.701538
77	2	0.592123	0.866201	1.28025	0.676585	0.584252	0.796465	1.17279	0.679122
77	3	0.461487	0.46671	0.989662	0.471585	0.151422	0.387677	0.9709	0.399297
77	4	0.206454	0.582351	1.1814	0.492934	0.146126	0.268771	1.20458	0.223124
77	5	0.0394194	0.174057	1.02363	0.17004	0.152794	0.245727	1.31036	0.187527
77	6	-0.173371	-0.299146	0.954201	-0.313504	0.116453	0.0615863	0.852066	0.0722788
77	7	0.250245	0.29866	0.983012	0.303822	0.176408	0.122027	0.283996	0.429678
77	8	0.161359	0.286871	0.73149	0.392174	0.107716	0.190154	0.840595	0.226214
77	9	0.0635818	-0.0709029	0.835523	-0.0848605	-0.0500896	-0.202831	0.670136	-0.302671
78	0	0.222901	0.362372	0.719923	0.503349	0.29889	0.363123	0.719923	0.504391
78	1	0.110272	0.106412	0.791079	0.134515	0.0184214	0.0184646	0.885655	0.0208486
78	2	0.070348	0.253233	0.864376	0.292966	0.108972	0.488475	0.988331	0.494242
78	3	0.109775	0.258719	0.939005	0.275524	0.0966932	0.213471	0.892335	0.239227
78	4	0.235224	0.305261	0.974299	0.313314	0.229746	0.363567	0.728173	0.499286
78	5	-0.0486144	0.230292	0.979831	0.235033	-0.257027	-0.120757	1.44474	-0.0835839
78	6	-0.0450672	-0.168973	1.10342	-0.153136	-0.00962046	-0.280875	0.91225	-0.307892
78	7	0.353254	0.520697	1.16822	0.445717	0.632754	0.734502	1.25539	0.585078
78	8	0.283937	0.364803	0.975703	0.373887	-0.0243142	0.177423	0.657826	0.269711
78	9	-0.0357723	0.0481096	1.0713	0.0449078	0.102701	0.347059	1.57761	0.219989
79	0	0.048371	0.0203857	0.866447	0.0235279	0.168223	0.0812282	0.866447	0.0937487
79	1	0.145865	0.211301	1.02805	0.205536	0.0038218	-0.0897804	0.852717	-0.105287
79	2	0.0768209	0.0436445	0.971348	0.0449319	0.304006	0.283799	0.685455	0.41403
79	3	0.116003	0.0563532	0.83014	0.067884	0.0659734	-0.109625	0.930325	-0.117835
79	4	0.174324	0.152187	1.00733	0.15108	0.153062	-0.0834091	0.7764	-0.107431
79	5	0.156742	0.265377	0.90224	0.294132	-0.124463	-0.306477	0.538631	-0.568992
79	6	-0.216896	-0.425461	0.793256	-0.536348	-0.24048	-0.135568	1.0027	-0.135204
79	7	-0.0859746	-0.102213	0.994717	-0.102756	0.222333	0.012196	1.49702	0.0081469
79	8	0.383402	0.75041	1.19478	0.628073	0.294297	0.506423	0.823993	0.614596
79	9	0.13671	0.302861	0.765589	0.395593	0.0638876	0.141935	0.651477	0.217866
80	0	0.097532	0.239325	1.11256	0.215112	0.136028	0.23468	1.11256	0.210937
80	1	0.174407	0.26932	0.933789	0.288416	0.39614	0.306191	1.01353	0.302102
80	2	0.127238	0.00599644	0.999432	0.00599985	-0.225912	-0.195032	0.83702	-0.233008
80	3	0.0961578	0.359291	0.786147	0.457027	0.357557	0.351679	1.01414	0.346774
80	4	0.18975	0.188239	0.745006	0.252668	0.221592	0.00787381	0.534529	0.0147304
80	5	0.364704	0.328127	0.60192	0.545134	0.239263	0.0727452	0.661142	0.11003
80	6	0.129568	0.0562855	1.02031	0.055165	-0.0599848	-0.508172	1.62395	-0.312924
80	7	0.27929	0.0380083	0.941131	0.0403857	0.585539	0.601589	1.33616	0.450236
80	8	0.18761	0.153753	1.12663	0.136471	0.0692824	-0.118027	1.12612	-0.104808
80	9	0.00111799	0.0735294	1.04102	0.070632	-0.0259929	0.134796	0.752379	0.179159
81	0	0.25452	0.398964	0.86922	0.458991	0.375726	0.553673	0.86922	0.636977
81	1	0.241615	0.471134	1.0063	0.468183	0.194432	0.446504	1.26439	0.353138
81	2	0.179056	0.395153	1.05862	0.373273	0.244035	0.244271	0.888816	0.274827
81	3	0.389724	0.272482	1.0334	0.263674	0.481649	0.4466	0.691585	0.645764
81	4	0.28963	0.419348	0.800698	0.523728	0.0879451	0.163339	0.581246	0.281016
81	5	0.0551182	0.229139	0.713964	0.320939	-0.149499	0.109384	1.12879	0.0969038
81	6	-0.0238047	0.245148	0.957148	0.256124	-0.147836	-0.317235	0.790962	-0.401075
81	7	0.242749	0.676484	0.996584	0.678803	0.83708	1.20564	1.58919	0.758652
81	8	0.397456	0.652036	1.15812	0.563013	0.128609	0.393386	1.89608	0.207474
81	9	0.174359	0.277515	1.35499	0.204809	0.423473	0.441268	1.31856	0.334658
82	0	0.430525	0.654557	1.16908	0.559892	0.535236	0.898438	1.16908	0.768502
82	1	0.0491894	0.300128	1.10782	0.270917	0.110952	0.201532	1.24125	0.162362
82	2	0.316026	0.300132	1.24308	0.241443	0.291964	0.286489	0.935128	0.306364
82	3	0.751081	0.951206	1.11529	0.85288	0.651971	0.933117	1.002	0.93125
82	4	0.0938224	-0.0292536	1.00162	-0.0292064	0.0940955	-0.0601828	0.732152	-0.0821999
82	5	0.195488	0.476628	0.745653	0.639209	-0.329866	-0.463811	1.1011	-0.421223
82	6	-0.652121	-0.865233	0.989868	-0.87409	-0.435683	-0.346837	1.25287	-0.276833
82	7	1.70181e-05	0.442642	1.24575	0.355322	0.431566	0.188185	1.195	0.157477
82	8	0.178967	0.112109	0.890489	0.125896	0.0792497	0.190938	0.780476	0.244643
82	9	0.279613	0.616329	0.790438	0.779731	0.393697	0.181792	0.860001	0.211385
83	0	-0.0823648	-0.0964173	1.28778	-0.0748712	0.0987132	0.194115	1.28778	0.150736
83	1	0.3358	0.50289	1.24949	0.402475	0.350722	0.276986	1.00451	0.275744
83	2	0.219124	0.340038	1.07917	0.315092	-0.0281824	0.306592	0.868173	0.353147
83	3	-0.0845577	-0.0274152	0.942866	-0.0290765	-0.0460317	-0.0359948	0.954907	-0.0376945
83	4	0.126849	0.269601	0.96444	0.279542	0.224385	0.146899	1.10754	0.132635
83	5	0.0851555	-0.015564	1.01761	-0.0152947	0.191472	-0.186118	0.79888	-0.232974
83	6	0.0544874	0.323504	1.10173	0.293633	-0.296316	-0.321615	0.791567	-0.406302
83	7	-0.158631	-0.326696	0.754455	-0.433022	-0.015889	-0.139413	0.334107	-0.417271
83	8	0.103269	0.257025	0.694242	0.370224	0.262619	0.196137	0.656245	0.298877
83	9	-0.0256029	-0.140199	1.08679	-0.129003	0.00387317	-0.170356	1.08913	-0.156415
84	0	0.0694806	0.158876	0.969173	0.16393	0.417023	0.393153	0.969173	0.405658
84	1	0.393298	0.573078	1.10682	0.517771	0.210188	0.254374	1.0597	0.240044
84	2	0.270181	0.492124	1.00536	0.489502	0.0411658	0.166386	0.894398	0.186031
84	3	0.0999958	0.139138	0.858078	0.162151	0.113601	0.237935	0.84502	0.281574
84	4	0.0239998	-0.0320178	0.745372	-0.0429555	-0.0983444	-0.148681	0.763309	-0.194785
84	5	-0.0848219	-0.187615	0.791125	-0.23715	0.324907	-0.108913	1.0274	-0.106008
84	6	0.5211	0.768041	1.01981	0.753124	0.3324	0.359676	0.969119	0.371137
84	7	0.517296	0.150921	1.41004	0.107034	0.610416	0.426493	0.973515	0.438096
84	8	0.293723	0.692489	0.957231	0.72343	0.206734	0.905663	0.951118	0.95221
84	9	0.165925	0.369331	0.832145	0.44383	0.176739	0.348716	0.952131	0.366248
85	0	0.113219	0.177708	0.9612	0.184881	0.109786	0.131777	0.9612	0.137096
85	1	0.193692	0.395074	1.18964	0.332096	0.262158	0.170811	1.22327	0.139635
85	2	0.270147	0.421251	1.19499	0.352515	0.238447	0.539118	1.18265	0.455854
85	3	0.42099	0.591421	1.26217	0.468575	0.52714	0.678489	1.51255	0.448572
85	4	0.189602	0.286265	1.08314	0.264292	-0.152099	-0.29699	0.789653	-0.376102
85	5	-0.0301295	-0.22893	1.00218	-0.228431	-0.352165	-0.212714	0.77967	-0.272826
85	6	-0.111607	0.216079	0.978088	0.22092	0.0280148	0.0729173	1.69837	0.0429338
85	7	0.0645775	0.471624	1.01575	0.464311	0.592419	0.660134	1.49234	0.442347
85	8	0.336613	0.170751	0.772912	0.220919	0.120724	0.208334	0.494823	0.421028
85	9	0.0972401	0.242389	0.879849	0.275489	0.169348	0.386892	1.01635	0.380668
86	0	0.0460656	0.0833214	1.05992	0.078611	0.416316	0.279071	1.05992	0.263294
86	1	0.401525	0.586683	1.08981	0.538338	0.0585253	0.210343	1.16349	0.180786
86	2	0.0724773	0.212057	1.07496	0.19727	0.196055	-0.0341306	1.15202	-0.0296267
86	3	0.433975	0.614617	0.921343	0.667088	0.504603	0.455806	0.674086	0.676185
86	4	0.31982	0.660214	0.864686	0.763531	0.0363079	0.176367	0.882096	0.199941
86	5	-0.0327239	0.371947	0.871723	0.42668	-0.400677	-0.0785045	1.72722	-0.0454514
86	6	0.291781	-0.175081	1.36255	-0.128496	0.912829	0.591795	0.832132	0.71118
86	7	0.345107	0.38038	0.854338	0.445234	0.227525	0.152152	0.737409	0.206333
86	8	0.307609	0.30317	0.644185	0.470626	0.461095	0.359825	0.894295	0.402356
86	9	0.286495	0.360883	1.43498	0.25149	-0.185284	-0.248847	1.85384	-0.134233
87	0	0.0144566	-0.0441774	0.933233	-0.047338	0.280932	0.193283	0.933233	0.207111
87	1	0.432354	0.38983	0.969565	0.402067	0.228466	0.196809	1.01843	0.193246
87	2	0.463387	0.730757	1.0803	0.676437	0.687514	0.776182	1.48924	0.521194
87	3	0.40568	0.294052	1.1688	0.251584	0.0922787	-0.0677442	0.922553	-0.0734312
87	4	0.212869	0.0176951	1.18027	0.0149924	0.0346606	-0.0328667	1.08433	-0.0303105
87	5	-0.193028	-0.123578	0.9862	-0.125307	-0.282817	-0.582559	1.28817	-0.452238
87	6	0.0515995	0.271252	1.42419	0.19046	0.324268	0.435253	2.75734	0.157852
87	7	-0.766637	-0.817426	2.14255	-0.381519	-0.539177	-0.73188	3.44347	-0.212541
87	8	0.530482	0.569742	1.52712	0.373083	0.416624	0.522521	1.27187	0.410828
87	9	-0.103022	0.0655067	1.0522	0.062257	-0.306878	-0.0764069	0.754354	-0.101288
88	0	0.31449	0.469537	0.892943	0.525831	0.600517	0.802775	0.892943	0.899021
88	1	0.266629	0.296839	1.06652	0.278325	0.12157	-0.151215	1.09716	-0.137823
88	2	0.228458	0.405735	1.25093	0.324347	0.224262	0.225497	1.19708	0.188372
88	3	0.344014	0.364033	1.00091	0.363703	0.299714	0.254447	0.766501	0.331959
88	4	0.277023	0.349813	0.890025	0.393037	0.234222	0.0617435	0.758878	0.0813616
88	5	-0.046917	-0.209888	0.896436	-0.234136	-0.591337	-0.827906	1.11256	-0.744148
88	6	-0.117083	-0.0372153	0.880714	-0.0422559	0.327889	-0.0486597	1.03618	-0.0469607
88	7	0.240547	0.529298	1.10126	0.480631	0.483975	0.8117	0.961085	0.844566
88	8	0.44039	0.47261	0.78457	0.602382	0.213655	0.118393	0.641734	0.184489
88	9	0.0541716	0.0700592	0.711139	0.0985169	0.240391	0.339581	0.824746	0.41174
89	0	-0.117441	-0.0817349	1.06935	-0.0764341	0.00925038	0.0969375	1.06935	0.0906508
89	1	0.248081	0.38228	0.979576	0.39025	0.187461	0.3478	0.875645	0.397193
89	2	0.181558	0.360809	0.802481	0.449617	0.180632	0.173922	0.603067	0.288395
89	3	0.631972	1.09105	1.14209	0.955316	0.591229	1.29319	1.60778	0.804331
89	4	0.13482	0.0678576	1.03011	0.0658743	0.154515	0.265234	0.894968	0.296362
89	5	0.358574	0.606964	1.01111	0.600297	0.169025	0.115792	1.17578	0.0984814
89	6	-0.227321	-0.240657	0.989486	-0.243215	-0.112684	-0.420801	1.37288	-0.30651
89	7	0.496273	0.731314	1.03556	0.706202	0.433889	0.658549	1.07761	0.61112
89	8	0.305121	0.26736	0.756312	0.353506	0.312465	0.489825	0.592449	0.82678
89	9	0.158237	0.120473	0.994731	0.121111	0.228167	-0.022273	0.757303	-0.0294109
90	0	0.439893	0.512614	0.687232	0.745911	0.658924	0.67932	0.687232	0.988487
90	1	0.564874	0.588933	1.0581	0.556596	0.438083	0.397629	0.985581	0.403446
90	2	0.32045	0.486001	0.832656	0.583675	0.372896	0.711347	0.870349	0.817312
90	3	0.578511	0.964219	0.963228	1.00103	0.551599	0.624769	1.01871	0.613295
90	4	0.245255	0.533653	1.1943	0.446834	0.191007	0.475898	0.991954	0.479758
90	5	0.255624	0.431014	1.00216	0.430084	-0.231323	0.110973	1.27295	0.087178
90	6	-0.597416	-0.602383	1.24725	-0.48297	0.201934	0.0645699	1.61279	0.040036
90	7	0.706683	0.5957	1.27136	0.468553	0.340128	0.11126	1.03746	0.107243
90	8	0.00171179	0.177466	1.07755	0.164694	0.111638	0.0608775	0.439832	0.138411
90	9	0.113336	0.115697	0.862269	0.134177	-0.115676	-0.113117	0.754787	-0.149866
91	0	-0.0134051	0.00527987	0.65259	0.00809064	0.0847799	0.0725312	0.65259	0.111144
91	1	0.393472	0.649229	0.937543	0.692478	0.334249	0.467736	0.686696	0.68114
91	2	0.144644	0.366736	0.876662	0.418332	0.031116	0.214876	0.912061	0.235594
91	3	-0.0982326	-0.108256	0.940172	-0.115145	0.0410306	0.0399564	1.10235	0.0362466
91	4	0.10837	0.191132	0.79004	0.241927	-0.00803058	-0.0383212	0.682884	-0.0561167
91	5	0.11426	-0.0599469	0.703944	-0.0851585	-0.0151833	-0.247951	1.02167	-0.242691
91	6	0.147519	0.613367	1.19325	0.514029	0.200696	0.333387	1.02242	0.326075
91	7	0.0518322	0.406527	0.90372	0.449837	0.342067	0.443394	1.11934	0.39612
91	8	0.269299	0.427671	0.841458	0.508249	0.0329429	0.511149	1.13982	0.448446
91	9	-0.0135078	0.260806	0.767732	0.33971	-0.0385886	0.0420048	0.662579	0.063396
92	0	-0.00282235	-0.0268891	1.00221	-0.0268297	0.318497	0.206337	1.00221	0.205882
92	1	0.574799	0.7212	1.09452	0.658921	0.428608	0.318077	1.14575	0.277614
92	2	0.291801	0.628958	0.959394	0.655578	0.188771	0.223863	0.717518	0.311996
92	3	0.154464	0.231934	0.79124	0.293127	0.166042	0.214881	0.97358	0.220712
92	4	0.11308	0.0587028	0.985236	0.0595825	0.0964145	-0.0729791	0.808555	-0.0902587
92	5	0.329254	0.308677	1.08931	0.28337	0.117831	0.118745	1.24293	0.095536
92	6	0.0790483	0.144705	1.21501	0.119098	0.208275	0.398553	1.01783	0.391571
92	7	-0.163373	0.0784231	0.775702	0.1011	0.0426992	-0.18263	0.71305	-0.256125
92	8	0.653395	0.859107	1.25958	0.682056	0.541813	0.858391	1.36124	0.630596
92	9	0.296584	0.41858	1.1557	0.362188	0.194437	0.368219	1.13511	0.32439
93	0	0.135017	0.221874	0.903812	0.245487	0.423562	0.350718	0.903812	0.388043
93	1	0.345417	0.438984	1.09851	0.399617	0.118446	0.125787	0.996208	0.126266
93	2	0.154981	0.228899	1.0399	0.220116	0.0815661	-0.0956134	0.848363	-0.112703
93	3	-0.0888713	-0.14783	0.898975	-0.164443	-0.0107237	0.0111322	0.889099	0.0125207
93	4	0.0514847	0.130471	0.839583	0.1554	0.0168385	0.0810274	1.0146	0.0798612
93	5	0.0255915	0.0267182	1.00329	0.0266305	0.0678749	-0.20873	1.02287	-0.204063
93	6	0.246635	0.00656967	0.848559	0.00774214	0.110157	-0.0213175	0.347159	-0.0614056
93	7	-0.0161346	-0.503183	0.794996	-0.632937	0.186729	-0.276002	0.751602	-0.367218
93	8	0.251345	0.424997	0.781261	0.543988	0.255821	0.191457	0.408655	0.468506
93	9	0.183778	0.260116	0.760163	0.342185	-0.0805089	-0.101973	0.664374	-0.153487
94	0	0.438208	0.700825	1.15081	0.608986	0.858464	1.18313	1.15081	1.02809
94	1	0.453435	0.46629	1.14311	0.407913	-0.00640402	0.00198003	1.00257	0.00197495
94	2	-0.104036	0.00027242	0.959501	0.000283918	-0.239503	-0.0700452	0.73695	-0.0950474
94	3	-0.288493	-0.371138	0.744224	-0.498691	-0.078102	-0.0664557	0.653595	-0.101677
94	4	0.213687	0.301289	1.02908	0.292776	0.249458	0.103525	1.31046	0.0789987
94	5	0.311306	0.0861236	1.0956	0.0786089	0.368108	0.696594	1.20367	0.578725
94	6	0.268948	0.732489	1.44201	0.507964	0.0410747	-0.096428	1.06846	-0.0902497
94	7	0.330339	0.66181	1.2342	0.536228	0.522887	0.556593	1.71236	0.325043
94	8	0.138473	0.20469	0.862832	0.23723	0.0279604	0.0876302	0.377247	0.232288
94	9	-0.0356103	0.130746	0.832028	0.157142	0.110922	0.0846404	0.716909	0.118063
95	0	0.219194	0.469005	1.00488	0.466728	0.327299	0.724501	1.00488	0.720982
95	1	0.306566	0.65309	0.996823	0.655172	0.333391	0.627162	1.47401	0.425481
95	2	0.173009	0.268237	1.10137	0.243548	0.0502586	0.192068	0.822058	0.233642
95	3	0.298393	0.47011	0.965273	0.487023	0.353654	0.488222	1.2285	0.397412
95	4	0.317424	0.660963	0.961063	0.687741	0.422185	0.735395	0.999618	0.735676
95	5	0.495444	0.642412	0.895588	0.717307	0.444107	0.866237	1.1416	0.758794
95	6	0.0570062	0.408691	1.05895	0.385942	0.0510322	-0.0112912	0.729238	-0.0154836
95	7	0.157872	0.0849136	0.602981	0.140823	0.137545	-0.0717118	0.473565	-0.15143
95	8	0.1114	0.254287	0.581452	0.437332	0.21533	0.233591	0.534416	0.437096
95	9	0.302102	0.495815	0.753888	0.657677	0.315379	0.395879	0.772966	0.512156
96	0	0.047709	0.0689576	0.966359	0.0713582	0.0641738	0.0323672	0.966359	0.033494
96	1	0.022021	0.0626855	0.799626	0.0783935	0.0564976	0.094609	0.782764	0.120865
96	2	-0.00473853	0.217099	1.04825	0.207106	-0.0103121	-0.0420816	0.939416	-0.0447955
96	3	0.2803	0.510033	0.992372	0.513953	0.317704	0.449756	1.15389	0.389774
96	4	0.136981	0.301432	1.36882	0.220213	0.0945513	0.145247	0.810321	0.179246
96	5	0.195745	0.299638	0.891073	0.336267	0.321717	0.242273	0.522858	0.463362
96	6	0.0507555	0.855187	0.680502	1.2567	0.028843	0.364541	0.915217	0.398311
96	7	0.522038	0.174062	0.79271	0.219578	0.405426	0.430659	0.458385	0.939514
96	8	0.0737784	0.179633	0.742182	0.242034	0.0555382	0.16865	0.976231	0.172756
96	9	0.229162	0.379237	0.984786	0.385096	0.291692	0.803583	0.872052	0.921484
97	0	0.0681608	0.056651	0.823604	0.0687843	0.30597	0.223093	0.823604	0.270874
97	1	0.406995	0.307057	0.803388	0.382202	0.449076	0.433849	0.784351	0.553131
97	2	0.418383	0.50442	1.04168	0.484236	0.24884	0.169621	0.760339	0.223086
97	3	0.367388	0.448481	0.94955	0.472309	0.465548	0.476563	1.23394	0.386213
97	4	0.414303	0.554677	1.21674	0.455872	0.31073	0.5566	0.944888	0.589064
97	5	0.0127966	0.201411	1.00046	0.201318	-0.316509	-0.268034	0.626079	-0.428116
97	6	0.12297	-0.0272919	0.861521	-0.0316788	0.394545	0.516136	0.606638	0.850815
97	7	0.277649	0.0139982	0.724506	0.019321	0.536701	0.215849	0.170789	1.26384
97	8	0.436172	0.45373	0.595794	0.761555	0.09938	0.3016	0.647136	0.466053
97	9	0.105811	0.352861	0.796757	0.442871	0.331119	0.226214	0.714511	0.316599
98	0	0.233625	0.497622	1.12612	0.441891	0.36514	0.795618	1.12612	0.706513
98	1	0.289574	0.472091	1.04605	0.451307	0.274373	0.418079	0.84665	0.493804
98	2	0.332342	0.717742	0.893622	0.803183	0.366965	0.536444	1.36741	0.392306
98	3	0.41764	0.649228	1.13636	0.571323	0.292103	0.435912	1.08879	0.400363
98	4	0.0590142	0.184063	0.897843	0.205006	0.0525232	-0.108354	1.02984	-0.105214
98	5	-0.0167719	-0.0467201	1.03105	-0.0453131	-0.360938	-0.507531	1.54196	-0.329147
98	6	-0.327397	-0.289863	1.16976	-0.247797	0.0318295	-0.0999464	1.07886	-0.0926404
98	7	-0.179066	0.0216298	1.00063	0.0216162	-0.531222	-0.209951	1.47115	-0.142712
98	8	-0.0329745	0.106304	0.984384	0.10799	0.291065	0.408353	1.33019	0.306989
98	9	0.135225	0.300136	1.31734	0.227834	0.45869	0.153929	1.07259	0.143512
99	0	0.0922347	0.10853	0.957178	0.113385	0.213691	0.125074	0.957178	0.130669
99	1	0.0158391	0.113777	1.18819	0.0957561	-0.0169806	0.153874	1.22744	0.125362
99	2	0.253679	0.355022	1.0831	0.327784	0.416871	0.0775757	0.829598	0.09351
99	3	0.477117	0.672437	0.921256	0.729914	0.373212	0.548865	1.1873	0.462281
99	4	0.134704	0.149116	1.04801	0.142285	0.193023	-0.189226	0.85964	-0.220122
99	5	0.38848	0.246787	0.800424	0.30832	0.0798335	0.0747497	1.04095	0.071809
99	6	0.185557	0.0544687	1.17334	0.046422	-0.112223	-0.109577	1.70875	-0.064127
99	7	-0.0793078	-0.23135	1.17246	-0.197321	0.427699	0.213793	0.552528	0.386935
99	8	0.142615	0.231534	0.916256	0.252695	0.158176	0.271587	1.17672	0.2308
99	9	0.391441	0.369279	0.968209	0.381404	0.254604	0.339657	0.571099	0.594743
100	0	-0.0748127	-0.109365	0.906466	-0.12065	0.161359	-0.0735157	0.906466	-0.0811014
100	1	0.324202	0.516049	1.04446	0.494084	0.230465	0.210987	0.8617	0.24485
100	2	0.289951	0.304793	0.913204	0.333762	0.276878	0.136318	0.797744	0.17088
100	3	0.192492	0.445576	0.869114	0.512679	0.0736037	0.156733	0.910176	0.172201
100	4	0.162094	0.225412	0.709943	0.317507	0.202963	0.223593	0.567137	0.394249
100	5	0.198084	0.458343	0.954056	0.480415	0.223269	0.168557	1.16037	0.145262
100	6	0.146077	-0.00184941	0.903434	-0.00204709	0.0914065	0.118503	1.10476	0.107266
100	7	0.194579	0.531673	1.17095	0.454051	0.140464	0.449917	1.53255	0.293573
100	8	0.0336976	0.254329	0.958928	0.265222	0.222688	0.25447	0.918477	0.277056
100	9	0.0562955	0.227838	0.862036	0.264303	0.123115	0.0439349	0.927832	0.0473522
