RUN	Year	DeltaBV	Sel	Var	Beta	DeltaBVRecruits	SelRecruits	VarRecruits	BetaRecruits
1	0	0	0.120201	0.956386	0.125682	0	0.182125	0.956386	0.190431
1	1	0	0.295832	0.925634	0.319599	0	-0.0598763	0.829766	-0.0721605
1	2	0	0.391849	1.11805	0.350476	0	0.322635	0.951841	0.338959
1	3	0	0.582557	1.00669	0.578685	0	0.433566	0.944331	0.459125
1	4	0	0.189299	0.956494	0.197909	0	0.297312	0.855601	0.347489
1	5	0	0.249098	0.836528	0.297776	0	0.065876	0.857808	0.0767957
1	6	0	0.0959816	1.04122	0.0921817	0	0.749428	1.16024	0.645926
1	7	0	0.114036	0.968484	0.117746	0	-0.412364	0.899736	-0.458316
1	8	0	0.456705	1.09468	0.417203	0	0.193891	0.841224	0.230487
1	9	0	0.632361	0.838736	0.753945	0	0.383111	0.782816	0.489401
2	0	0	-0.0991843	0.832	-0.119212	0	-0.30325	0.832	-0.364483
2	1	0	0.401167	0.917176	0.437394	0	0.310771	0.793513	0.391639
2	2	0	0.25673	0.878952	0.292087	0	0.645977	0.612742	1.05424
2	3	0	0.656496	0.855169	0.767679	0	0.482608	1.12973	0.42719
2	4	0	0.444376	1.09084	0.40737	0	0.454871	0.89274	0.509522
2	5	0	0.355974	0.993458	0.358318	0	0.375635	1.14362	0.328462
2	6	0	0.688109	1.37712	0.499674	0	0.505525	1.01671	0.497217
2	7	0	-0.478604	0.950253	-0.50366	0	0.0848365	0.218405	0.388436
2	8	0	0.507025	0.739953	0.685212	0	0.556479	0.769853	0.722838
2	9	0	0.477495	1.12099	0.42596	0	0.0188924	0.792232	0.0238471
3	0	0	0.115469	0.796355	0.144997	0	0.226006	0.796355	0.2838
3	1	0	0.104213	0.940008	0.110864	0	-0.17932	0.95026	-0.188706
3	2	0	0.0249579	0.925696	0.0269612	0	0.166533	0.778181	0.214003
3	3	0	0.41964	0.890588	0.471194	0	0.175955	0.910996	0.193146
3	4	0	0.283868	0.887343	0.319908	0	0.490433	0.805834	0.608603
3	5	0	0.151614	0.818339	0.18527	0	0.280773	0.403245	0.696285
3	6	0	0.11989	0.620431	0.193236	0	-0.0563669	0.42789	-0.131732
3	7	0	0.661865	0.984146	0.672528	0	0.79742	1.14671	0.695401
3	8	0	-0.0104407	0.863892	-0.0120857	0	-0.0070992	1.1255	-0.0063076
3	9	0	0.470294	0.9911	0.474517	0	0.506552	1.36875	0.370083
4	0	0	-0.150637	1.28215	-0.117488	0	-0.111754	1.28215	-0.0871616
4	1	0	0.164849	1.04526	0.157711	0	0.0291071	0.894239	0.0325496
4	2	0	0.268805	0.965154	0.27851	0	0.345367	1.05176	0.328371
4	3	0	0.622676	1.01692	0.612314	0	0.354595	1.2283	0.288688
4	4	0	0.0750008	0.931581	0.0805091	0	0.170169	0.828448	0.205406
4	5	0	0.202153	0.903711	0.223692	0	0.0142786	0.939799	0.0151932
4	6	0	0.520856	0.977176	0.533022	0	0.39602	1.31278	0.301665
4	7	0	1.34563	0.922971	1.45793	0	0.992733	1.20763	0.822049
4	8	0	0.588325	1.02623	0.57329	0	0.436741	0.632947	0.690011
4	9	0	0.87	1.07756	0.807379	0	0.664864	1.32902	0.500265
5	0	0	0.0940752	1.09853	0.0856373	0	0.0850093	1.09853	0.0773846
5	1	0	0.247126	0.984058	0.251129	0	0.429755	0.830932	0.517196
5	2	0	0.272502	0.859915	0.316894	0	-0.120534	1.07916	-0.111692
5	3	0	0.258055	1.01713	0.25371	0	0.166629	0.971622	0.171496
5	4	0	0.0618147	0.99202	0.062312	0	0.0954838	1.11776	0.085424
5	5	0	-0.117663	0.868254	-0.135516	0	-0.348731	1.1697	-0.298138
5	6	0	0.665097	1.27145	0.523099	0	0.614525	2.11079	0.291136
5	7	0	-0.0470446	1.10085	-0.0427349	0	-0.0226499	0.991013	-0.0228553
5	8	0	-0.14121	0.98299	-0.143654	0	-0.223281	0.730187	-0.305786
5	9	0	0.130324	0.788703	0.165238	0	0.293318	0.864552	0.339271
6	0	0	-0.0755518	0.907384	-0.0832633	0	-0.000840987	0.907384	-0.000926826
6	1	0	0.844072	0.843474	1.00071	0	0.710374	0.731072	0.971689
6	2	0	-0.011563	1.08254	-0.0106814	0	-0.198144	0.965183	-0.205291
6	3	0	-0.0555029	0.915662	-0.0606151	0	-0.00476493	0.500444	-0.00952141
6	4	0	0.00450028	0.661397	0.0068042	0	-0.119296	0.592842	-0.201227
6	5	0	0.0854098	0.9453	0.0903521	0	0.260823	0.857304	0.304237
6	6	0	0.510438	1.34003	0.380915	0	1.26213	2.17172	0.581166
6	7	0	-0.283654	1.2192	-0.232656	0	-0.503314	1.72915	-0.291076
6	8	0	0.175612	0.882033	0.199099	0	0.120417	0.525931	0.22896
6	9	0	-0.00962796	0.768297	-0.0125316	0	-0.0598887	0.760249	-0.0787751
7	0	0	-0.103461	1.27747	-0.0809885	0	-0.107288	1.27747	-0.0839847
7	1	0	0.77628	1.18114	0.65723	0	0.418608	1.23218	0.339731
7	2	0	-0.0302069	1.12775	-0.0267851	0	-0.0682778	1.0829	-0.0630508
7	3	0	-0.173664	1.20271	-0.144394	0	-0.395734	0.774977	-0.510639
7	4	0	-0.00708899	0.904508	-0.0078374	0	0.205972	0.956663	0.215303
7	5	0	0.321769	0.859823	0.374227	0	-0.108165	0.786237	-0.137574
7	6	0	-0.0669584	1.10571	-0.0605568	0	0.021435	1.84678	0.0116067
7	7	0	0.159276	1.09434	0.145545	0	0.320898	1.06476	0.301381
7	8	0	0.220858	0.920619	0.239901	0	0.225465	0.571097	0.394792
7	9	0	0.0150957	0.840154	0.0179677	0	-0.437116	0.687579	-0.635731
8	0	0	0.0626375	1.00179	0.0625255	0	0.113178	1.00179	0.112975
8	1	0	0.545824	1.02475	0.532644	0	0.567104	0.817524	0.693685
8	2	0	0.332427	0.971149	0.342303	0	0.419904	1.02516	0.409599
8	3	0	-0.0899703	1.06923	-0.0841451	0	0.246502	0.882555	0.279305
8	4	0	0.51815	1.00108	0.517588	0	0.698556	1.14649	0.609299
8	5	0	0.211912	0.984242	0.215305	0	0.016221	0.726634	0.0223235
8	6	0	0.663522	1.03067	0.64378	0	0.484373	1.14239	0.424002
8	7	0	0.140351	1.08941	0.128832	0	0.554404	1.15052	0.481872
8	8	0	0.30354	1.04811	0.289606	0	0.0299222	1.02096	0.0293079
8	9	0	0.342755	1.38707	0.247108	0	0.726227	1.47839	0.491228
9	0	0	0.24554	0.713754	0.344012	0	0.25653	0.713754	0.359409
9	1	0	0.296717	0.90218	0.328889	0	0.331527	0.844043	0.392784
9	2	0	0.554321	0.976248	0.567807	0	0.749282	1.21064	0.618915
9	3	0	1.13152	1.1625	0.973352	0	0.644548	0.817729	0.788218
9	4	0	-0.124711	0.96784	-0.128855	0	-0.065475	0.851525	-0.0768914
9	5	0	0.645239	0.921423	0.700264	0	0.0712098	0.831948	0.085594
9	6	0	-0.56515	1.17202	-0.482201	0	0.275146	0.56352	0.488263
9	7	0	0.367424	0.954939	0.384762	0	-0.221027	1.11099	-0.198946
9	8	0	0.772641	0.8465	0.912747	0	0.431952	0.780877	0.553163
9	9	0	1.10409	1.23761	0.892116	0	0.983631	1.54776	0.635519
10	0	0	0.0271015	1.00827	0.0268793	0	0.148754	1.00827	0.147535
10	1	0	0.628597	0.918981	0.684016	0	0.400947	0.835976	0.479615
10	2	0	0.343759	0.985873	0.348684	0	0.453082	0.954485	0.474688
10	3	0	0.392578	0.920274	0.426588	0	0.368093	0.694347	0.530128
10	4	0	0.228392	1.14051	0.200254	0	0.000763752	1.07905	0.000707798
10	5	0	-0.13812	0.966363	-0.142928	0	0.54643	0.717011	0.762094
10	6	0	0.177744	0.758966	0.234192	0	0.174954	0.964235	0.181443
10	7	0	0.717931	1.51988	0.47236	0	-0.174954	1.29238	-0.135374
10	8	0	0.848811	1.34143	0.632767	0	0.42498	0.948165	0.448213
10	9	0	0.0530602	1.05521	0.0502839	0	0.152903	1.42271	0.107474
11	0	0	0.159326	0.915513	0.174029	0	0.161532	0.915513	0.176439
11	1	0	0.601459	0.971836	0.618889	0	0.570588	0.890763	0.64056
11	2	0	0.22697	0.985645	0.230275	0	0.569341	0.797334	0.714055
11	3	0	0.319411	1.0952	0.291647	0	0.265369	1.44971	0.183049
11	4	0	0.729704	0.945549	0.771725	0	0.519839	0.953391	0.545252
11	5	0	0.0994138	1.00505	0.098914	0	0.283321	0.607107	0.466674
11	6	0	0.467917	1.31592	0.355581	0	0.0307955	1.31597	0.0234015
11	7	0	0.662285	0.816538	0.811089	0	0.279735	0.530344	0.52746
11	8	0	0.33452	1.04179	0.3211	0	0.108589	0.878885	0.123553
11	9	0	-0.0555316	1.13311	-0.049008	0	-0.11718	1.05492	-0.111079
12	0	0	0.272842	1.02133	0.267143	0	0.440654	1.02133	0.431451
12	1	0	0.770511	0.957523	0.804693	0	0.540114	0.702292	0.769074
12	2	0	0.0296493	0.93029	0.031871	0	-0.0169428	0.707704	-0.0239406
12	3	0	0.465411	0.928069	0.501484	0	0.134054	0.87713	0.152833
12	4	0	0.0942064	0.940893	0.100125	0	0.184216	0.780694	0.235965
12	5	0	0.0551546	1.04613	0.0527226	0	-0.100955	0.624034	-0.161778
12	6	0	-0.198252	0.649238	-0.305361	0	0.229113	0.691001	0.331567
12	7	0	0.839761	1.04089	0.806772	0	0.806825	1.36497	0.591094
12	8	0	0.237189	1.20801	0.196347	0	0.0869823	0.736661	0.118076
12	9	0	-0.0844032	0.852479	-0.0990091	0	-0.0723945	0.474702	-0.152505
13	0	0	0.268907	1.11237	0.241742	0	0.306231	1.11237	0.275295
13	1	0	0.166997	0.940763	0.177512	0	0.0174218	0.941787	0.0184987
13	2	0	0.380074	0.955651	0.397713	0	0.268046	1.03181	0.259783
13	3	0	0.465649	0.960391	0.484854	0	0.275429	1.1796	0.233495
13	4	0	0.418772	1.24007	0.3377	0	0.133359	1.633	0.0816649
13	5	0	0.337405	1.30325	0.258895	0	0.277467	1.05725	0.262442
13	6	0	-0.351235	1.19088	-0.294937	0	-0.23831	2.34098	-0.101799
13	7	0	0.250755	1.18638	0.211362	0	0.305217	0.557491	0.547483
13	8	0	0.605314	0.896124	0.67548	0	0.486624	0.587679	0.828044
13	9	0	-0.310255	0.919431	-0.337442	0	-0.32394	1.07143	-0.302344
14	0	0	0.344253	0.747519	0.460527	0	0.384708	0.747519	0.514646
14	1	0	0.461423	0.820099	0.562643	0	0.178456	0.975417	0.182953
14	2	0	0.53976	0.939967	0.574233	0	0.470169	0.921364	0.510297
14	3	0	0.0215092	0.957315	0.0224682	0	-0.00958789	0.817917	-0.0117223
14	4	0	0.273512	1.02528	0.266769	0	0.115835	1.04326	0.111031
14	5	0	0.165578	1.04191	0.158918	0	-0.194382	1.39052	-0.139791
14	6	0	-0.307039	1.29289	-0.237483	0	-0.239671	0.624773	-0.383613
14	7	0	-0.0307199	0.855689	-0.0359008	0	-0.330815	0.712064	-0.464586
14	8	0	0.168054	0.932504	0.180218	0	0.261451	0.720193	0.363028
14	9	0	0.191555	0.798843	0.239791	0	0.183545	1.0208	0.179804
15	0	0	0.0665028	0.941408	0.0706418	0	0.0861105	0.941408	0.0914699
15	1	0	0.612165	1.01818	0.601234	0	0.13587	1.10829	0.122594
15	2	0	0.305637	1.16534	0.262273	0	0.587412	1.25256	0.468969
15	3	0	0.485832	0.945441	0.513869	0	0.135007	0.693335	0.194721
15	4	0	0.635825	1.03364	0.615134	0	0.411708	0.748973	0.549696
15	5	0	0.127286	0.963497	0.132109	0	-0.144683	0.669099	-0.216235
15	6	0	0.130035	0.799288	0.162689	0	0.279783	0.552128	0.506736
15	7	0	0.689698	0.862901	0.799279	0	0.469448	0.790892	0.593568
15	8	0	0.439877	0.825544	0.532832	0	0.0531962	0.910459	0.058428
15	9	0	0.104779	0.967055	0.108349	0	0.582872	1.16813	0.498977
16	0	0	0.0650271	0.941677	0.0690546	0	0.127543	0.941677	0.135443
16	1	0	0.557302	1.01904	0.546887	0	0.492647	1.16058	0.424483
16	2	0	0.010366	1.11249	0.00931776	0	-0.014311	1.4933	-0.00958348
16	3	0	0.403123	1.14247	0.352853	0	0.201299	1.04958	0.19179
16	4	0	-0.237823	0.997745	-0.238361	0	-0.168822	0.944663	-0.178711
16	5	0	0.0613934	0.976754	0.0628546	0	-0.0633571	0.644114	-0.0983632
16	6	0	0.460958	0.640022	0.720223	0	0.0424716	0.519346	0.0817791
16	7	0	0.0996019	0.756693	0.131628	0	-0.00465681	0.631135	-0.00737846
16	8	0	0.383474	0.80979	0.473548	0	0.576732	1.14752	0.502589
16	9	0	0.11248	1.20134	0.0936284	0	0.157519	1.15859	0.135958
17	0	0	0.637506	1.01878	0.625754	0	0.779454	1.01878	0.765086
17	1	0	-0.0846598	0.944659	-0.0896194	0	-0.167082	0.704645	-0.237115
17	2	0	0.273665	0.904227	0.302651	0	0.0298336	0.655795	0.0454922
17	3	0	0.258219	0.808004	0.319577	0	0.273469	0.731683	0.373753
17	4	0	0.275488	0.795486	0.346314	0	0.18666	0.986432	0.189227
17	5	0	0.0589052	0.884799	0.0665746	0	-0.129277	0.754266	-0.171395
17	6	0	0.664144	1.1738	0.565807	0	0.616368	1.37743	0.447478
17	7	0	0.064044	1.00717	0.0635882	0	-0.0618613	0.770888	-0.0802468
17	8	0	0.254906	0.903328	0.282185	0	-0.0116741	1.15262	-0.0101283
17	9	0	-0.0930238	1.04264	-0.089219	0	-0.383302	0.784945	-0.488317
18	0	0	0.317897	0.93612	0.33959	0	0.488593	0.93612	0.521934
18	1	0	0.270859	0.999593	0.270969	0	0.225771	1.02887	0.219436
18	2	0	0.920341	1.03374	0.890298	0	1.30417	0.998404	1.30625
18	3	0	0.59492	0.837321	0.710504	0	0.484923	0.494601	0.980433
18	4	0	0.38054	0.933837	0.407502	0	0.231876	0.591952	0.391713
18	5	0	0.396923	0.872991	0.45467	0	0.288345	0.705341	0.408802
18	6	0	0.123246	0.797197	0.154599	0	0.0209046	1.32329	0.0157974
18	7	0	0.28217	1.02731	0.274669	0	0.13139	0.18608	0.706094
18	8	0	0.318468	0.855086	0.372439	0	0.146269	0.640069	0.228521
18	9	0	0.656753	0.949854	0.691426	0	0.475308	0.909277	0.522732
19	0	0	-0.0825659	0.983329	-0.0839657	0	-0.207328	0.983329	-0.210843
19	1	0	0.16774	1.15289	0.145495	0	-0.0897129	0.940865	-0.0953514
19	2	0	0.0361543	0.96792	0.0373525	0	0.327758	1.05188	0.311592
19	3	0	-0.152105	1.04873	-0.145037	0	-0.153183	0.986908	-0.155215
19	4	0	0.438961	0.989172	0.443766	0	0.166319	0.901744	0.184442
19	5	0	0.230964	0.897306	0.257397	0	-0.180253	1.33061	-0.135467
19	6	0	-0.539176	1.15614	-0.46636	0	-0.403886	0.845226	-0.477844
19	7	0	-0.340795	1.05273	-0.323725	0	0.302871	1.88139	0.160983
19	8	0	0.399288	1.08492	0.368033	0	0.162567	0.636041	0.255592
19	9	0	-0.0371104	0.8808	-0.0421326	0	0.23431	1.19836	0.195525
20	0	0	0.406115	0.986618	0.411624	0	0.747781	0.986618	0.757924
20	1	0	0.410273	0.890395	0.460776	0	0.0849553	0.703549	0.120753
20	2	0	0.0853149	1.02315	0.0833848	0	-0.0502416	0.877697	-0.0572426
20	3	0	0.307433	0.890944	0.345064	0	0.145621	0.876479	0.166143
20	4	0	0.113129	1.10795	0.102107	0	0.142265	0.646606	0.220019
20	5	0	0.271253	0.880589	0.308035	0	0.286643	0.812899	0.352618
20	6	0	-0.033498	1.20097	-0.0278924	0	-0.33211	1.65617	-0.20053
20	7	0	0.12647	0.851653	0.1485	0	-0.326792	0.57146	-0.571855
20	8	0	0.549129	1.21646	0.451415	0	0.763031	1.12734	0.67684
20	9	0	0.0727152	1.14586	0.0634592	0	-0.198478	1.01894	-0.194788
21	0	0	0.37652	0.998081	0.377244	0	0.563908	0.998081	0.564992
21	1	0	0.552556	1.08164	0.510851	0	0.325731	1.19828	0.271832
21	2	0	0.468365	1.07323	0.436407	0	0.541427	1.13577	0.476705
21	3	0	-0.179061	1.01738	-0.176003	0	-0.12867	0.77027	-0.167046
21	4	0	0.296726	0.978965	0.303102	0	0.161692	0.894761	0.18071
21	5	0	0.128012	0.819008	0.156301	0	0.065326	1.05506	0.061917
21	6	0	0.00744144	0.816591	0.00911282	0	0.0472215	0.752447	0.0627572
21	7	0	0.096921	0.737462	0.131425	0	-0.00995628	0.930926	-0.010695
21	8	0	0.261962	0.823419	0.31814	0	0.104951	0.520992	0.201445
21	9	0	0.0948821	0.932495	0.101751	0	0.0138577	0.777058	0.0178335
22	0	0	0.432397	1.2436	0.347698	0	0.706348	1.2436	0.567988
22	1	0	0.350016	1.15697	0.302528	0	0.251531	0.992324	0.253477
22	2	0	0.283272	1.00303	0.282417	0	0.0879214	0.887204	0.0990994
22	3	0	0.384084	0.921461	0.41682	0	0.0536981	0.815576	0.0658406
22	4	0	0.343633	1.13659	0.302337	0	0.183	0.967369	0.189173
22	5	0	0.620271	0.977154	0.634772	0	0.5791	1.3184	0.439243
22	6	0	0.222526	1.05915	0.210099	0	0.504236	0.744799	0.67701
22	7	0	0.181796	0.695194	0.261504	0	0.309365	0.799388	0.387002
22	8	0	0.456454	0.689499	0.662009	0	0.290424	0.917269	0.316618
22	9	0	0.587946	1.01723	0.577987	0	0.427937	1.33121	0.321464
23	0	0	-0.106284	1.06366	-0.0999231	0	0.0797519	1.06366	0.0749787
23	1	0	0.515515	0.930734	0.55388	0	0.460342	0.708713	0.649547
23	2	0	0.157928	0.962767	0.164036	0	0.0676765	1.19043	0.0568507
23	3	0	0.586809	1.04792	0.559974	0	0.531097	1.03419	0.513538
23	4	0	0.119318	1.07954	0.110527	0	0.53379	1.11347	0.479395
23	5	0	0.0724671	0.865905	0.0836894	0	-0.302259	1.18088	-0.25596
23	6	0	0.0922307	0.86661	0.106427	0	-0.11147	0.42005	-0.265373
23	7	0	0.297484	1.1513	0.25839	0	0.508476	1.37786	0.369032
23	8	0	0.892307	1.10084	0.81057	0	0.59781	0.94641	0.631661
23	9	0	0.333794	0.933906	0.357417	0	0.13477	0.791991	0.170166
24	0	0	0.0743526	1.08482	0.068539	0	-0.0163281	1.08482	-0.0150514
24	1	0	0.0941714	1.03799	0.0907248	0	0.00290898	0.772985	0.00376331
24	2	0	0.270488	1.02158	0.264774	0	0.0733746	1.12725	0.0650918
24	3	0	0.182911	0.858259	0.213118	0	0.343282	0.946044	0.362861
24	4	0	0.0300669	0.915348	0.0328475	0	0.199837	1.01998	0.195923
24	5	0	0.376275	1.04316	0.360708	0	-0.0435013	1.00882	-0.043121
24	6	0	0.368086	1.2014	0.30638	0	1.17365	1.14197	1.02774
24	7	0	1.2602	1.34092	0.939805	0	1.18422	2.01209	0.588554
24	8	0	0.276798	1.16739	0.237109	0	0.175605	0.487319	0.360349
24	9	0	0.512134	0.937911	0.546037	0	0.388416	0.816103	0.475939
25	0	0	0.160148	1.14049	0.14042	0	0.395756	1.14049	0.347005
25	1	0	0.384428	1.02127	0.376422	0	0.377	1.15756	0.325685
25	2	0	0.612485	1.02007	0.600434	0	0.252464	0.94063	0.268399
25	3	0	-0.432959	0.905944	-0.477909	0	-0.131335	0.683438	-0.192168
25	4	0	0.376116	1.13943	0.330093	0	0.206404	1.38559	0.148965
25	5	0	-0.152785	1.15505	-0.132276	0	0.246664	0.872955	0.282562
25	6	0	0.0714255	0.820978	0.0870005	0	0.165229	0.337798	0.489134
25	7	0	0.106309	0.849019	0.125214	0	-0.206472	0.433023	-0.476815
25	8	0	0.506629	1.19466	0.424077	0	-0.00546173	0.653906	-0.00835247
25	9	0	0.361789	1.09734	0.329696	0	0.470014	1.32008	0.356051
26	0	0	-0.0161779	0.956751	-0.0169092	0	-0.0242479	0.956751	-0.025344
26	1	0	1.06723	0.977989	1.09125	0	1.01188	1.02375	0.988407
26	2	0	0.360242	0.971456	0.370827	0	0.364517	0.732517	0.497623
26	3	0	0.166678	0.804695	0.207132	0	-0.147175	0.705027	-0.208751
26	4	0	-0.0489123	1.03229	-0.0473825	0	0.231147	1.06137	0.217781
26	5	0	0.0316754	0.901739	0.0351271	0	0.189229	0.753096	0.251268
26	6	0	0.23722	0.965465	0.245705	0	-0.0445343	1.08377	-0.0410921
26	7	0	0.0817841	1.62147	0.0504381	0	-0.139838	1.56047	-0.089613
26	8	0	0.337975	1.18655	0.284838	0	0.158462	0.731437	0.216644
26	9	0	0.414842	0.868654	0.477569	0	0.346649	0.849036	0.408286
27	0	0	0.182147	0.994301	0.183191	0	0.239101	0.994301	0.240472
27	1	0	0.425945	1.19484	0.356488	0	-0.0794448	1.12868	-0.0703874
27	2	0	-0.176255	1.08948	-0.16178	0	-0.136582	1.12018	-0.121928
27	3	0	0.462438	0.938129	0.492937	0	0.39547	1.01978	0.387799
27	4	0	0.520956	0.999975	0.520969	0	0.440038	0.587882	0.748514
27	5	0	0.279721	0.888195	0.314932	0	0.248328	1.35226	0.183639
27	6	0	0.199891	1.1527	0.173411	0	0.159414	0.48305	0.330016
27	7	0	-0.662099	0.734817	-0.901039	0	-0.516892	0.529777	-0.975677
27	8	0	0.27984	1.06018	0.263955	0	-0.296043	0.783618	-0.37779
27	9	0	0.117079	0.956797	0.122366	0	0.151331	0.504365	0.300044
28	0	0	-0.0291715	1.01744	-0.0286715	0	0.0335111	1.01744	0.0329368
28	1	0	0.388071	1.09184	0.355428	0	0.230373	0.919828	0.250452
28	2	0	0.448333	1.01123	0.443353	0	0.232102	1.05732	0.219519
28	3	0	0.220693	0.934864	0.23607	0	0.0360741	0.564864	0.0638634
28	4	0	0.43713	0.806161	0.542236	0	0.364865	0.615262	0.593023
28	5	0	0.205538	0.920034	0.223403	0	0.520001	0.69219	0.75124
28	6	0	0.34785	0.676822	0.513945	0	0.341793	0.395801	0.863547
28	7	0	0.919623	0.918665	1.00104	0	0.975449	1.71889	0.567488
28	8	0	0.454317	1.05165	0.432003	0	0.572096	0.957474	0.597505
28	9	0	0.423556	0.882625	0.479882	0	0.263162	0.78144	0.336766
29	0	0	0.104234	0.91152	0.114351	0	0.264329	0.91152	0.289987
29	1	0	-0.188997	0.84241	-0.224353	0	-0.00384566	0.851783	-0.00451483
29	2	0	0.150012	0.812226	0.184693	0	0.307319	0.484532	0.634258
29	3	0	0.305251	0.80186	0.380679	0	0.119786	0.963439	0.124331
29	4	0	0.477321	1.10176	0.433234	0	0.306897	1.19829	0.256113
29	5	0	0.275535	1.10555	0.249229	0	0.554436	0.924136	0.599951
29	6	0	0.4602	0.984851	0.467279	0	-0.0404568	0.792404	-0.0510558
29	7	0	0.777291	1.17286	0.662732	0	0.696512	1.19038	0.585119
29	8	0	0.262334	0.964219	0.272068	0	0.149685	0.750247	0.199515
29	9	0	0.170146	0.912407	0.18648	0	0.00858429	0.736805	0.0116507
30	0	0	0.144012	0.756472	0.190373	0	0.202327	0.756472	0.267462
30	1	0	0.245741	0.916809	0.268039	0	-0.0168869	0.713899	-0.0236545
30	2	0	0.374181	0.938304	0.398784	0	0.609129	0.989182	0.615791
30	3	0	0.344498	1.02497	0.336107	0	-0.0943498	0.957712	-0.0985159
30	4	0	0.242819	1.12082	0.216645	0	0.167473	0.845591	0.198054
30	5	0	0.507528	1.08027	0.469815	0	0.440921	1.04081	0.423633
30	6	0	-0.0452777	0.94354	-0.047987	0	0.217612	0.428925	0.507343
30	7	0	0.974206	0.945624	1.03023	0	0.790235	0.853764	0.925589
30	8	0	0.254848	0.891592	0.285835	0	0.197251	1.04704	0.188389
30	9	0	0.0716275	1.13385	0.0631722	0	-0.453894	1.33399	-0.340252
31	0	0	0.18702	1.08226	0.172805	0	0.405729	1.08226	0.37489
31	1	0	0.299163	1.07919	0.277212	0	0.0286526	1.05784	0.027086
31	2	0	0.298919	1.1558	0.258626	0	0.306863	0.866631	0.354088
31	3	0	-0.169043	1.00998	-0.167372	0	-0.168317	0.622244	-0.2705
31	4	0	-0.246614	0.935906	-0.263503	0	-0.108763	0.987934	-0.110091
31	5	0	0.269964	1.00092	0.269717	0	0.024862	0.780952	0.0318355
31	6	0	0.37966	1.01916	0.372523	0	0.419912	0.883404	0.475334
31	7	0	0.0383403	0.761602	0.0503417	0	0.32192	0.270793	1.1888
31	8	0	0.125772	0.895755	0.140409	0	0.130826	1.21637	0.107555
31	9	0	0.405974	0.969724	0.418649	0	0.340569	0.666195	0.511215
32	0	0	0.346531	1.28322	0.270049	0	0.665996	1.28322	0.519005
32	1	0	0.447615	1.16746	0.383409	0	0.339816	0.928639	0.36593
32	2	0	0.233566	1.06003	0.220338	0	0.00249335	0.924435	0.00269716
32	3	0	-0.0984872	0.948865	-0.103795	0	-0.0090406	1.04397	-0.00865986
32	4	0	0.351846	1.08824	0.323315	0	0.359721	1.13888	0.315856
32	5	0	0.612172	1.02084	0.599675	0	0.383741	0.646616	0.593461
32	6	0	-0.244395	0.69234	-0.352998	0	-0.0167307	1.08809	-0.0153763
32	7	0	-0.148653	0.754659	-0.19698	0	-0.049381	0.896708	-0.0550692
32	8	0	0.546616	0.915826	0.596856	0	0.219993	0.953119	0.230814
32	9	0	0.36979	1.01754	0.363415	0	0.434525	0.818638	0.53079
33	0	0	0.564475	1.26262	0.447066	0	0.859538	1.26262	0.680756
33	1	0	1.02117	1.26398	0.8079	0	0.879488	1.35775	0.647756
33	2	0	1.26669	1.18177	1.07186	0	1.79924	1.41917	1.26781
33	3	0	0.239064	1.14638	0.208538	0	0.236877	1.18239	0.200338
33	4	0	0.724575	1.02842	0.704554	0	1.47813	1.34955	1.09528
33	5	0	0.858433	1.10823	0.7746	0	1.02874	1.35664	0.758301
33	6	0	0.712308	1.28509	0.554288	0	0.961416	1.69788	0.566243
33	7	0	-0.323518	1.49197	-0.21684	0	-0.868628	1.99976	-0.434367
33	8	0	0.161926	1.10064	0.147119	0	0.18026	0.957065	0.188347
33	9	0	0.11241	0.916075	0.122708	0	0.20226	0.908133	0.22272
34	0	0	0.0792635	0.93715	0.0845793	0	0.302538	0.93715	0.322828
34	1	0	0.724174	0.991074	0.730696	0	0.679088	1.26389	0.537301
34	2	0	0.0488419	1.03568	0.0471593	0	0.107912	0.5363	0.201215
34	3	0	0.0957278	0.887261	0.107891	0	-0.0797292	1.16561	-0.0684012
34	4	0	0.511038	1.06136	0.481491	0	0.316175	0.971255	0.325533
34	5	0	0.35514	1.18006	0.300951	0	0.599639	1.2559	0.477458
34	6	0	0.0331581	1.03421	0.0320612	0	-0.00577185	0.645511	-0.00894152
34	7	0	0.653004	1.15557	0.565092	0	0.340211	1.55168	0.219253
34	8	0	0.767978	1.20429	0.637701	0	0.598227	0.780745	0.766226
34	9	0	0.855537	1.15816	0.738703	0	0.60322	1.64236	0.367288
35	0	0	0.218978	1.08439	0.201936	0	0.15532	1.08439	0.143232
35	1	0	0.151055	1.16877	0.129243	0	0.537445	1.01299	0.530554
35	2	0	0.196761	0.87391	0.225151	0	0.0175877	0.888371	0.0197977
35	3	0	0.505293	0.813023	0.621498	0	0.466801	0.911635	0.512049
35	4	0	0.212436	0.92255	0.23027	0	0.202286	0.963878	0.209867
35	5	0	-0.0819238	0.829589	-0.0987523	0	0.109891	0.514217	0.213705
35	6	0	-0.576134	0.5484	-1.05057	0	-0.523375	0.665411	-0.786543
35	7	0	0.758377	0.804938	0.942155	0	0.344208	0.936813	0.367425
35	8	0	-0.259256	0.974999	-0.265903	0	-0.246572	0.914484	-0.26963
35	9	0	0.210319	1.01082	0.208069	0	0.22502	1.12167	0.200612
36	0	0	-0.0848565	1.1084	-0.076558	0	-0.0755001	1.1084	-0.0681166
36	1	0	0.713468	1.01565	0.702473	0	0.439556	1.25138	0.351256
36	2	0	0.549205	1.11592	0.492155	0	0.745963	1.16826	0.638525
36	3	0	0.501805	1.16096	0.432232	0	0.405247	1.39183	0.291161
36	4	0	0.411623	1.1051	0.372475	0	0.619445	1.04527	0.592614
36	5	0	0.396663	1.1865	0.334314	0	0.782288	1.19512	0.654571
36	6	0	1.15482	1.11107	1.03938	0	0.540782	0.952671	0.567648
36	7	0	-0.0112102	1.09883	-0.0102019	0	-0.406448	0.690876	-0.588309
36	8	0	0.0646869	1.14229	0.0566292	0	0.162412	1.10412	0.147096
36	9	0	0.478472	1.1911	0.401705	0	0.203846	1.75789	0.115961
37	0	0	-0.0665954	1.13979	-0.0584277	0	-0.0584831	1.13979	-0.0513103
37	1	0	0.172701	1.04971	0.164522	0	0.296998	0.876041	0.339022
37	2	0	0.503278	0.983008	0.511978	0	0.297974	1.07479	0.277239
37	3	0	-0.135985	0.931151	-0.146039	0	-0.174956	0.883448	-0.198037
37	4	0	0.418571	1.07408	0.389701	0	0.513678	1.09268	0.47011
37	5	0	-0.0398129	1.02562	-0.0388182	0	-0.358391	1.12842	-0.317605
37	6	0	0.957224	1.42554	0.671483	0	0.922412	2.06612	0.446446
37	7	0	0.0734815	1.02577	0.0716354	0	-0.175278	0.612974	-0.285947
37	8	0	0.233158	1.03682	0.224877	0	0.369017	1.10498	0.333959
37	9	0	0.58455	1.06499	0.548876	0	0.22438	0.59629	0.376294
38	0	0	0.161868	0.688132	0.235229	0	0.222866	0.688132	0.323872
38	1	0	0.127734	0.880785	0.145022	0	0.153998	1.21241	0.127019
38	2	0	0.352697	1.08174	0.326047	0	0.152653	1.13947	0.133969
38	3	0	0.41881	0.933267	0.448757	0	0.264323	0.779321	0.339171
38	4	0	0.21894	0.833587	0.262648	0	0.0354585	0.83321	0.0425565
38	5	0	-0.146442	1.04913	-0.139585	0	-0.600636	1.76343	-0.340606
38	6	0	0.428951	1.25096	0.342897	0	0.0200674	0.397657	0.0504641
38	7	0	0.35245	1.14676	0.307344	0	0.244189	0.235066	1.03881
38	8	0	0.111538	0.739299	0.15087	0	0.121461	0.770217	0.157697
38	9	0	-0.181854	0.995791	-0.182623	0	-0.0553159	1.55287	-0.0356217
39	0	0	-0.0579972	1.04817	-0.0553316	0	-0.0671931	1.04817	-0.0641049
39	1	0	-0.0787758	0.922613	-0.0853834	0	0.0700089	0.790353	0.0885792
39	2	0	0.235571	1.05841	0.22257	0	-0.0607956	0.828549	-0.073376
39	3	0	0.125911	0.919281	0.136967	0	-0.132193	0.524405	-0.252081
39	4	0	0.170542	0.736038	0.231703	0	0.267229	0.655496	0.407675
39	5	0	0.151201	0.747653	0.202234	0	0.526443	0.929816	0.56618
39	6	0	0.375486	0.999139	0.375809	0	0.38507	0.690564	0.557616
39	7	0	-0.354137	0.829065	-0.427152	0	-0.525349	0.757331	-0.693685
39	8	0	0.471941	0.934619	0.504955	0	0.401581	0.993601	0.404167
39	9	0	0.776668	1.1808	0.657749	0	0.808194	1.21317	0.666186
40	0	0	0.0910522	0.838247	0.108622	0	0.0997441	0.838247	0.118991
40	1	0	0.353543	0.972503	0.363539	0	0.368137	0.93122	0.395327
40	2	0	0.451272	0.935436	0.482419	0	0.36035	0.950035	0.379302
40	3	0	0.258436	0.878408	0.29421	0	0.155429	0.67727	0.229493
40	4	0	0.426929	0.965236	0.442305	0	0.12436	0.972263	0.127908
40	5	0	0.0419244	1.23221	0.0340239	0	0.579435	1.13476	0.510622
40	6	0	0.131749	1.04023	0.126654	0	-0.104608	0.66707	-0.156817
40	7	0	0.304151	0.729702	0.416815	0	0.527437	0.96461	0.546788
40	8	0	0.532363	0.790756	0.673232	0	0.597794	0.816412	0.732222
40	9	0	0.128675	0.892143	0.144231	0	-0.015221	0.83519	-0.0182246
41	0	0	-0.275809	0.880394	-0.313279	0	-0.406368	0.880394	-0.461576
41	1	0	0.505915	1.08421	0.466619	0	0.441464	1.05981	0.41655
41	2	0	-0.0318838	0.862491	-0.0369671	0	-0.214093	0.947951	-0.225848
41	3	0	0.251049	0.886756	0.283109	0	0.115205	1.23564	0.0932355
41	4	0	0.152931	0.962801	0.15884	0	0.07987	1.13742	0.0702201
41	5	0	-0.0583849	0.867359	-0.0673134	0	-0.381281	1.07423	-0.354935
41	6	0	0.32444	0.911961	0.355761	0	0.387009	1.55564	0.248778
41	7	0	0.814553	1.3743	0.592705	0	0.489942	0.969578	0.505315
41	8	0	0.195314	1.07009	0.18252	0	0.167374	0.655106	0.255491
41	9	0	0.645675	0.771181	0.837254	0	0.0815149	0.775117	0.105165
42	0	0	-0.0786725	0.978995	-0.0803606	0	0.0813765	0.978995	0.0831225
42	1	0	0.469857	1.09696	0.428326	0	-0.0676187	1.01511	-0.0666124
42	2	0	0.293459	1.13398	0.258786	0	0.261893	1.13046	0.23167
42	3	0	0.428838	0.915505	0.468417	0	0.380967	0.673184	0.565919
42	4	0	0.264409	0.945158	0.279751	0	0.517961	0.889015	0.582623
42	5	0	0.011523	0.84037	0.0137119	0	0.279975	0.596288	0.469529
42	6	0	0.22313	0.60523	0.36867	0	0.28896	0.857268	0.337071
42	7	0	0.444642	0.954384	0.465894	0	-0.41164	0.713053	-0.577293
42	8	0	-0.189566	1.06381	-0.178196	0	-0.117002	1.35634	-0.086263
42	9	0	0.258859	1.01525	0.254971	0	0.130653	0.608448	0.214732
43	0	0	-0.159548	0.849901	-0.187726	0	-0.403725	0.849901	-0.475026
43	1	0	0.0216875	0.8803	0.0246365	0	0.295258	0.796829	0.370542
43	2	0	0.141568	0.999918	0.141579	0	0.292218	0.780605	0.374349
43	3	0	0.267413	0.843818	0.316908	0	-0.0558316	1.05941	-0.0527006
43	4	0	0.0194412	0.999154	0.0194576	0	0.00582244	0.699315	0.00832592
43	5	0	0.260707	1.07395	0.242755	0	-0.443027	1.05043	-0.421759
43	6	0	0.0806094	0.854685	0.0943147	0	0.0993769	0.645769	0.153889
43	7	0	0.413533	0.758049	0.545523	0	0.374249	1.0283	0.36395
43	8	0	-0.134537	1.26973	-0.105958	0	-0.0814917	1.78059	-0.0457666
43	9	0	0.17296	1.16374	0.148623	0	0.232416	0.930093	0.249885
44	0	0	0.136714	0.975026	0.140216	0	0.169082	0.975026	0.173413
44	1	0	0.229099	1.11696	0.205109	0	0.0158835	1.00693	0.0157742
44	2	0	0.00339133	0.969696	0.00349732	0	-0.508872	1.09531	-0.464592
44	3	0	0.0152496	1.16023	0.0131436	0	0.217094	1.38214	0.157071
44	4	0	0.630339	0.9703	0.649633	0	0.207354	1.34866	0.153749
44	5	0	-0.0579022	1.1348	-0.0510242	0	-0.317268	1.33693	-0.237311
44	6	0	0.094035	1.22452	0.0767933	0	-0.177947	1.82406	-0.0975554
44	7	0	0.735696	1.03032	0.714048	0	0.809464	1.58216	0.511621
44	8	0	0.741351	1.25351	0.591422	0	0.513961	1.3808	0.372218
44	9	0	0.0805128	0.997797	0.0806905	0	0.121578	0.829653	0.146541
45	0	0	0.419407	1.11833	0.37503	0	0.611167	1.11833	0.5465
45	1	0	1.15413	1.2026	0.959693	0	1.07146	1.40706	0.761489
45	2	0	0.196007	0.902127	0.217272	0	-0.0384063	0.822126	-0.0467158
45	3	0	0.798398	0.949834	0.840566	0	0.524501	0.974588	0.538177
45	4	0	0.121528	0.931828	0.130419	0	0.151186	0.6537	0.231277
45	5	0	0.195991	0.925893	0.211678	0	-0.239019	0.834989	-0.286254
45	6	0	-0.238388	1.21672	-0.195928	0	0.0446025	1.17969	0.0378086
45	7	0	-0.227261	1.12572	-0.201881	0	-0.0443252	0.979349	-0.0452599
45	8	0	0.00211258	0.963772	0.00219199	0	0.312995	0.574203	0.545095
45	9	0	0.0471006	0.832116	0.0566034	0	0.184388	0.820704	0.22467
46	0	0	0.0986022	0.789349	0.124916	0	0.258551	0.789349	0.327549
46	1	0	0.439011	0.852038	0.515247	0	0.264877	0.872232	0.303678
46	2	0	0.449224	1.18437	0.379295	0	0.413869	1.41029	0.293464
46	3	0	-0.112704	0.957931	-0.117653	0	-0.11397	0.719855	-0.158324
46	4	0	0.194189	1.09174	0.177871	0	0.431097	1.08791	0.396262
46	5	0	0.417357	1.11116	0.375606	0	0.76061	0.918199	0.828371
46	6	0	0.692139	0.820046	0.844025	0	0.622573	0.907678	0.685896
46	7	0	-0.497145	0.920065	-0.540337	0	-0.274233	0.773876	-0.354362
46	8	0	0.343779	1.094	0.314241	0	0.0849692	0.867893	0.0979029
46	9	0	0.521573	0.924305	0.564287	0	0.597507	0.711719	0.839526
47	0	0	0.234802	0.886205	0.264952	0	0.376044	0.886205	0.42433
47	1	0	0.0863096	0.95672	0.090214	0	0.103363	0.952832	0.10848
47	2	0	0.0571522	1.00286	0.056989	0	-0.159907	0.906478	-0.176405
47	3	0	0.472796	0.906467	0.521581	0	0.385235	1.17886	0.326785
47	4	0	0.351431	0.987306	0.355949	0	0.219477	0.644564	0.340504
47	5	0	-0.0430795	0.820378	-0.0525117	0	0.17596	0.825028	0.213278
47	6	0	0.829133	0.973466	0.851733	0	0.0848681	0.749752	0.113195
47	7	0	-0.276166	0.953265	-0.289705	0	-0.202304	0.2497	-0.810189
47	8	0	-0.10349	0.844275	-0.122579	0	0.0241371	0.686153	0.0351774
47	9	0	0.529997	0.800125	0.662393	0	0.37637	0.842677	0.446636
48	0	0	0.0805774	1.11667	0.0721588	0	0.294109	1.11667	0.263381
48	1	0	0.326269	1.09016	0.299284	0	0.0954856	1.22779	0.0777704
48	2	0	0.542686	1.32894	0.40836	0	0.325962	0.890673	0.365973
48	3	0	-0.0294531	0.998113	-0.0295087	0	0.106422	1.22001	0.0872302
48	4	0	-0.0256418	0.957777	-0.0267722	0	-0.151746	0.844148	-0.179762
48	5	0	-0.0522038	0.845658	-0.0617316	0	0.037676	0.585202	0.0643812
48	6	0	0.436907	0.909416	0.480426	0	0.39516	0.768219	0.514384
48	7	0	0.619115	0.717633	0.862719	0	0.446379	1.1315	0.394501
48	8	0	-0.359556	1.19692	-0.300402	0	0.120257	1.648	0.0729714
48	9	0	0.250142	1.09248	0.228968	0	-0.305876	1.18272	-0.258622
49	0	0	0.242535	0.864181	0.280653	0	0.47491	0.864181	0.549549
49	1	0	0.0214287	0.890896	0.024053	0	-0.304402	0.734427	-0.414475
49	2	0	0.265749	1.02743	0.258653	0	0.154093	0.717345	0.21481
49	3	0	-0.289745	0.966822	-0.299688	0	-0.0200031	0.582675	-0.0343298
49	4	0	0.368812	0.792398	0.465438	0	0.355704	0.793768	0.448121
49	5	0	0.148306	0.82095	0.180651	0	-0.224422	0.95125	-0.235923
49	6	0	0.42956	1.03052	0.416836	0	0.539354	0.935733	0.576397
49	7	0	0.329531	1.10288	0.298791	0	0.51212	0.889202	0.575931
49	8	0	0.656818	1.07968	0.608347	0	0.459144	1.04282	0.440289
49	9	0	0.152968	0.922641	0.165793	0	0.0473263	0.682107	0.0693826
50	0	0	0.368963	0.665859	0.554116	0	0.471303	0.665859	0.707812
50	1	0	0.423408	0.828298	0.511178	0	0.397918	0.779637	0.510389
50	2	0	0.195242	0.983841	0.198448	0	0.0883415	0.901154	0.0980315
50	3	0	-0.0273996	0.995082	-0.027535	0	0.19288	1.05565	0.182711
50	4	0	0.295372	0.931538	0.31708	0	0.193273	0.738269	0.261792
50	5	0	0.36977	0.926245	0.399214	0	-0.167187	1.00327	-0.166642
50	6	0	0.15838	0.883124	0.17934	0	0.207629	0.442539	0.469176
50	7	0	0.145698	0.682628	0.213436	0	0.142138	0.801388	0.177365
50	8	0	0.610116	1.30636	0.467036	0	0.739237	1.7043	0.433749
50	9	0	0.805198	1.31518	0.612233	0	0.507273	1.33559	0.379812
51	0	0	0.659456	1.23744	0.532918	0	1.09043	1.23744	0.881198
51	1	0	0.447484	1.07479	0.416347	0	0.293157	0.821028	0.357061
51	2	0	0.273914	1.14183	0.239891	0	0.0680841	1.28502	0.0529829
51	3	0	-0.172739	1.11096	-0.155486	0	-0.2297	1.12485	-0.204204
51	4	0	0.307663	1.03138	0.298303	0	0.162085	0.864392	0.187514
51	5	0	0.310541	0.895969	0.346598	0	0.180498	0.605723	0.297987
51	6	0	0.110418	0.868373	0.127155	0	0.316846	1.28659	0.246269
51	7	0	0.730768	0.987881	0.739733	0	0.443524	0.540928	0.819931
51	8	0	0.248224	0.648116	0.382994	0	-0.0462916	0.597637	-0.0774577
51	9	0	0.231832	0.760009	0.305038	0	-0.0757743	0.821487	-0.0922404
52	0	0	0.217895	0.848459	0.256813	0	0.175266	0.848459	0.20657
52	1	0	0.0146085	0.902324	0.0161898	0	-0.0667682	0.965483	-0.0691552
52	2	0	0.0883042	0.894457	0.0987238	0	0.0752893	0.853595	0.0882026
52	3	0	0.0197038	0.792835	0.0248523	0	0.113859	0.739605	0.153946
52	4	0	0.165122	0.956044	0.172714	0	-0.119619	1.22235	-0.0978599
52	5	0	0.455987	1.13443	0.401951	0	0.00292124	0.93188	0.00313478
52	6	0	0.362658	1.05425	0.343996	0	0.201075	1.51486	0.132735
52	7	0	0.313848	1.32603	0.236682	0	0.155191	0.505958	0.306728
52	8	0	0.755373	1.24576	0.606357	0	0.100037	1.63115	0.0613295
52	9	0	0.16828	1.20284	0.139903	0	-0.0829662	1.24302	-0.0667457
53	0	0	0.190387	1.13935	0.167101	0	0.308953	1.13935	0.271166
53	1	0	0.193411	1.15029	0.168141	0	-0.308943	1.41296	-0.218649
53	2	0	-0.135204	1.13961	-0.118641	0	0.262676	0.988169	0.265821
53	3	0	0.764651	0.987344	0.774452	0	0.489045	1.0306	0.474522
53	4	0	0.523709	1.04493	0.501189	0	0.369009	1.19724	0.308216
53	5	0	0.240863	1.13096	0.212973	0	0.0882666	1.02712	0.0859359
53	6	0	0.266741	1.18905	0.224331	0	0.23804	0.78202	0.304391
53	7	0	-0.127645	1.16711	-0.109369	0	0.419143	0.900575	0.465418
53	8	0	0.626362	0.826672	0.75769	0	0.624605	0.958436	0.651692
53	9	0	0.104157	1.2297	0.0847013	0	0.00449253	1.23133	0.00364852
54	0	0	-0.0370469	0.993563	-0.0372869	0	-0.235372	0.993563	-0.236897
54	1	0	0.0916478	1.07548	0.0852156	0	0.190823	0.753485	0.253254
54	2	0	-0.187329	1.11296	-0.168316	0	-0.122102	0.596515	-0.204692
54	3	0	0.513591	0.873846	0.587736	0	0.674268	1.07797	0.625499
54	4	0	0.480967	1.10442	0.435492	0	0.116789	0.779036	0.149915
54	5	0	0.517934	1.08925	0.475495	0	-0.153895	1.48584	-0.103574
54	6	0	0.114466	1.04558	0.109476	0	0.29871	0.763511	0.391233
54	7	0	0.376877	0.717972	0.524919	0	0.371091	0.709095	0.523331
54	8	0	0.53896	0.816345	0.660212	0	0.176165	0.680454	0.258894
54	9	0	0.0298245	1.0178	0.0293029	0	-0.0134914	1.09543	-0.0123161
55	0	0	0.224202	0.755965	0.296577	0	0.177542	0.755965	0.234855
55	1	0	-0.221271	0.799479	-0.27677	0	-0.0835884	0.562999	-0.14847
55	2	0	0.232806	0.799297	0.291264	0	0.415025	0.692565	0.599258
55	3	0	0.649979	0.755101	0.860784	0	0.656749	0.899332	0.730263
55	4	0	0.518539	1.02456	0.506109	0	0.839805	1.07847	0.778701
55	5	0	0.640738	1.11454	0.57489	0	0.779068	1.22476	0.636098
55	6	0	0.138175	1.04188	0.13262	0	0.330295	0.707216	0.467035
55	7	0	0.0918157	1.18214	0.0776691	0	-0.0365584	1.66916	-0.0219023
55	8	0	0.905144	1.14652	0.789471	0	0.422049	0.669884	0.630034
55	9	0	0.349701	0.768849	0.454837	0	-0.132009	0.5789	-0.228034
56	0	0	0.361633	0.905494	0.399376	0	0.458957	0.905494	0.506858
56	1	0	0.551916	0.970828	0.568501	0	0.638446	1.05313	0.606236
56	2	0	-0.223253	0.970572	-0.230022	0	-0.165439	0.710839	-0.232738
56	3	0	-0.00538393	0.916647	-0.00587351	0	-0.119913	0.897255	-0.133644
56	4	0	-0.617831	1.03595	-0.59639	0	-0.35399	0.994581	-0.355919
56	5	0	0.367991	0.969397	0.379608	0	-0.0175354	1.08356	-0.0161831
56	6	0	-0.119995	1.10343	-0.108747	0	0.112449	1.47657	0.0761553
56	7	0	0.0548552	1.09524	0.0500851	0	0.324131	0.753012	0.430447
56	8	0	0.483331	1.04967	0.460462	0	-0.295259	0.959796	-0.307627
56	9	0	0.333519	0.914883	0.364549	0	0.325928	0.765044	0.426026
57	0	0	0.084174	0.80676	0.104336	0	0.0449176	0.80676	0.0556766
57	1	0	-0.0533054	0.836703	-0.0637089	0	-0.190496	0.809388	-0.235358
57	2	0	0.333886	0.887521	0.376201	0	0.322132	1.02176	0.315271
57	3	0	0.0441193	1.01291	0.0435569	0	-0.135223	0.698399	-0.193618
57	4	0	0.0826149	1.08938	0.0758365	0	-0.0772534	0.827479	-0.09336
57	5	0	0.425451	1.09545	0.388381	0	0.255861	0.939244	0.272412
57	6	0	0.407515	0.92263	0.441688	0	0.575254	0.732426	0.785409
57	7	0	0.384372	0.918117	0.418653	0	0.507643	0.739716	0.686267
57	8	0	0.190737	0.743237	0.25663	0	0.318482	0.788085	0.404121
57	9	0	0.194796	0.769593	0.253116	0	-0.0263247	0.690244	-0.0381382
58	0	0	0.490601	0.802511	0.611333	0	0.673174	0.802511	0.838835
58	1	0	0.813147	0.880234	0.923785	0	0.929955	0.928365	1.00171
58	2	0	0.132383	1.12237	0.117949	0	-0.354128	1.11591	-0.317343
58	3	0	0.0694614	1.15999	0.059881	0	0.411066	1.52113	0.270237
58	4	0	0.155192	1.10613	0.140302	0	0.0345232	1.26237	0.027348
58	5	0	0.790821	1.1146	0.709513	0	0.459866	1.0584	0.434491
58	6	0	0.46713	1.33586	0.349684	0	0.713733	1.22312	0.583533
58	7	0	-0.253656	1.47566	-0.171894	0	0.107027	0.864935	0.12374
58	8	0	-0.130017	0.763684	-0.17025	0	-0.186516	0.926461	-0.20132
58	9	0	0.193942	0.895648	0.216539	0	0.187601	0.822983	0.227953
59	0	0	0.117326	1.0522	0.111506	0	0.0629925	1.0522	0.0598673
59	1	0	0.479934	1.08625	0.441824	0	0.544543	0.947841	0.574509
59	2	0	0.0512581	1.01018	0.0507416	0	0.100142	1.35159	0.0740917
59	3	0	0.282127	1.2298	0.229408	0	0.0027228	1.14852	0.00237071
59	4	0	0.489216	1.01151	0.48365	0	0.28589	1.202	0.237846
59	5	0	0.303376	1.15392	0.262909	0	0.47557	1.205	0.394665
59	6	0	0.463834	1.09466	0.423726	0	0.27268	2.28422	0.119376
59	7	0	0.303006	1.15858	0.261533	0	0.342339	1.12637	0.303932
59	8	0	-0.0959701	1.3936	-0.0688648	0	-0.153487	1.66054	-0.0924324
59	9	0	0.150777	1.20141	0.1255	0	0.0299882	1.42853	0.0209923
60	0	0	0.268667	1.24913	0.215083	0	0.450884	1.24913	0.360959
60	1	0	0.563992	1.06271	0.530711	0	0.0674791	1.00853	0.0669083
60	2	0	0.194525	0.977708	0.19896	0	0.115079	1.13399	0.101481
60	3	0	0.185404	1.17204	0.158189	0	0.0714881	1.2097	0.0590959
60	4	0	0.701892	0.985765	0.712028	0	0.348185	1.27024	0.274109
60	5	0	0.281173	1.16972	0.240377	0	-0.0545549	1.10845	-0.0492171
60	6	0	0.332885	1.12787	0.295146	0	0.6193	1.12321	0.551363
60	7	0	0.108092	1.04979	0.102966	0	-0.212771	0.765451	-0.277968
60	8	0	0.847473	1.09985	0.770533	0	0.569508	1.32631	0.429394
60	9	0	0.162289	1.05153	0.154337	0	0.279057	1.12114	0.248906
61	0	0	0.153202	1.01736	0.150588	0	0.171518	1.01736	0.168591
61	1	0	0.550086	1.11288	0.494292	0	0.427134	0.770055	0.55468
61	2	0	0.331092	0.846425	0.391165	0	0.468692	0.99541	0.470853
61	3	0	0.0822458	0.885256	0.0929062	0	0.103941	0.796276	0.130533
61	4	0	0.485082	0.873854	0.555106	0	0.115398	0.851709	0.13549
61	5	0	0.110373	0.725396	0.152156	0	0.0586328	0.615447	0.0952686
61	6	0	0.292932	0.74491	0.393244	0	0.312177	0.782662	0.398865
61	7	0	0.0691176	0.83619	0.0826579	0	0.201611	1.53844	0.131049
61	8	0	0.353129	0.949729	0.371821	0	0.00778984	0.488813	0.0159362
61	9	0	0.480929	1.02804	0.467812	0	0.271205	0.84733	0.32007
62	0	0	0.304621	0.962006	0.316652	0	0.314783	0.962006	0.327216
62	1	0	0.275055	1.09753	0.250611	0	-0.0736931	1.11503	-0.0660905
62	2	0	0.315186	0.924474	0.340936	0	0.153429	0.685176	0.223926
62	3	0	0.459284	0.890074	0.516006	0	0.495465	1.37583	0.360121
62	4	0	0.277392	0.953797	0.290829	0	-0.275369	0.809993	-0.339965
62	5	0	0.555781	1.06217	0.52325	0	0.0963573	0.784997	0.122749
62	6	0	-0.571104	0.887354	-0.643603	0	-0.324964	0.925446	-0.351143
62	7	0	0.457453	1.11214	0.411328	0	0.518153	0.695258	0.745267
62	8	0	0.185864	0.858671	0.216455	0	-0.239737	0.825886	-0.290278
62	9	0	0.26581	0.868922	0.305908	0	0.366252	0.585798	0.625219
63	0	0	0.48465	1.0009	0.484214	0	0.6358	1.0009	0.635228
63	1	0	0.576535	1.04677	0.550774	0	0.630832	1.15739	0.545046
63	2	0	0.186792	0.962579	0.194054	0	0.0644151	0.54201	0.118845
63	3	0	0.216272	0.846289	0.255553	0	0.177325	0.591237	0.299921
63	4	0	0.13845	0.953092	0.145264	0	-0.047993	0.654078	-0.0733751
63	5	0	-0.0240375	1.01606	-0.0236575	0	-0.23703	1.13086	-0.209601
63	6	0	0.35604	0.834851	0.426471	0	0.291625	0.61497	0.474211
63	7	0	0.747893	0.77725	0.96223	0	0.500762	0.989715	0.505965
63	8	0	0.347679	1.0244	0.339399	0	0.226501	0.665534	0.340331
63	9	0	0.282644	1.08034	0.261626	0	0.299432	1.29167	0.231818
64	0	0	-0.105747	0.940585	-0.112427	0	-0.0927644	0.940585	-0.0986241
64	1	0	-0.214788	0.926857	-0.231738	0	-0.0892302	0.922997	-0.0966744
64	2	0	0.734624	1.03502	0.709767	0	0.204341	0.601303	0.33983
64	3	0	0.410863	1.1047	0.371923	0	0.599555	1.08262	0.553799
64	4	0	0.49546	1.11843	0.442998	0	0.597932	1.12648	0.530796
64	5	0	0.334692	1.08664	0.308007	0	0.196172	0.888037	0.220906
64	6	0	0.976013	1.13255	0.861784	0	0.457683	1.49133	0.306896
64	7	0	0.208563	1.03774	0.200977	0	0.477119	2.00991	0.237383
64	8	0	0.0125372	1.10452	0.0113508	0	3.88467e-05	0.692205	5.61203e-05
64	9	0	0.431912	1.09063	0.396022	0	0.379999	0.801775	0.473947
65	0	0	0.0898889	0.88295	0.101805	0	-0.0764679	0.88295	-0.0866051
65	1	0	0.459821	1.02663	0.447895	0	0.653867	0.871507	0.750272
65	2	0	0.327225	1.00114	0.326851	0	0.275107	1.05269	0.261337
65	3	0	0.20961	1.10868	0.189061	0	-0.194637	1.00417	-0.193828
65	4	0	0.305024	1.09525	0.278498	0	0.470872	1.15193	0.408768
65	5	0	0.185102	0.97254	0.190329	0	-0.196988	1.12511	-0.175084
65	6	0	0.445289	1.34064	0.332145	0	0.496568	1.64652	0.301586
65	7	0	0.621344	1.14224	0.543971	0	-0.212128	1.17916	-0.179897
65	8	0	-0.104589	1.15921	-0.0902241	0	0.369126	1.57688	0.234086
65	9	0	0.600338	1.26087	0.47613	0	0.0852231	0.883798	0.0964283
66	0	0	0.0744604	1.68357	0.0442277	0	0.211809	1.68357	0.12581
66	1	0	0.156022	1.14724	0.135997	0	0.0695626	0.959015	0.0725355
66	2	0	0.0545221	0.987308	0.055223	0	-0.056285	0.907249	-0.0620392
66	3	0	0.338639	0.902277	0.375316	0	0.0892079	0.735947	0.121215
66	4	0	0.191108	0.940093	0.203287	0	0.30603	0.816224	0.374934
66	5	0	0.24895	0.868389	0.286681	0	0.408264	0.564339	0.723438
66	6	0	0.386938	0.713559	0.542266	0	0.163488	0.535876	0.305086
66	7	0	0.842802	0.80663	1.04484	0	0.349172	0.501763	0.69589
66	8	0	0.668669	1.0873	0.614981	0	0.447376	0.930172	0.48096
66	9	0	0.575253	0.962565	0.597625	0	0.492081	1.02278	0.481122
67	0	0	0.0391255	1.099	0.0356009	0	0.0590051	1.099	0.0536897
67	1	0	0.339056	1.01222	0.334962	0	-0.0848613	0.79636	-0.106561
67	2	0	0.478059	0.938067	0.509622	0	0.499391	1.13848	0.438647
67	3	0	0.528554	1.08931	0.485219	0	0.306704	0.728169	0.4212
67	4	0	0.202208	0.997301	0.202756	0	0.421166	1.54073	0.273354
67	5	0	0.324816	1.37707	0.235875	0	0.374274	1.14511	0.326845
67	6	0	-0.299945	1.08187	-0.277248	0	0.0243233	1.04575	0.0232592
67	7	0	1.24833	0.904824	1.37964	0	1.19656	1.35275	0.884536
67	8	0	1.03773	1.11884	0.927499	0	0.633513	1.34849	0.469795
67	9	0	0.227996	1.02001	0.223524	0	0.126208	0.71482	0.176559
68	0	0	0.074672	1.18799	0.0628558	0	0.17092	1.18799	0.143873
68	1	0	0.154251	1.06661	0.144618	0	-0.122165	0.946394	-0.129084
68	2	0	0.593036	0.983291	0.603114	0	0.545962	0.929058	0.587651
68	3	0	0.0863941	0.875274	0.0987052	0	0.225593	1.10916	0.203391
68	4	0	0.0979975	0.825739	0.118679	0	0.172439	0.83845	0.205663
68	5	0	-0.0171182	0.949957	-0.01802	0	-0.0779541	1.00162	-0.0778282
68	6	0	0.442134	0.78938	0.560102	0	0.197095	0.761063	0.258974
68	7	0	0.161987	0.645901	0.250792	0	0.221857	1.16039	0.191192
68	8	0	0.998917	0.911247	1.09621	0	0.672251	1.16284	0.578109
68	9	0	0.261303	0.887371	0.294469	0	-0.0950509	0.85712	-0.110896
69	0	0	0.140936	1.25118	0.112642	0	0.393403	1.25118	0.314426
69	1	0	0.610015	1.11437	0.54741	0	0.267664	1.07008	0.250135
69	2	0	0.0312843	1.02214	0.0306066	0	0.120337	0.849369	0.141678
69	3	0	0.554001	0.920596	0.601785	0	0.131672	0.593801	0.221744
69	4	0	0.550257	1.00058	0.549938	0	0.305871	0.576453	0.530609
69	5	0	0.17748	0.73367	0.241908	0	0.36505	0.583949	0.62514
69	6	0	-0.000927884	0.905877	-0.00102429	0	0.0538236	0.895923	0.0600762
69	7	0	0.44871	0.761597	0.58917	0	0.149719	0.773927	0.193454
69	8	0	0.187551	0.803469	0.233426	0	-0.103298	0.932052	-0.110829
69	9	0	-0.144539	0.870669	-0.166009	0	0.119881	0.864846	0.138616
70	0	0	0.238835	1.1113	0.214916	0	0.339907	1.1113	0.305865
70	1	0	0.353556	1.01043	0.349908	0	0.383954	1.56871	0.244758
70	2	0	0.752087	1.36064	0.552744	0	0.750233	1.32148	0.567723
70	3	0	0.352777	1.07841	0.327128	0	0.168487	0.921006	0.182938
70	4	0	-0.105334	1.06531	-0.0988769	0	0.000155848	0.710353	0.000219395
70	5	0	0.211134	0.664494	0.317736	0	-0.15472	0.949571	-0.162937
70	6	0	-0.190053	0.769119	-0.247104	0	-0.500297	1.19351	-0.419183
70	7	0	0.47533	1.03787	0.457987	0	0.33367	1.8662	0.178797
70	8	0	-0.235561	1.10516	-0.213147	0	-0.364041	1.3342	-0.272853
70	9	0	0.454019	1.11021	0.408949	0	0.105839	0.936921	0.112965
71	0	0	0.171737	0.973155	0.176474	0	0.344394	0.973155	0.353894
71	1	0	0.0349021	1.1052	0.0315798	0	-0.0413803	1.12826	-0.0366763
71	2	0	0.582489	0.954557	0.610219	0	0.834485	1.00369	0.831413
71	3	0	0.468441	0.820218	0.571117	0	0.498363	0.722536	0.689741
71	4	0	0.38186	0.992834	0.384617	0	0.455085	1.24226	0.366336
71	5	0	0.618325	1.28921	0.479615	0	0.393231	1.1541	0.340726
71	6	0	0.149964	1.27448	0.117667	0	0.333684	0.706619	0.472227
71	7	0	0.432961	0.967374	0.447563	0	0.224085	1.23822	0.180973
71	8	0	0.107943	1.17676	0.0917289	0	-0.0648661	1.25325	-0.0517581
71	9	0	-0.224379	1.02385	-0.219151	0	0.119922	0.609945	0.196612
72	0	0	0.155643	0.996686	0.156161	0	-0.0360564	0.996686	-0.0361763
72	1	0	0.168912	0.903158	0.187024	0	0.512252	1.00337	0.51053
72	2	0	0.831597	0.933528	0.890812	0	0.617728	1.03716	0.595596
72	3	0	0.114387	1.13473	0.100805	0	0.0784684	1.85454	0.0423115
72	4	0	0.289742	1.05748	0.273994	0	0.315003	1.05298	0.299154
72	5	0	0.109455	1.21192	0.0903155	0	-0.0479136	1.20039	-0.0399151
72	6	0	-0.15209	1.04368	-0.145725	0	0.068548	0.751387	0.0912286
72	7	0	-0.719243	0.835958	-0.860381	0	-0.053108	0.22714	-0.233812
72	8	0	0.521909	0.95549	0.546221	0	0.224975	1.05358	0.213534
72	9	0	0.305874	1.03551	0.295385	0	0.425501	1.25336	0.339487
73	0	0	0.314324	0.85243	0.368738	0	0.355288	0.85243	0.416794
73	1	0	0.283706	1.01441	0.279676	0	0.332469	0.81279	0.409046
73	2	0	0.113578	0.904145	0.12562	0	-0.174987	0.782512	-0.223621
73	3	0	0.210955	0.982542	0.214703	0	0.285546	0.86157	0.331425
73	4	0	0.347517	0.921084	0.377291	0	0.376377	0.682526	0.551447
73	5	0	0.673875	0.965743	0.697779	0	0.267415	0.801253	0.333746
73	6	0	-0.659339	0.942933	-0.699243	0	0.279909	0.976416	0.28667
73	7	0	0.210618	1.10124	0.191256	0	0.100224	0.582352	0.172102
73	8	0	0.257567	1.19611	0.215337	0	0.298693	0.703445	0.424615
73	9	0	0.0369032	0.854256	0.0431992	0	-0.266449	0.600302	-0.443859
74	0	0	0.0745323	1.14946	0.064841	0	0.0163128	1.14946	0.0141917
74	1	0	0.485264	0.976399	0.496994	0	0.464498	0.905657	0.512885
74	2	0	-0.138096	1.04583	-0.132044	0	-0.115048	1.14944	-0.100091
74	3	0	-0.159228	1.02453	-0.155416	0	0.239748	1.07093	0.223868
74	4	0	0.71631	1.17987	0.60711	0	0.423681	1.48425	0.28545
74	5	0	-0.132845	1.21133	-0.109668	0	-0.0502298	0.959137	-0.0523698
74	6	0	0.6309	1.0812	0.583516	0	-0.0593851	1.15366	-0.0514752
74	7	0	0.0390706	0.965821	0.0404533	0	0.622176	0.55415	1.12276
74	8	0	0.581809	1.16721	0.498459	0	0.207316	1.04911	0.197611
74	9	0	0.315691	1.04446	0.302252	0	-0.0555404	0.675764	-0.082189
75	0	0	0.272269	0.973351	0.279723	0	0.363354	0.973351	0.373302
75	1	0	0.442195	1.05901	0.417554	0	0.478134	0.840876	0.568613
75	2	0	0.305962	0.954931	0.320403	0	0.164357	0.790468	0.207924
75	3	0	0.294931	0.946781	0.311509	0	0.0960623	1.03926	0.0924336
75	4	0	0.734519	0.982196	0.747834	0	0.71284	1.08465	0.657207
75	5	0	0.184928	0.838305	0.220598	0	-0.0730665	0.614966	-0.118814
75	6	0	-0.220107	1.24474	-0.17683	0	-0.297563	1.50939	-0.197142
75	7	0	0.663251	1.09161	0.607589	0	0.134198	0.197069	0.680972
75	8	0	0.0863886	0.897732	0.0962298	0	0.168443	0.983435	0.17128
75	9	0	-0.194629	1.14832	-0.16949	0	-0.386723	1.04761	-0.369148
76	0	0	0.347015	1.25433	0.276654	0	0.399749	1.25433	0.318696
76	1	0	-0.0370613	1.13016	-0.032793	0	-0.369816	1.42483	-0.259552
76	2	0	-0.16463	1.05346	-0.156276	0	0.14053	1.15965	0.121183
76	3	0	0.134858	1.00064	0.134771	0	0.0426946	1.20814	0.0353391
76	4	0	0.364354	1.14521	0.318156	0	-0.0190181	0.930796	-0.0204321
76	5	0	0.22	1.15479	0.19051	0	-0.27516	1.33936	-0.205442
76	6	0	-0.489626	1.52191	-0.321717	0	-0.317092	1.11971	-0.28319
76	7	0	1.21272	1.18656	1.02205	0	1.12752	2.42644	0.464681
76	8	0	-0.0283387	1.31853	-0.0214927	0	-0.199819	0.503926	-0.396525
76	9	0	0.136307	0.775493	0.175768	0	-0.154136	0.734702	-0.209794
77	0	0	-0.162738	1.03153	-0.157764	0	-0.319924	1.03153	-0.310144
77	1	0	0.423611	0.959415	0.441531	0	0.532393	0.683373	0.779066
77	2	0	0.666085	0.961089	0.693052	0	0.71832	0.949758	0.756319
77	3	0	0.341093	0.92334	0.369412	0	0.405282	0.801041	0.505944
77	4	0	0.613809	1.02999	0.595938	0	0.27837	0.831892	0.334622
77	5	0	0.273866	0.812762	0.336957	0	0.301718	0.870744	0.346506
77	6	0	-0.0930543	0.86762	-0.107252	0	0.0717073	0.899955	0.0796788
77	7	0	0.0493886	0.919478	0.0537137	0	0.107256	0.334156	0.320975
77	8	0	-0.119458	1.03927	-0.114945	0	0.0753781	1.16192	0.0648737
77	9	0	-0.343407	1.13243	-0.303247	0	-0.414816	1.51608	-0.27361
78	0	0	0.624602	1.19431	0.522983	0	0.71689	1.19431	0.600256
78	1	0	-0.0645605	1.15131	-0.0560758	0	0.0155058	0.926056	0.0167439
78	2	0	0.418169	1.02407	0.408341	0	0.385475	1.10096	0.350126
78	3	0	0.0576974	1.07781	0.0535323	0	0.370145	1.10603	0.33466
78	4	0	0.50257	0.984103	0.510688	0	0.403071	0.949024	0.424721
78	5	0	0.249528	0.963769	0.258908	0	0.39854	1.7258	0.23093
78	6	0	-0.0393934	1.22601	-0.0321314	0	-0.210746	1.36809	-0.154044
78	7	0	0.0325139	1.05997	0.0306743	0	-0.0245559	0.605105	-0.0405812
78	8	0	0.688947	1.18517	0.581306	0	0.789562	1.16671	0.676744
78	9	0	0.336912	1.11653	0.301748	0	0.693065	1.89435	0.365859
79	0	0	-0.0170077	1.01698	-0.0167238	0	-0.00421353	1.01698	-0.00414318
79	1	0	0.317689	1.19821	0.265136	0	0.00555512	1.21575	0.00456932
79	2	0	0.211109	1.01651	0.20768	0	0.237346	1.29944	0.182652
79	3	0	-0.0465478	0.876561	-0.0531028	0	-0.107336	0.75412	-0.142333
79	4	0	0.129919	0.956725	0.135795	0	-0.0595658	0.775395	-0.07682
79	5	0	0.0786239	0.956418	0.0822067	0	-0.23269	0.827551	-0.28118
79	6	0	-0.487337	0.732013	-0.665749	0	-0.513802	1.00252	-0.512513
79	7	0	-0.175919	1.02336	-0.171903	0	-0.148582	1.22765	-0.121029
79	8	0	0.613006	1.01479	0.604073	0	0.132778	0.588577	0.225592
79	9	0	0.222802	0.877948	0.253776	0	0.283182	0.82834	0.341867
80	0	0	0.221845	1.31251	0.169024	0	0.299062	1.31251	0.227856
80	1	0	0.352558	0.914792	0.385397	0	-0.0995195	1.11791	-0.0890227
80	2	0	0.0632389	1.03017	0.0613866	0	-0.128735	0.876133	-0.146935
80	3	0	0.32769	1.0303	0.318054	0	0.242788	0.959681	0.252988
80	4	0	0.276789	0.926797	0.298651	0	-0.167226	0.588608	-0.284105
80	5	0	0.23979	0.889264	0.26965	0	0.134963	0.76336	0.176801
80	6	0	-0.454406	1.3041	-0.348444	0	0.131647	1.29748	0.101463
80	7	0	0.362444	1.12602	0.32188	0	0.404	0.795837	0.507641
80	8	0	-0.0148625	0.963533	-0.015425	0	-0.103304	1.31357	-0.078644
80	9	0	-0.117752	1.08485	-0.108542	0	0.0121065	0.904793	0.0133804
81	0	0	0.365404	1.01984	0.358295	0	0.510806	1.01984	0.500869
81	1	0	0.500827	0.919601	0.544613	0	0.502135	0.946582	0.530472
81	2	0	0.464756	1.05423	0.440848	0	0.41044	0.950323	0.431895
81	3	0	0.413934	0.919057	0.45039	0	0.455388	0.672773	0.676881
81	4	0	0.356243	0.722912	0.492789	0	0.389855	0.651586	0.598316
81	5	0	0.454582	0.731989	0.621023	0	0.450994	0.531323	0.848814
81	6	0	0.371585	0.7202	0.515947	0	0.311032	0.895336	0.347392
81	7	0	0.467157	1.0546	0.442971	0	0.418918	1.48308	0.282465
81	8	0	0.165134	1.08171	0.152661	0	0.390915	0.820654	0.476346
81	9	0	0.26829	1.08774	0.246649	0	0.101408	0.782618	0.129575
82	0	0	0.464223	1.14555	0.40524	0	0.494695	1.14555	0.43184
82	1	0	0.323283	1.09087	0.296355	0	0.0803927	0.966655	0.0831658
82	2	0	0.301063	0.978318	0.307735	0	0.165073	0.972445	0.16975
82	3	0	0.645741	0.96556	0.668773	0	0.835826	0.937984	0.891088
82	4	0	0.149267	0.951733	0.156837	0	0.0455416	0.62896	0.0724077
82	5	0	0.380395	0.875337	0.43457	0	-0.427142	1.17587	-0.363255
82	6	0	-0.327704	1.23492	-0.265364	0	0.0179731	0.269413	0.066712
82	7	0	1.1082	0.912196	1.21487	0	0.0179118	0.846186	0.0211677
82	8	0	-0.165646	1.14248	-0.144988	0	0.23072	1.39605	0.165267
82	9	0	0.349596	1.09812	0.31836	0	0.207924	0.843437	0.24652
83	0	0	-0.0618321	0.787767	-0.0784903	0	0.130452	0.787767	0.165597
83	1	0	0.263802	0.783388	0.336745	0	0.0512637	0.580422	0.0883213
83	2	0	0.358749	0.93253	0.384705	0	0.414141	1.12127	0.369351
83	3	0	0.291048	1.12452	0.258819	0	0.0687363	1.27992	0.0537035
83	4	0	0.274312	1.16851	0.234753	0	0.185028	0.827531	0.22359
83	5	0	-0.293185	0.797565	-0.3676	0	-0.00286756	0.70399	-0.0040733
83	6	0	0.0981333	1.09047	0.0899917	0	-0.244525	1.45226	-0.168375
83	7	0	-0.17031	0.853701	-0.199496	0	-0.222812	0.212623	-1.04792
83	8	0	0.294559	0.910979	0.323344	0	0.101993	0.733843	0.138985
83	9	0	0.0520152	0.935316	0.0556124	0	-0.191973	1.06894	-0.179592
84	0	0	0.199935	0.956416	0.209047	0	0.408526	0.956416	0.427143
84	1	0	0.561386	0.935455	0.60012	0	0.250246	1.0644	0.235105
84	2	0	0.338098	1.04926	0.322225	0	0.297819	0.8508	0.350046
84	3	0	0.231667	0.801808	0.28893	0	0.114539	0.479102	0.239071
84	4	0	-0.187708	0.847785	-0.22141	0	-0.03602	0.781479	-0.046092
84	5	0	0.179085	0.837185	0.213913	0	0.0338516	0.82476	0.0410442
84	6	0	-0.203447	0.903118	-0.225272	0	-0.0447648	0.592901	-0.0755013
84	7	0	0.0796961	1.24612	0.0639552	0	0.180796	0.140932	1.28286
84	8	0	1.07531	1.08604	0.990126	0	1.32056	1.87966	0.702556
84	9	0	0.938816	1.23038	0.763029	0	0.544502	1.12379	0.484522
85	0	0	0.268327	0.976622	0.27475	0	0.496634	0.976622	0.508523
85	1	0	0.442829	1.04794	0.422573	0	0.292598	1.15064	0.254292
85	2	0	0.372681	1.14775	0.324705	0	0.406574	0.960261	0.4234
85	3	0	0.10975	0.918102	0.11954	0	0.292167	0.68384	0.427245
85	4	0	0.430973	0.809151	0.532624	0	0.0361765	0.584066	0.0619391
85	5	0	-0.298875	0.837224	-0.356983	0	0.311322	0.601187	0.517844
85	6	0	0.554236	0.727934	0.761381	0	0.266986	0.50328	0.530492
85	7	0	0.637992	0.725521	0.879357	0	0.346545	0.694438	0.49903
85	8	0	0.362667	0.789652	0.459275	0	0.628834	0.651381	0.965385
85	9	0	0.662787	0.929738	0.712875	0	0.568163	0.883754	0.642898
86	0	0	0.185163	1.16115	0.159465	0	0.211916	1.16115	0.182505
86	1	0	0.450255	1.0531	0.427553	0	0.217767	1.04519	0.208351
86	2	0	0.116956	0.991509	0.117957	0	-0.176161	0.98154	-0.179474
86	3	0	0.613204	0.994313	0.616711	0	0.493513	0.726153	0.679626
86	4	0	0.654733	1.06071	0.617256	0	0.206718	1.0139	0.203883
86	5	0	0.366454	1.23342	0.297104	0	0.253937	2.02539	0.125377
86	6	0	-0.230967	1.39849	-0.165155	0	0.0888324	0.24664	0.36017
86	7	0	-0.354281	0.781448	-0.453364	0	-0.286152	0.956866	-0.299051
86	8	0	0.457465	0.968048	0.472564	0	0.269687	1.32595	0.203392
86	9	0	0.214871	1.04315	0.205982	0	-0.0414087	0.994871	-0.0416222
87	0	0	-0.0149742	0.55371	-0.0270434	0	0.119849	0.55371	0.216447
87	1	0	0.170733	0.736146	0.231928	0	0.142179	1.00476	0.141506
87	2	0	0.547202	0.888457	0.615901	0	0.498539	0.811669	0.614214
87	3	0	0.13216	1.04924	0.125958	0	-0.0582234	0.839544	-0.0693513
87	4	0	0.271952	0.880842	0.308741	0	0.390281	0.796878	0.489762
87	5	0	0.0926729	0.896988	0.103316	0	-0.335411	0.866867	-0.386924
87	6	0	0.0954884	1.02492	0.0931671	0	0.551556	0.896011	0.615569
87	7	0	0.585255	0.799672	0.731869	0	0.277168	1.10243	0.251416
87	8	0	0.610213	0.910084	0.670502	0	0.558871	0.964102	0.57968
87	9	0	0.133893	1.04327	0.128339	0	-0.229406	1.35073	-0.169838
88	0	0	0.407863	0.91382	0.446327	0	0.517851	0.91382	0.566688
88	1	0	0.123266	1.11269	0.110782	0	-0.333032	1.37628	-0.241979
88	2	0	0.581858	1.23617	0.470694	0	0.813753	1.61487	0.503913
88	3	0	0.640098	1.21918	0.525022	0	0.492797	1.08239	0.455284
88	4	0	0.27758	0.786285	0.353028	0	0.123119	0.693317	0.17758
88	5	0	-0.336906	0.93869	-0.35891	0	-0.846402	0.863886	-0.979761
88	6	0	0.322075	0.873162	0.36886	0	-0.276176	1.58696	-0.174029
88	7	0	-0.323288	1.08313	-0.298475	0	0.414265	0.526239	0.787219
88	8	0	0.414236	0.81838	0.506166	0	0.337232	0.802279	0.420343
88	9	0	0.010819	1.01678	0.0106405	0	0.148021	0.752534	0.196697
89	0	0	-0.0266714	0.866209	-0.030791	0	0.0549252	0.866209	0.0634087
89	1	0	0.115782	0.947205	0.122236	0	0.19488	0.763831	0.255135
89	2	0	0.485442	0.691654	0.701857	0	0.375063	0.735674	0.509823
89	3	0	0.779192	1.14903	0.67813	0	0.993769	1.27921	0.776862
89	4	0	0.372075	0.973524	0.382194	0	0.151082	0.683101	0.22117
89	5	0	0.446496	0.775938	0.575427	0	0.902897	0.625771	1.44286
89	6	0	0.43291	0.971939	0.445409	0	-0.285449	1.10658	-0.257955
89	7	0	0.161583	0.885284	0.182521	0	0.20564	0.310132	0.663073
89	8	0	0.598515	0.998089	0.599661	0	0.518435	0.830457	0.624277
89	9	0	0.190275	1.07927	0.1763	0	0.272138	0.744227	0.365665
90	0	0	0.39607	0.771334	0.513487	0	0.499177	0.771334	0.64716
90	1	0	0.347933	0.675695	0.514926	0	0.370363	0.57007	0.64968
90	2	0	0.140866	0.940319	0.149807	0	0.611551	0.921102	0.663934
90	3	0	0.904848	1.03471	0.874498	0	0.584815	1.14623	0.510207
90	4	0	0.553081	1.16241	0.475805	0	0.492896	1.16879	0.421713
90	5	0	0.432672	0.95992	0.450738	0	0.138635	0.489034	0.283487
90	6	0	0.164271	0.892962	0.183962	0	0.0525815	0.414043	0.126995
90	7	0	0.599015	0.877825	0.682386	0	0.0272806	0.702172	0.0388518
90	8	0	0.86764	1.05136	0.825251	0	0.485698	1.20387	0.403448
90	9	0	0.187977	0.965326	0.194729	0	0.0948797	0.605208	0.156772
91	0	0	0.0629765	0.658849	0.0955856	0	0.0506331	0.658849	0.0768508
91	1	0	0.690781	1.00113	0.69	0	0.693505	1.1147	0.622146
91	2	0	0.531723	1.04653	0.508083	0	0.225153	0.905775	0.248575
91	3	0	-0.00377113	1.06693	-0.00353454	0	-0.262489	1.12312	-0.233714
91	4	0	0.172639	0.883861	0.195323	0	0.0741483	0.722164	0.102675
91	5	0	-0.3033	0.838206	-0.361845	0	-0.123089	0.884049	-0.139233
91	6	0	1.31294	1.47235	0.89173	0	1.03436	2.60126	0.397637
91	7	0	0.467912	1.40201	0.333743	0	0.255302	0.559145	0.456594
91	8	0	0.359462	1.04529	0.343887	0	0.411133	1.43218	0.287069
91	9	0	0.318097	1.02745	0.309599	0	0.0379568	0.88427	0.0429244
92	0	0	-0.100612	1.00998	-0.0996174	0	-0.0799795	1.00998	-0.079189
92	1	0	0.327934	0.919547	0.356626	0	0.0901327	0.925581	0.0973795
92	2	0	0.758656	0.961735	0.788841	0	0.572532	0.857257	0.667866
92	3	0	0.250206	0.858797	0.291344	0	0.126709	0.986651	0.128424
92	4	0	-0.285796	1.31444	-0.217428	0	-0.318585	1.31076	-0.243054
92	5	0	0.153825	1.16098	0.132495	0	0.142728	1.27496	0.111947
92	6	0	-0.143953	1.16985	-0.123052	0	0.480261	1.2199	0.393688
92	7	0	0.548274	1.17022	0.468523	0	0.0183332	0.759109	0.0241509
92	8	0	1.04571	1.20593	0.867143	0	0.717515	0.865324	0.829187
92	9	0	0.365716	1.00228	0.364886	0	0.547501	1.39753	0.391763
93	0	0	0.201708	0.90235	0.223537	0	0.225694	0.90235	0.250118
93	1	0	0.526708	0.935549	0.562993	0	0.309446	0.876918	0.352879
93	2	0	-0.0593403	0.797953	-0.0743656	0	-0.155708	0.631014	-0.246758
93	3	0	0.12631	0.938408	0.134601	0	0.149272	1.20622	0.123752
93	4	0	0.213863	1.24807	0.171355	0	0.410992	1.27962	0.321183
93	5	0	-0.144218	1.07108	-0.134648	0	-0.189757	0.999469	-0.189858
93	6	0	-0.0959105	1.06242	-0.0902755	0	-0.0621968	0.437765	-0.142078
93	7	0	-0.67869	0.835547	-0.81227	0	-0.31174	0.957797	-0.325476
93	8	0	0.196055	0.830167	0.236164	0	-0.0551602	0.449782	-0.122637
93	9	0	0.103625	0.85212	0.121608	0	-0.271617	1.02709	-0.264454
94	0	0	0.642712	1.07697	0.59678	0	1.0525	1.07697	0.977278
94	1	0	0.26149	1.0084	0.259311	0	0.0090914	1.04037	0.00873862
94	2	0	0.171271	1.0598	0.161608	0	0.295272	0.964652	0.306092
94	3	0	-0.0859347	1.0724	-0.0801328	0	0.0024668	1.10343	0.00223558
94	4	0	0.553885	1.05494	0.525039	0	0.104097	0.956872	0.108789
94	5	0	-0.0199266	0.858843	-0.0232016	0	0.662706	0.871898	0.760074
94	6	0	0.866451	0.996779	0.869251	0	0.20731	0.655346	0.316337
94	7	0	0.565738	1.22315	0.462527	0	0.288015	1.05953	0.271833
94	8	0	0.0442589	0.880791	0.050249	0	0.0574302	0.867554	0.0661978
94	9	0	0.198457	0.980998	0.202301	0	0.327229	0.896223	0.365121
95	0	0	0.490834	1.01899	0.481688	0	0.803911	1.01899	0.78893
95	1	0	0.494006	0.996412	0.495785	0	0.321941	1.29433	0.248732
95	2	0	0.238456	1.2044	0.197988	0	0.431046	1.17063	0.368216
95	3	0	0.626339	1.12646	0.556026	0	0.426416	0.783017	0.54458
95	4	0	0.517739	0.879002	0.589008	0	0.654638	0.758663	0.862884
95	5	0	0.400636	0.771939	0.518999	0	0.787153	0.764701	1.02936
95	6	0	0.416486	0.786269	0.5297	0	-0.00248288	0.816887	-0.00303944
95	7	0	-0.210937	0.881347	-0.239335	0	-0.293915	0.439988	-0.668006
95	8	0	0.560043	1.01465	0.551955	0	0.399627	0.980883	0.407416
95	9	0	0.160537	1.07403	0.149472	0	0.381747	1.27437	0.299559
96	0	0	0.0877914	0.835654	0.105057	0	-0.0494317	0.835654	-0.0591533
96	1	0	0.2298	0.920503	0.249646	0	0.0331491	1.23319	0.0268809
96	2	0	0.454187	1.2984	0.349805	0	0.218091	0.993003	0.219628
96	3	0	0.345835	1.05243	0.328607	0	0.186959	0.794775	0.235235
96	4	0	0.446351	0.992195	0.449862	0	0.309628	0.903579	0.342668
96	5	0	0.0403071	1.01645	0.0396547	0	-0.131926	0.523969	-0.251782
96	6	0	0.187437	1.03254	0.181529	0	0.202706	0.99942	0.202823
96	7	0	-0.156508	0.888036	-0.176241	0	0.0127285	0.518471	0.02455
96	8	0	0.0611731	0.939549	0.0651089	0	0.203629	0.961397	0.211805
96	9	0	0.322188	0.956978	0.336672	0	0.536065	0.900144	0.595532
97	0	0	0.0269471	0.878941	0.0306586	0	0.100799	0.878941	0.114682
97	1	0	-0.00277774	0.904059	-0.00307252	0	0.160566	0.645439	0.24877
97	2	0	0.184378	0.822522	0.224162	0	0.0309171	0.703245	0.0439635
97	3	0	0.377257	0.878801	0.429286	0	0.427156	1.13041	0.377878
97	4	0	0.477023	1.05228	0.453324	0	0.467106	1.11106	0.420414
97	5	0	0.188606	0.946923	0.199178	0	-0.162313	0.505649	-0.320999
97	6	0	-0.171132	0.572233	-0.29906	0	0.0955564	0.420266	0.227372
97	7	0	0.258541	0.826272	0.312901	0	0.229322	0.210423	1.08981
97	8	0	0.50103	0.893802	0.560561	0	0.236081	1.0543	0.223922
97	9	0	0.6025	0.990432	0.60832	0	0.2647	0.622791	0.425022
98	0	0	0.436151	1.1492	0.379527	0	0.659473	1.1492	0.573855
98	1	0	0.26052	1.09129	0.238728	0	0.0990347	1.11581	0.0887556
98	2	0	0.484827	1.00084	0.484418	0	0.472221	1.07393	0.439713
98	3	0	0.655073	1.04745	0.625399	0	0.496653	1.35043	0.367773
98	4	0	0.312504	0.871821	0.35845	0	0.247954	1.0249	0.241931
98	5	0	0.155293	0.879716	0.176526	0	-0.377392	1.19888	-0.314788
98	6	0	0.218528	1.15033	0.18997	0	-0.235942	1.05037	-0.224627
98	7	0	0.0522847	0.758066	0.0689712	0	0.273124	1.07487	0.2541
98	8	0	0.625796	0.869195	0.719972	0	0.293527	1.06249	0.276263
98	9	0	0.14855	0.903916	0.16434	0	-0.124565	0.702207	-0.177391
99	0	0	0.084632	1.04845	0.0807211	0	0.114226	1.04845	0.108948
99	1	0	0.112201	1.1199	0.100188	0	0.219222	0.978829	0.223964
99	2	0	0.689815	1.04643	0.659206	0	0.429648	0.880543	0.487935
99	3	0	0.52993	1.04051	0.509299	0	0.20983	1.14187	0.18376
99	4	0	0.167689	1.07847	0.155488	0	-0.0536277	1.04564	-0.0512867
99	5	0	0.285171	1.05477	0.270362	0	0.472957	1.22653	0.385606
99	6	0	-0.0728878	1.08491	-0.0671831	0	0.366128	1.16978	0.31299
99	7	0	0.854797	1.05911	0.807087	0	0.585375	0.774867	0.755452
99	8	0	-0.111693	1.06174	-0.105198	0	0.244418	1.43703	0.170086
99	9	0	0.628092	1.06615	0.58912	0	0.307458	0.88322	0.34811
100	0	0	-0.0872704	0.775178	-0.112581	0	-0.149174	0.775178	-0.192439
100	1	0	0.455861	0.872041	0.522751	0	-0.0813556	0.723977	-0.112373
100	2	0	0.13842	1.07731	0.128487	0	0.271689	0.901789	0.301278
100	3	0	0.474147	1.0743	0.441355	0	0.242423	1.78944	0.135474
100	4	0	0.776407	1.20532	0.644152	0	0.702877	0.922638	0.761813
100	5	0	0.825966	1.03602	0.79725	0	0.246531	0.959809	0.256855
100	6	0	-0.456819	0.833937	-0.547786	0	0.0104169	0.846031	0.0123127
100	7	0	0.482351	1.07073	0.45049	0	0.529007	1.5631	0.338435
100	8	0	0.26417	1.12658	0.234488	0	0.353025	1.08341	0.325846
100	9	0	0.331189	0.960708	0.344734	0	0.19301	0.848058	0.227591
