RUN	Year	DeltaBV	Sel	Var	Beta	DeltaBVRecruits	SelRecruits	VarRecruits	BetaRecruits
1	0	0.121088	0.122259	0.616464	0.198323	0.256481	0.220852	0.616464	0.358256
1	1	0.117018	0.056897	0.74372	0.0765032	0.0459772	-0.151054	0.963596	-0.15676
1	2	0.301325	0.445873	0.946937	0.470858	0.522833	0.419872	0.783999	0.535551
1	3	0.740739	0.57213	0.962004	0.594727	0.930243	0.613055	0.789081	0.776922
1	4	0.75998	0.748174	1.17544	0.636508	0.127545	0.195444	1.04894	0.186326
1	5	-0.0974346	0.0125194	1.18449	0.0105694	-0.181458	0.00277248	1.31444	0.00210926
1	6	-0.219013	-0.164024	1.16243	-0.141104	0.21065	0.263268	0.810689	0.324746
1	7	0.331667	0.437138	0.833978	0.52416	0.494564	0.262279	0.776722	0.337675
1	8	0.563414	0.511594	0.704961	0.725706	0.436379	0.377001	0.719058	0.524298
1	9	0.364114	0.419764	0.863126	0.48633	0.336038	0.266113	0.835927	0.318345
2	0	-0.194174	-0.173778	1.05845	-0.164182	-0.0729067	-0.166552	1.05845	-0.157355
2	1	0.462768	0.441216	1.00569	0.438721	0.544595	0.3589	1.03656	0.34624
2	2	0.610664	0.668977	1.01967	0.656074	0.699328	0.561796	0.888594	0.632231
2	3	0.679906	0.775773	0.887614	0.873998	0.459549	0.565853	1.11234	0.508706
2	4	0.204264	0.341995	0.965588	0.354184	0.140272	0.177865	1.03905	0.17118
2	5	0.430622	0.411119	1.06416	0.386333	0.32197	0.432107	1.63269	0.26466
2	6	0.398169	0.509222	1.49552	0.3405	0.378944	0.364757	3.10211	0.117584
2	7	-0.500318	-0.55959	1.42033	-0.393986	0.0851544	0.0284973	2.44857	0.0116383
2	8	0.79806	0.918863	1.68296	0.545982	0.484723	0.34091	0.996524	0.342099
2	9	0.386888	0.651727	0.94864	0.687011	0.488558	0.577588	1.30759	0.441719
3	0	0.0565211	0.0969533	0.966729	0.10029	0.213055	0.217933	0.966729	0.225433
3	1	0.0152097	0.0419753	0.939886	0.0446599	-0.347403	-0.276896	1.03514	-0.267497
3	2	-0.0979764	-0.173396	1.00965	-0.17174	0.449931	0.276021	0.985302	0.280139
3	3	0.658117	0.604518	1.12019	0.539656	0.360691	0.329484	1.22832	0.26824
3	4	0.548827	0.644178	1.08449	0.593992	0.350478	0.553319	1.06598	0.51907
3	5	0.194264	0.234325	0.91687	0.255571	-0.0434051	0.0169268	1.08772	0.0155617
3	6	-0.0650499	0.00565262	0.93049	0.00607488	0.44286	0.471174	1.5349	0.306974
3	7	0.891438	0.794148	1.28338	0.618793	1.03004	0.987976	1.84889	0.534362
3	8	0.194057	0.234624	1.18594	0.197838	-0.108408	-0.108455	0.747396	-0.14511
3	9	0.0418628	0.0587447	0.727273	0.0807739	0.0458545	0.111123	0.594604	0.186885
4	0	0.019529	-0.0918913	0.861869	-0.106619	0.329712	-0.0366663	0.861869	-0.0425428
4	1	0.273027	0.384254	0.859672	0.446977	-0.0430795	-0.010658	0.619892	-0.0171933
4	2	0.0431508	0.00183166	0.780292	0.00234741	0.120036	-0.0460385	0.697208	-0.0660326
4	3	0.221304	0.353188	0.771791	0.457621	0.393858	0.397677	0.723609	0.549575
4	4	0.290373	0.209045	0.830972	0.251567	0.323338	0.193129	0.865903	0.223037
4	5	0.306136	0.2816	0.852857	0.330185	0.022869	-0.22516	0.858726	-0.262202
4	6	0.0448978	0.287056	0.933725	0.307431	0.251717	0.323674	0.569545	0.568302
4	7	0.708013	1.09972	0.647961	1.69721	0.789557	1.00057	0.880552	1.1363
4	8	0.587286	0.720242	0.994225	0.724425	0.36964	0.42643	0.831761	0.512684
4	9	0.462205	0.478279	1.09054	0.438571	0.479041	0.264701	0.901941	0.29348
5	0	0.245102	0.200753	1.05816	0.189719	0.465689	0.306007	1.05816	0.289187
5	1	0.285299	0.304661	1.1427	0.266614	0.147712	0.0299929	0.97608	0.0307279
5	2	0.21547	0.238593	0.96302	0.247755	0.226236	0.00801755	0.846802	0.00946803
5	3	0.0563085	0.0879171	1.11728	0.0786887	0.260753	0.0595566	1.27926	0.0465555
5	4	0.475265	0.444304	1.49263	0.297665	0.104566	0.0952689	1.29935	0.0733203
5	5	-0.0757289	-0.0625566	1.08719	-0.0575395	0.148369	0.0662336	0.813155	0.0814526
5	6	0.415731	0.313866	0.842531	0.372528	0.19845	0.198116	0.719605	0.275312
5	7	0.156279	0.200823	0.879606	0.228311	0.323647	0.305594	0.837017	0.365099
5	8	0.12475	0.147668	0.965405	0.152959	0.201021	0.214763	0.594416	0.361301
5	9	0.368237	0.332121	0.613573	0.54129	0.162184	0.286594	0.483315	0.592975
6	0	-0.134448	-0.0844162	0.925012	-0.0912597	-0.107595	0.0241125	0.925012	0.0260672
6	1	1.11039	1.24732	0.911923	1.36779	1.13844	1.32155	1.10923	1.19141
6	2	-0.199281	-0.149087	1.35629	-0.109923	-0.303258	-0.312327	1.18364	-0.263869
6	3	-0.16091	-0.181254	1.23815	-0.146391	-0.0394192	-0.0836142	1.12892	-0.0740658
6	4	-0.160925	0.0059177	1.27796	0.00463059	-0.236233	-0.0715225	1.03133	-0.0693501
6	5	0.320455	0.198901	1.03583	0.192022	0.277171	0.237365	1.14499	0.207307
6	6	0.267902	0.368502	1.12548	0.327416	-0.150662	0.0821443	0.950595	0.0864136
6	7	-0.657604	-0.647333	0.828657	-0.781183	-0.259312	-0.0824043	0.686477	-0.120039
6	8	0.264854	0.321927	0.869042	0.370439	0.297369	0.394033	1.21148	0.325248
6	9	0.0137376	-0.0890707	0.883101	-0.100861	0.201409	0.163565	0.874629	0.18701
7	0	-0.0389211	-0.0788214	0.966551	-0.0815491	0.140318	-0.0090428	0.966551	-0.00935573
7	1	0.409748	0.634613	0.987627	0.642564	0.472343	0.58711	0.835189	0.702967
7	2	0.299125	0.295884	0.962436	0.307433	0.122591	0.226386	1.36887	0.165382
7	3	-0.0485822	-0.00312324	1.15513	-0.0027038	-0.0680367	-0.0499336	0.924127	-0.0540332
7	4	0.0266707	0.033799	0.799644	0.0422676	-0.0623691	0.0323031	0.515509	0.0626625
7	5	0.140074	0.14822	0.671992	0.220567	0.188133	0.0757535	0.620693	0.122047
7	6	0.174428	0.118662	0.775211	0.15307	-0.252916	0.0251269	0.806844	0.0311422
7	7	-0.00662601	0.0190414	0.630369	0.0302067	0.74034	0.699339	1.10761	0.631392
7	8	0.392447	0.359785	0.64838	0.554899	0.132886	0.187626	0.353224	0.531181
7	9	-0.132061	-0.14677	0.585625	-0.250621	-0.119091	-0.258354	0.402014	-0.642649
8	0	-0.13069	-0.0269422	0.956514	-0.0281671	0.0323365	0.107616	0.956514	0.112508
8	1	0.892176	1.02487	1.00529	1.01947	1.09899	1.16898	1.14566	1.02036
8	2	0.403581	0.393381	1.43975	0.273229	0.195593	0.0909517	0.825587	0.110166
8	3	0.4537	0.401105	0.824917	0.486236	0.457926	0.283067	0.81977	0.3453
8	4	0.615323	0.521655	0.843718	0.618282	0.510134	0.453478	0.993446	0.456469
8	5	0.306885	0.320783	0.937823	0.342051	0.00859846	0.0533867	1.30023	0.0410595
8	6	0.479626	0.162118	0.978795	0.16563	0.75509	0.634245	1.33913	0.473623
8	7	0.949198	0.893656	1.42001	0.629331	1.07878	1.14508	2.23381	0.512612
8	8	0.480861	0.34558	1.18752	0.291009	0.574957	0.37985	0.898069	0.422963
8	9	0.66726	0.70769	1.01015	0.700581	0.485928	0.553733	1.01081	0.54781
9	0	0.280784	0.32402	1.06458	0.304364	0.63473	0.521906	1.06458	0.490245
9	1	0.61312	0.642703	1.17775	0.545703	0.477996	0.427336	1.09297	0.390986
9	2	0.630593	0.748441	0.991073	0.755182	0.665841	0.809787	0.920088	0.880119
9	3	0.573526	0.695774	1.10193	0.631417	0.389221	0.423209	0.909409	0.465367
9	4	-0.0077108	-0.0011253	0.926493	-0.00121458	-0.139347	-0.160876	1.02268	-0.157308
9	5	-0.0144045	0.0372146	0.910924	0.0408537	-0.100532	-0.113084	0.942746	-0.119952
9	6	0.833633	0.672145	1.19783	0.561134	0.610514	0.83103	1.75315	0.47402
9	7	-0.324397	-0.205219	1.26357	-0.162412	0.128863	0.279144	0.920335	0.303308
9	8	0.375288	0.597911	0.830774	0.719704	0.320465	0.338381	0.695041	0.486851
9	9	0.283195	0.236388	0.843217	0.280341	0.314578	0.206204	0.684579	0.301212
10	0	0.0515317	0.0642237	0.869553	0.0738583	0.233828	0.199824	0.869553	0.229801
10	1	0.30793	0.33547	0.829347	0.404499	0.241785	0.166428	0.494328	0.336676
10	2	0.200329	0.250345	0.646063	0.387493	0.273402	0.248244	0.627998	0.395294
10	3	0.310868	0.446865	0.726399	0.615179	0.31247	0.208935	0.705977	0.295951
10	4	0.159242	0.154645	0.936753	0.165086	-0.238288	-0.353106	1.00039	-0.352967
10	5	-0.0199028	-0.156603	0.962	-0.162789	0.653252	0.328717	0.584036	0.562838
10	6	0.618439	0.834364	0.763658	1.09259	0.171439	0.177339	0.837488	0.211752
10	7	0.289217	0.24424	1.02863	0.237442	0.356942	0.365021	0.855153	0.426849
10	8	0.475287	0.700182	0.914006	0.766058	0.660404	0.679036	1.28106	0.53006
10	9	0.655909	0.642117	1.20306	0.533737	0.472949	0.339735	1.15899	0.293129
11	0	0.217645	0.273887	1.19666	0.228877	0.273164	0.266947	1.19666	0.223078
11	1	0.771786	0.822226	1.16504	0.705747	1.03194	0.923926	1.35889	0.679914
11	2	0.699565	0.748946	1.44247	0.519212	0.454599	0.615062	1.32792	0.463178
11	3	0.319636	0.324876	1.25714	0.258426	0.205342	0.20832	1.1515	0.180912
11	4	0.288214	0.450291	1.13515	0.39668	0.292029	0.457752	1.46627	0.312189
11	5	0.464655	0.540658	1.07632	0.50232	0.373192	0.614693	1.92821	0.318789
11	6	-0.691034	-0.830572	1.69345	-0.490463	-0.314182	-0.511925	4.41967	-0.115829
11	7	1.11217	1.04166	3.36289	0.30975	1.02519	1.01058	4.40933	0.229193
11	8	0.41258	0.302336	1.5694	0.192644	0.666891	0.224934	0.756229	0.297441
11	9	0.420522	0.394221	0.859598	0.45861	0.0744053	-0.068792	0.977634	-0.0703658
12	0	0.290124	0.377016	1.13539	0.332058	0.771142	0.791012	1.13539	0.696687
12	1	0.99692	1.12916	1.28038	0.881899	0.582735	0.703759	1.08232	0.650232
12	2	0.155055	0.140444	1.06012	0.132479	0.192103	0.135318	0.951351	0.142238
12	3	0.115716	0.349339	0.934955	0.373643	-0.225547	-0.0456736	0.877656	-0.0520404
12	4	-0.0289209	-0.0881244	0.789919	-0.111561	0.177749	0.0432581	0.955698	0.0452633
12	5	-0.126707	0.0903445	0.852066	0.10603	-0.668247	-0.221137	1.19102	-0.18567
12	6	-0.492468	-0.645296	1.20998	-0.53331	-0.162448	-0.167391	1.12201	-0.149189
12	7	-0.0894792	0.138546	0.829718	0.166979	0.255515	0.358133	0.695062	0.515253
12	8	0.0908077	0.0998874	0.802316	0.124499	-0.0497026	0.0670567	0.531188	0.126239
12	9	0.0237629	-0.0438784	0.915031	-0.047953	0.247448	0.303424	1.09312	0.277575
13	0	0.25833	0.276874	1.04537	0.264858	0.551696	0.546791	1.04537	0.523061
13	1	0.53	0.517707	1.05026	0.492931	0.489841	0.375798	0.772325	0.48658
13	2	0.689493	0.679533	0.937991	0.724456	0.689984	0.748435	1.31651	0.568501
13	3	0.635657	0.649959	1.20097	0.541195	0.417018	0.269461	1.10601	0.243634
13	4	0.430629	0.312235	0.831765	0.375388	0.433377	0.308267	1.29087	0.238805
13	5	0.432612	0.400145	1.2285	0.325719	0.111045	-0.194285	1.66408	-0.116752
13	6	-0.322773	-0.283393	1.44346	-0.196329	-0.0470583	0.151973	3.36612	0.0451477
13	7	0.102252	0.230971	2.12732	0.108574	-0.244408	0.0143029	1.41366	0.0101176
13	8	-0.0415336	0.0543832	0.995629	0.0546219	0.373892	0.461423	0.598849	0.770516
13	9	0.0333471	-0.00181544	0.78841	-0.00230266	-0.07751	-0.186195	0.696773	-0.267225
14	0	0.35941	0.405179	0.903737	0.448337	0.743174	0.610777	0.903737	0.675834
14	1	0.64878	0.647523	0.833891	0.776507	0.440145	0.238684	0.75978	0.314149
14	2	0.322846	0.393258	0.787647	0.499282	-0.0109779	0.193586	0.975518	0.198444
14	3	-0.175864	-0.143425	0.977068	-0.146791	0.305166	0.160775	1.20605	0.133308
14	4	0.402885	0.323511	1.02586	0.315357	-0.203991	-0.209115	1.01335	-0.20636
14	5	-0.0785335	-0.103289	0.830328	-0.124395	-0.157043	-0.350857	1.27785	-0.274569
14	6	-0.448345	-0.563135	1.06373	-0.529399	-0.0599096	-0.415221	1.27379	-0.325974
14	7	-0.21878	-0.278354	1.33395	-0.208669	-0.133566	-0.147214	0.724724	-0.203131
14	8	0.487129	0.346231	0.728285	0.475406	0.668125	0.362177	0.640222	0.565705
14	9	0.361334	0.387486	0.751903	0.515341	0.0383227	0.109822	0.774506	0.141797
15	0	0.0306194	0.0711446	0.884814	0.0804063	0.257839	0.234742	0.884814	0.265301
15	1	0.554834	0.624128	0.7833	0.796794	0.476658	0.537483	0.867183	0.619803
15	2	0.428295	0.458134	0.815606	0.56171	0.539732	0.561128	0.544231	1.03105
15	3	0.444865	0.502944	0.694141	0.724555	0.224847	0.227758	0.623022	0.36557
15	4	0.19209	0.286539	0.653696	0.438337	0.481878	0.241091	0.608282	0.396347
15	5	0.350562	0.375606	0.845337	0.444328	-0.182968	-0.567913	0.884877	-0.641799
15	6	0.27977	0.340898	0.692447	0.49231	0.133164	0.0856551	1.20309	0.071196
15	7	0.00423202	-0.0635135	1.28593	-0.049391	0.336784	0.360062	0.658857	0.546495
15	8	-0.00274517	-0.0857841	0.507471	-0.169042	-0.0926125	-0.0622948	0.73745	-0.0844733
15	9	0.00320104	0.0172193	0.699618	0.0246125	0.155829	0.121662	0.712256	0.170812
16	0	-0.0437818	0.043316	0.832485	0.0520322	0.123442	0.0580807	0.832485	0.0697679
16	1	0.502382	0.504878	0.834406	0.605074	0.582582	0.580786	0.865007	0.671423
16	2	0.355604	0.317966	1.02702	0.3096	0.250285	0.15122	1.12402	0.134535
16	3	0.259573	0.264829	0.792021	0.334371	0.00717227	0.143454	0.430374	0.333324
16	4	-0.273998	-0.326955	0.703377	-0.464836	-0.515307	-0.354306	0.631825	-0.560766
16	5	-0.213469	-0.304216	0.871367	-0.349126	0.448821	0.131041	0.883768	0.148275
16	6	0.452187	0.508011	0.83538	0.608119	0.742379	0.553182	0.692682	0.798609
16	7	0.762137	0.723891	0.804378	0.899939	0.395087	0.0727305	0.254369	0.285925
16	8	0.367355	0.402543	0.535938	0.751101	0.227741	0.341699	0.489949	0.697419
16	9	0.423132	0.388442	0.820253	0.473564	0.31384	0.181744	0.895156	0.203031
17	0	0.622215	0.619003	1.17707	0.525886	0.769012	0.69313	1.17707	0.588861
17	1	0.129815	0.0825097	1.29183	0.0638704	0.241847	0.0390445	0.915347	0.0426554
17	2	0.454777	0.488934	0.916294	0.533599	0.27986	0.218927	0.782854	0.279653
17	3	0.195472	0.266196	0.950968	0.279921	0.0403952	-0.0200825	1.12578	-0.0178387
17	4	0.194666	0.25382	1.02783	0.246947	0.513905	0.204142	1.00354	0.203421
17	5	0.454278	0.593487	1.03041	0.575969	-0.183061	0.108117	1.88286	0.0574217
17	6	0.681295	0.554286	1.78636	0.310288	1.3553	1.16087	1.99308	0.58245
17	7	0.856259	0.769834	1.66083	0.463525	0.81714	0.382609	1.70665	0.224188
17	8	0.46383	0.574642	1.02984	0.557993	0.0839466	0.175235	1.45984	0.120037
17	9	-0.229435	-0.302648	1.00095	-0.302361	-0.127728	-0.361484	0.815113	-0.443478
18	0	0.314078	0.329461	1.04435	0.315471	0.325579	0.416496	1.04435	0.39881
18	1	0.0633324	0.111999	0.926266	0.120914	0.372	0.203731	0.812998	0.250592
18	2	0.742047	0.764447	1.06143	0.720202	0.559369	0.434226	0.687715	0.631404
18	3	0.468364	0.543086	0.751346	0.722817	0.312595	0.318445	0.960322	0.331602
18	4	0.0871283	0.20624	0.954593	0.21605	0.0702207	0.0567841	1.16618	0.0486925
18	5	-0.0233392	0.103314	1.15908	0.0891341	-0.687691	-0.594042	1.27719	-0.465118
18	6	-0.585884	-0.608233	1.24167	-0.489852	-0.075924	-0.238206	1.31079	-0.181728
18	7	-0.20218	-0.232531	1.35059	-0.17217	-0.029854	-0.179505	0.865004	-0.207519
18	8	-0.0897183	0.0713062	0.516838	0.137966	-0.0597625	0.0372878	0.352211	0.105868
18	9	0.0142773	-0.00836714	0.660709	-0.0126639	-0.13061	0.0235134	0.645387	0.036433
19	0	0.0855436	0.104011	1.24905	0.0832723	0.240984	0.206315	1.24905	0.165178
19	1	0.292609	0.298085	1.17377	0.253956	0.16973	0.115971	1.41285	0.0820833
19	2	0.29453	0.14868	1.19475	0.124444	0.808598	0.473629	1.11544	0.424612
19	3	0.256139	0.251119	1.00164	0.250708	-0.25932	-0.410659	0.859933	-0.477548
19	4	0.275893	0.251427	0.892019	0.281863	0.407179	0.496969	1.07483	0.46237
19	5	0.0883427	0.252039	1.00687	0.25032	-0.193047	-0.388842	0.979767	-0.396872
19	6	-0.0486132	-0.2237	1.09928	-0.203497	-0.13277	-0.194598	1.11612	-0.174352
19	7	-0.248545	-0.367232	1.03494	-0.354835	0.35755	0.206429	0.980611	0.21051
19	8	0.49393	0.676021	1.03185	0.655152	0.333477	0.340379	1.17322	0.290125
19	9	0.103484	0.124306	0.842076	0.147618	-0.217314	-0.0985474	0.830814	-0.118616
20	0	0.306448	0.366543	0.891526	0.411141	0.599294	0.711181	0.891526	0.797712
20	1	0.400492	0.478901	0.981234	0.48806	0.238311	0.293802	1.17738	0.249539
20	2	0.257788	0.283563	1.21881	0.232656	0.019401	-0.013617	1.43652	-0.00947912
20	3	-0.235397	-0.211576	1.25429	-0.168682	-0.0542216	-0.0642397	1.09526	-0.0586525
20	4	0.0999959	0.206272	0.889859	0.231803	0.0600619	0.153096	0.851138	0.179872
20	5	0.267354	0.296988	0.76933	0.386034	-0.086773	-0.27382	1.17648	-0.232745
20	6	-0.606539	-0.583736	1.10183	-0.529789	-0.406298	-0.524354	1.86758	-0.280767
20	7	-0.134621	-0.150369	1.45678	-0.10322	-0.0355341	-0.153696	1.08428	-0.141749
20	8	0.582512	0.754354	1.0082	0.748222	0.886146	0.998976	1.23994	0.805666
20	9	0.262721	0.241883	1.18614	0.203925	0.0680049	-0.12304	0.750469	-0.163951
21	0	0.236222	0.225898	0.969817	0.232929	0.599446	0.451582	0.969817	0.465637
21	1	0.555467	0.577877	1.07902	0.535557	0.650759	0.25092	1.06219	0.236229
21	2	0.908981	0.889695	1.03108	0.862874	0.60977	0.628121	1.22258	0.513765
21	3	0.0770311	0.0989507	1.13484	0.0871939	0.0196286	-0.158401	1.39775	-0.113326
21	4	0.229489	0.321878	1.24268	0.259019	0.0739275	-0.0123976	1.26495	-0.00980089
21	5	0.380879	0.241577	1.02166	0.236456	0.06061	0.0671246	1.5531	0.0432197
21	6	-0.367723	-0.22204	1.31576	-0.168754	0.100582	0.326998	2.72213	0.120125
21	7	0.614535	0.624618	1.28381	0.486535	0.749453	0.738166	1.54859	0.47667
21	8	0.290114	0.285392	0.723343	0.394546	0.271618	-0.0130271	0.308904	-0.0421721
21	9	0.234078	0.250324	0.50442	0.496261	0.0728462	-0.0317987	0.397095	-0.0800784
22	0	0.208539	0.241166	0.814577	0.296063	0.466515	0.335951	0.814577	0.412424
22	1	0.326775	0.387765	0.82708	0.468836	0.188432	0.182507	0.72386	0.25213
22	2	0.219622	0.224581	0.939141	0.239134	0.231722	0.0638809	0.922081	0.069279
22	3	0.00449254	-0.0690425	0.971989	-0.0710322	0.0921059	-0.152294	0.952449	-0.159897
22	4	0.384151	0.386871	0.9598	0.403074	0.673778	0.462606	1.075	0.430329
22	5	0.717872	0.825239	1.45989	0.565277	-0.347076	-0.355778	1.44558	-0.246115
22	6	0.111461	-0.00331417	1.24413	-0.00266384	0.672428	0.64841	1.79219	0.361798
22	7	0.238367	0.0704755	0.974019	0.0723554	0.221286	0.27944	0.849094	0.329104
22	8	0.0528266	0.155477	0.667334	0.232983	0.0674095	0.141658	0.470915	0.300815
22	9	0.0945946	0.171823	0.724937	0.237017	0.503868	0.431727	0.898464	0.480517
23	0	-0.0840794	-0.0664995	0.692034	-0.0960929	-0.0847896	-0.0577808	0.692034	-0.0834943
23	1	0.335313	0.366674	0.865605	0.423604	0.468865	0.452897	0.702895	0.644332
23	2	0.181814	0.141099	0.996492	0.141595	0.0990368	-0.0596215	0.852651	-0.0699249
23	3	0.188479	0.301804	1.00221	0.301139	0.0515817	0.225661	1.00278	0.225035
23	4	0.0903198	0.179353	0.931781	0.192484	0.445037	0.249339	0.835571	0.298405
23	5	0.18137	0.190989	0.793782	0.240606	-0.432982	-0.429542	0.489653	-0.877236
23	6	-0.457384	-0.278015	0.463891	-0.599311	0.119988	0.158991	0.372466	0.426859
23	7	0.505996	0.516593	0.517635	0.997987	0.176478	0.283264	0.493363	0.574151
23	8	0.473936	0.622452	0.901929	0.690134	0.486442	0.629773	1.44738	0.435113
23	9	-0.155275	-0.0935265	1.10355	-0.0847507	-0.029585	-0.00653369	0.852611	-0.00766315
24	0	0.0248132	0.0380282	1.00436	0.0378631	0.105036	0.150856	1.00436	0.150201
24	1	0.0862827	0.132229	1.06256	0.124444	0.384585	0.167136	1.09917	0.152056
24	2	0.461413	0.513027	1.03232	0.496967	-0.129306	-0.0926191	1.10836	-0.0835642
24	3	0.024361	0.0515614	0.995595	0.0517896	0.246363	0.278285	0.964519	0.288522
24	4	0.153852	0.0838629	1.07393	0.0780899	0.0276933	-0.177369	0.806639	-0.219887
24	5	0.483196	0.207862	0.90431	0.229857	0.330185	0.0780336	1.37692	0.0566727
24	6	0.185592	0.142195	1.37814	0.103179	0.418492	0.687294	1.73663	0.395763
24	7	0.650498	0.874227	1.29159	0.676859	0.866707	0.824759	1.69707	0.48599
24	8	0.339223	0.380492	0.853275	0.445919	0.20585	0.163651	0.720477	0.227142
24	9	0.136765	0.186121	0.579471	0.321191	-0.0694618	-0.029686	0.589281	-0.0503767
25	0	0.171593	0.191577	0.97404	0.196683	0.248205	0.220137	0.97404	0.226004
25	1	0.30705	0.277006	0.920509	0.300927	0.285286	0.0982435	0.725552	0.135405
25	2	0.210729	0.260012	0.821394	0.316549	0.220479	0.370588	0.684147	0.541679
25	3	-0.10835	0.0419926	0.603242	0.0696115	-0.309702	-0.108595	0.454859	-0.238744
25	4	-0.176562	-0.188336	0.590587	-0.318896	-0.144054	-0.103193	0.420446	-0.245437
25	5	-0.0479609	-0.152572	0.549993	-0.277408	0.298437	0.169503	0.520416	0.325707
25	6	0.273592	0.457148	0.655779	0.697107	0.17141	0.243048	0.82562	0.294383
25	7	0.485402	0.522974	0.846416	0.617869	0.449975	0.574496	0.778473	0.737978
25	8	-0.0218142	-0.00412053	0.902653	-0.00456492	-0.183868	-0.0755305	0.600963	-0.125682
25	9	0.0325557	0.103438	0.750697	0.13779	0.496306	0.381855	0.876347	0.435735
26	0	0.0533967	0.0143367	1.17482	0.0122033	0.160315	0.0958537	1.17482	0.0815904
26	1	0.550451	0.583373	1.01195	0.576485	0.779781	0.540898	0.704366	0.767922
26	2	0.430926	0.439937	0.99403	0.442579	0.147236	0.302055	0.908801	0.332367
26	3	0.061881	0.0189844	0.801826	0.0236764	0.0801123	-0.223614	0.584101	-0.382834
26	4	0.283306	0.337739	0.738104	0.457576	0.317681	0.269685	0.923699	0.291962
26	5	0.199357	0.0996289	0.912217	0.109216	0.152228	-0.000324507	0.609645	-0.000532288
26	6	0.145335	0.262421	0.594648	0.441306	0.075887	0.225832	0.698855	0.323146
26	7	-0.255285	-0.108581	0.549085	-0.197749	-0.272656	-0.325748	0.366524	-0.88875
26	8	-0.12824	-0.0879332	0.583318	-0.150747	0.21926	-0.00068467	0.551771	-0.00124086
26	9	0.473586	0.404924	0.682011	0.593721	-0.253949	-0.0657183	0.657872	-0.0998953
27	0	0.208323	0.142851	0.773052	0.184789	0.407316	0.269701	0.773052	0.348879
27	1	0.267119	0.218786	0.927205	0.235963	0.0307388	0.0146444	0.833783	0.0175638
27	2	-0.130152	-0.124665	0.740711	-0.168305	0.0925003	0.109619	0.596292	0.183834
27	3	0.379701	0.372905	0.81547	0.457289	0.212963	0.187108	0.918653	0.203676
27	4	0.233683	0.419049	0.804696	0.520755	0.467063	0.481088	0.843969	0.570031
27	5	0.587569	0.433306	0.864048	0.501484	0.299392	0.125794	0.853628	0.147364
27	6	0.0543422	0.122376	1.23021	0.0994757	0.265024	0.328993	1.84547	0.17827
27	7	-0.145609	-0.0401096	1.33763	-0.0299855	-0.178074	-0.237605	0.703716	-0.337644
27	8	0.178706	0.181962	0.676854	0.268835	0.377017	0.18662	0.506765	0.368258
27	9	0.413024	0.565379	0.855041	0.66123	0.12911	0.073545	0.57507	0.127889
28	0	0.0585119	0.05205	0.9906	0.0525439	-0.164874	-0.0236349	0.9906	-0.0238592
28	1	-0.185888	-0.0692553	1.01933	-0.0679422	0.288912	0.229477	1.0261	0.22364
28	2	0.329738	0.375158	1.05284	0.356328	0.332247	0.185499	0.596598	0.310928
28	3	0.110459	0.192625	0.761551	0.252937	0.183264	0.105886	0.795355	0.133131
28	4	0.688488	0.755168	0.933864	0.808649	0.436722	0.501225	0.732992	0.683806
28	5	0.208993	0.240036	0.972453	0.246836	-0.0237176	0.0149418	0.780926	0.0191335
28	6	0.00400832	-0.0176934	0.858251	-0.0206157	0.389067	-0.260534	0.600965	-0.433526
28	7	0.478744	0.772839	0.8125	0.951187	0.327831	0.520031	0.93947	0.553537
28	8	0.242663	0.197606	0.555754	0.355565	0.246693	0.164695	0.40324	0.408429
28	9	0.25119	0.295203	0.770792	0.382987	0.384518	0.289317	0.56035	0.516314
29	0	0.0573338	0.0260259	0.900545	0.0289002	0.262439	0.0897538	0.900545	0.0996661
29	1	-0.0458666	-0.0346905	1.03821	-0.0334137	-0.067278	-0.0250001	0.769002	-0.0325098
29	2	0.716265	0.664583	0.907061	0.732677	1.12063	0.905327	1.10497	0.819321
29	3	0.631052	0.726207	1.13142	0.641855	-0.05096	0.00756729	0.648561	0.0116678
29	4	0.0246553	-0.00909402	0.762842	-0.0119212	-0.0108142	0.0717328	0.678782	0.105679
29	5	0.153946	0.051659	0.70071	0.0737239	0.156147	0.163621	0.718859	0.227613
29	6	0.104371	-0.18575	0.882468	-0.210489	0.311754	-0.171751	0.491995	-0.349092
29	7	0.357892	0.504767	0.767224	0.657913	0.392071	0.425185	0.423898	1.00304
29	8	0.243383	0.404206	0.849955	0.475562	0.32311	0.357354	1.01911	0.350654
29	9	0.129375	-0.0548963	1.12698	-0.048711	-0.0596967	-0.190532	1.17175	-0.162604
30	0	0.205928	0.279344	0.973349	0.286993	0.286061	0.423615	0.973349	0.435213
30	1	0.0473116	0.151098	1.0464	0.144398	-0.0281856	-0.107925	0.971461	-0.111095
30	2	0.262465	0.23399	0.902168	0.259364	0.37989	0.374319	0.954502	0.392162
30	3	0.206682	0.231101	0.963615	0.239827	-0.0816494	-0.0805302	0.917916	-0.0877315
30	4	-0.195454	-0.110337	0.862659	-0.127903	-0.0953843	-0.120444	0.856436	-0.140634
30	5	0.519215	0.776883	0.898434	0.864708	0.430621	0.753968	1.55478	0.484935
30	6	0.942589	0.908843	1.94582	0.467075	0.661436	0.844357	2.06239	0.409407
30	7	0.201559	0.364429	1.24	0.293895	0.820912	0.864241	1.89506	0.456049
30	8	0.424974	0.401324	1.23064	0.326111	0.231691	0.077799	0.913397	0.0851755
30	9	-0.0872065	0.0658702	0.672815	0.0979024	-0.0579477	-0.0845488	0.353015	-0.239505
31	0	0.164907	0.110321	0.880654	0.125272	0.320944	0.183033	0.880654	0.207837
31	1	0.246023	0.266825	0.827852	0.32231	0.252507	0.0392086	1.26201	0.0310684
31	2	0.588975	0.523663	1.22522	0.427404	0.750221	0.495937	1.38311	0.358567
31	3	0.122907	0.0520915	1.10953	0.0469493	0.0454807	-0.111081	1.31831	-0.0842603
31	4	-0.19992	-0.223088	1.25603	-0.177613	-0.435793	-0.533541	1.36569	-0.390675
31	5	-0.114937	-0.0905456	1.53732	-0.0588982	-0.158787	-0.217679	1.24852	-0.17435
31	6	0.531115	0.660734	1.29038	0.512044	1.29725	0.981716	2.58625	0.37959
31	7	0.624354	0.684681	1.21815	0.562065	-0.313885	0.0584847	0.655547	0.0892151
31	8	-0.131018	-0.118032	0.673488	-0.175255	0.21487	0.183616	0.712438	0.257729
31	9	0.239108	0.263958	0.687923	0.383703	0.361443	0.227221	0.647872	0.350719
32	0	0.12164	0.174914	0.937855	0.186504	0.507823	0.455698	0.937855	0.485893
32	1	0.736675	0.728823	1.02076	0.713998	0.439254	0.422152	0.819516	0.515124
32	2	-0.0750357	0.0334494	1.11949	0.0298791	-0.361783	-0.224429	1.13552	-0.197645
32	3	-0.27815	-0.229657	0.95389	-0.240758	-0.0113171	0.0307931	0.782535	0.0393505
32	4	0.39319	0.405179	1.05061	0.385659	0.453474	0.422886	1.53104	0.276209
32	5	0.173124	0.380384	1.20032	0.316902	-0.660855	-0.36194	0.966141	-0.374624
32	6	-0.826826	-0.915985	1.07638	-0.850991	-0.179583	-0.0041794	1.24104	-0.00336767
32	7	0.0245909	0.245013	0.791318	0.309627	0.133273	0.395968	1.076	0.368001
32	8	0.0536043	0.195826	0.631009	0.310338	-0.197863	-0.085849	0.441858	-0.194291
32	9	-0.141952	-0.0628577	0.646996	-0.0971532	0.210086	0.236194	0.480721	0.491333
33	0	0.542667	0.590384	1.13869	0.518477	1.00502	0.949569	1.13869	0.833915
33	1	0.736004	0.891141	1.2698	0.701797	0.475993	0.514777	0.952617	0.540382
33	2	0.645223	0.619304	1.0257	0.603785	0.500488	0.498789	0.771126	0.646832
33	3	-0.182564	-0.12777	1.06674	-0.119776	-0.208848	-0.156215	1.14944	-0.135906
33	4	0.378869	0.401945	1.25377	0.32059	0.237285	0.361509	0.933161	0.387402
33	5	0.0580331	0.217642	0.771914	0.281951	-0.220158	-0.0126044	1.03683	-0.0121567
33	6	-0.169176	-0.256126	0.806637	-0.317524	0.102211	0.522582	1.27646	0.409401
33	7	0.0861338	0.25376	1.27054	0.199726	0.320913	0.199253	0.670575	0.297137
33	8	0.0985062	0.284238	0.780382	0.364229	0.0450598	0.215095	0.744245	0.289012
33	9	0.325535	0.336721	0.845842	0.39809	0.015057	0.220763	0.946648	0.233205
34	0	0.0983189	0.06646	1.06099	0.0626398	0.224701	0.166848	1.06099	0.157258
34	1	0.52479	0.574651	0.891749	0.644409	0.526408	0.452743	0.987941	0.458269
34	2	0.260242	0.323804	0.923647	0.350571	0.0301447	0.105775	1.00776	0.10496
34	3	-0.286755	-0.295373	0.967671	-0.305241	-0.135381	-0.339917	1.12107	-0.303206
34	4	0.447298	0.550052	0.948364	0.58	0.423008	0.505929	1.39349	0.363067
34	5	0.161686	0.0773311	1.23055	0.0628425	0.0398558	-0.060911	0.965916	-0.0630603
34	6	-0.30637	-0.248751	0.876611	-0.283764	-0.476207	-0.539814	1.31255	-0.411272
34	7	0.351017	0.551227	1.22775	0.448972	0.83391	0.844325	1.43352	0.588989
34	8	0.275976	0.330829	0.993238	0.333081	0.0915695	0.140802	0.671493	0.209685
34	9	0.260099	0.315804	0.628408	0.502546	0.434042	0.2971	0.418652	0.709658
35	0	0.276521	0.294631	1.06435	0.276818	0.597609	0.494655	1.06435	0.464749
35	1	0.685783	0.680299	1.06981	0.635904	0.533221	0.631838	1.11282	0.567781
35	2	0.225387	0.212426	1.03321	0.205598	0.152015	-0.0422976	0.581471	-0.0727425
35	3	0.387017	0.349738	0.689855	0.506973	0.591713	0.328032	0.703261	0.466444
35	4	0.343346	0.377206	0.800298	0.471331	0.0264708	0.298967	0.826688	0.361644
35	5	0.0264653	-0.115344	1.00049	-0.115288	-0.207168	-0.331431	1.05982	-0.312722
35	6	-0.491735	-0.566189	0.768698	-0.736556	-0.567549	-0.209024	0.698534	-0.299232
35	7	-0.270979	-0.343684	0.463144	-0.742066	0.232547	0.0119895	0.649256	0.0184665
35	8	0.07599	0.0780769	0.775226	0.100715	-0.383663	-0.240439	0.57671	-0.416914
35	9	-0.30089	-0.216512	0.703592	-0.307724	0.103746	0.0761054	0.606013	0.125584
36	0	-0.0442772	-0.0474498	0.780796	-0.0607711	0.0834797	-0.00941259	0.780796	-0.0120551
36	1	0.267215	0.359452	0.878938	0.408962	0.232551	0.306554	0.934752	0.327952
36	2	0.28619	0.440333	1.00831	0.436705	0.492854	0.520081	1.02185	0.508963
36	3	0.26537	0.416502	0.904871	0.460288	0.182994	0.21583	0.596335	0.361928
36	4	0.35165	0.548763	0.679487	0.807614	0.273153	0.560423	1.08076	0.518545
36	5	0.0760264	0.231783	1.03051	0.224921	-0.151928	0.17244	0.921013	0.187229
36	6	0.683976	1.03362	0.937739	1.10225	0.972215	0.880843	1.28084	0.687708
36	7	0.372432	0.339994	1.34519	0.252748	0.0899364	-0.0466206	0.808059	-0.0576945
36	8	0.0266498	0.0980246	0.954585	0.102688	0.14353	0.294528	0.826221	0.356477
36	9	0.267175	0.219224	0.598749	0.366136	0.467804	0.291697	0.405912	0.71862
37	0	-0.146046	-0.135817	1.01798	-0.133418	-0.0561073	-0.0222697	1.01798	-0.0218764
37	1	0.497395	0.55068	1.09951	0.500841	0.569604	0.635479	1.31131	0.484613
37	2	0.272368	0.329101	0.983296	0.334691	0.403957	0.0977682	0.888484	0.110039
37	3	0.284614	0.28336	1.01488	0.279205	-0.182307	-0.243923	1.0938	-0.223004
37	4	0.184458	0.284255	1.05194	0.270219	0.583642	0.833828	1.39761	0.596609
37	5	0.0981688	0.17465	1.31485	0.132828	-0.87192	-0.744769	1.47508	-0.504902
37	6	-0.399216	-0.452374	1.43024	-0.316292	0.66537	0.401861	1.25065	0.321323
37	7	0.75726	0.857851	0.782432	1.09639	0.8417	0.551753	0.969542	0.569087
37	8	0.58435	0.511099	0.831817	0.614437	0.0860467	0.194457	0.577529	0.336705
37	9	0.164846	0.281881	0.835273	0.337472	0.313276	0.219682	0.972231	0.225957
38	0	0.239335	0.242838	0.806724	0.301018	0.633886	0.483944	0.806724	0.599888
38	1	0.522816	0.492051	0.954822	0.515333	0.225668	0.152351	0.951712	0.160081
38	2	0.308328	0.312097	0.890924	0.350308	0.357567	0.24162	0.6818	0.354385
38	3	0.480946	0.512972	0.978213	0.524397	0.410547	0.377857	0.977212	0.386669
38	4	0.126061	0.193179	0.967212	0.199727	0.00313345	0.0612675	0.767606	0.0798163
38	5	-0.325688	-0.14812	0.725803	-0.204077	-0.801839	-0.624368	0.630291	-0.990604
38	6	-0.599717	-0.488852	0.742348	-0.658521	0.040793	-0.100708	0.203411	-0.495095
38	7	0.323471	0.139551	0.790011	0.176644	0.474506	0.125452	0.322902	0.388513
38	8	0.451351	0.542937	0.621571	0.873492	0.0270677	0.0972351	0.659937	0.14734
38	9	-0.178663	-0.283759	0.826516	-0.343319	-0.256312	-0.214877	0.554277	-0.38767
39	0	0.0291552	-0.0402348	0.945689	-0.0425455	0.159588	-0.0293231	0.945689	-0.0310072
39	1	0.176724	0.193818	1.02176	0.189691	0.101304	-0.0910293	0.955702	-0.0952487
39	2	0.170112	0.117187	0.863575	0.1357	0.165051	0.0109546	0.920256	0.0119039
39	3	0.0405415	0.0867241	1.0624	0.0816303	0.398358	0.181652	1.47915	0.122809
39	4	0.47125	0.610855	1.34621	0.453758	0.30264	0.463251	1.13296	0.408886
39	5	0.576118	0.515758	1.06757	0.483115	0.74617	0.526064	1.4189	0.370755
39	6	0.764388	0.828408	1.36381	0.60742	0.685952	0.721428	1.67162	0.431575
39	7	0.383257	0.255016	1.29394	0.197085	0.0449237	-0.114345	0.441145	-0.2592
39	8	0.132245	0.150993	0.669947	0.225381	0.116505	0.146084	0.549899	0.265657
39	9	0.25422	0.332809	0.658008	0.505782	0.425031	0.383317	0.735687	0.521033
40	0	0.0686138	0.0933594	0.805667	0.115878	0.165655	0.0922937	0.805667	0.114556
40	1	0.250822	0.352634	0.893758	0.394552	0.210476	0.395953	0.755629	0.524005
40	2	0.304218	0.288026	0.783193	0.367759	0.547598	0.434715	0.65675	0.661919
40	3	0.521937	0.561488	0.921144	0.609555	0.420379	0.296845	1.03096	0.287932
40	4	0.16981	0.146566	1.21426	0.120704	-0.321985	-0.374121	0.880029	-0.425124
40	5	-0.170683	-0.0510661	0.923814	-0.0552775	0.119247	0.206274	1.20483	0.171206
40	6	-0.136667	-0.13381	1.3234	-0.101111	-0.396839	-0.773045	1.42582	-0.542175
40	7	0.0978379	0.0974479	1.20719	0.0807229	0.479422	0.589751	1.61947	0.364163
40	8	0.288028	0.447635	0.977494	0.457941	0.36098	0.268284	0.726233	0.369419
40	9	0.259126	0.21995	0.639119	0.344146	0.0292614	0.0185155	0.571727	0.0323852
41	0	-0.209779	-0.213962	1.13368	-0.188732	-0.099229	-0.12193	1.13368	-0.107552
41	1	0.710798	0.779409	1.27953	0.609138	0.794124	0.841785	1.87633	0.448635
41	2	0.485375	0.373352	1.72341	0.216636	0.765409	0.334778	1.66856	0.200639
41	3	1.00707	0.956934	1.52284	0.628388	0.598496	0.623219	2.04601	0.304602
41	4	0.38082	0.272429	1.16734	0.233375	0.22121	0.119091	1.47495	0.0807424
41	5	0.0355248	0.17823	1.17399	0.151816	-0.006479	-0.155334	2.03166	-0.0764566
41	6	0.488662	0.41284	1.40672	0.293477	0.15228	0.269541	3.48062	0.0774404
41	7	-0.0660596	0.109669	1.1821	0.092774	0.53387	0.517433	0.679252	0.76177
41	8	0.286022	0.224282	0.835432	0.268462	0.699586	0.484585	0.746943	0.648757
41	9	0.569558	0.72333	0.838476	0.862672	0.0165885	0.0906319	0.824401	0.109937
42	0	-0.140289	-0.16993	1.18054	-0.143942	-0.0370198	-0.0802395	1.18054	-0.0679686
42	1	0.244524	0.267523	1.03838	0.257636	0.417292	0.255551	0.966319	0.264458
42	2	0.459893	0.546152	0.97223	0.561751	0.17128	0.431898	1.22854	0.351555
42	3	0.297511	0.332476	1.25865	0.264152	0.433207	0.351397	0.647346	0.542827
42	4	0.321888	0.45416	0.914687	0.496519	0.188729	0.282066	1.00717	0.280058
42	5	0.251145	0.0891337	0.901441	0.0988791	-0.00591919	-0.128447	0.833159	-0.154168
42	6	0.337329	0.259016	1.04933	0.246838	0.526813	0.598743	0.95467	0.627172
42	7	0.391312	0.463589	1.00392	0.461778	0.649366	0.401417	1.27573	0.314655
42	8	0.250483	0.262748	0.932118	0.281882	0.0133307	0.0136536	1.32246	0.0103244
42	9	0.257885	0.384201	1.22476	0.313695	0.58174	0.56905	1.44495	0.393819
43	0	-0.224576	-0.203527	0.886482	-0.22959	-0.232634	-0.135835	0.886482	-0.15323
43	1	0.116133	0.132099	0.739758	0.178571	0.314618	0.238611	0.979051	0.243717
43	2	0.296001	0.299775	0.959067	0.312569	0.210603	0.25982	0.812181	0.319904
43	3	0.263007	0.309649	0.786231	0.39384	0.306963	0.171153	0.444078	0.385411
43	4	0.0430057	0.0965792	0.74046	0.130431	0.173341	0.0133271	0.820468	0.0162433
43	5	0.328933	0.322508	0.86332	0.373567	0.0221555	-0.261392	0.543816	-0.480661
43	6	-0.181652	-0.195593	0.647949	-0.301864	-0.10433	-0.149365	0.769852	-0.194017
43	7	0.261048	0.149737	0.559699	0.267531	0.402406	0.179845	0.346124	0.519598
43	8	0.219677	0.114737	0.683104	0.167965	-0.169761	-0.0265308	0.39662	-0.0668923
43	9	-0.0818862	0.00598378	0.774333	0.00772765	0.229687	0.234887	0.600244	0.391319
44	0	0.0923309	0.135715	0.876778	0.154788	0.308328	0.241345	0.876778	0.275264
44	1	0.299411	0.432223	0.900836	0.479802	0.276766	0.324945	1.03564	0.313762
44	2	0.230757	0.166059	0.864249	0.192143	0.220972	0.0114447	0.729388	0.0156909
44	3	0.212424	0.258313	0.906529	0.284947	0.00478235	0.039569	0.746227	0.0530253
44	4	0.124622	0.0837571	0.781527	0.107171	0.308655	0.221241	0.586319	0.377339
44	5	0.123806	0.222763	0.924949	0.240838	0.391535	-0.015905	0.549377	-0.0289509
44	6	0.299953	0.373929	0.663525	0.563549	0.165223	0.156483	0.501973	0.311735
44	7	0.652297	0.796019	0.91075	0.874026	0.557128	0.547669	1.11642	0.490557
44	8	0.231311	0.389081	0.687789	0.565698	-0.116462	0.0541178	0.597492	0.0905751
44	9	-0.0394091	0.00489777	0.675151	0.00725433	0.0321975	0.114093	0.861883	0.132377
45	0	0.319169	0.308694	0.976786	0.31603	0.438579	0.403661	0.976786	0.413254
45	1	0.529205	0.605135	0.984381	0.614737	0.579129	0.744412	1.1037	0.674471
45	2	0.269769	0.352518	0.96712	0.364503	0.315438	0.0919853	0.937665	0.0981004
45	3	0.538968	0.656614	1.0079	0.65147	0.345487	0.552087	1.14776	0.481012
45	4	0.221247	0.244173	0.857517	0.284744	0.192129	0.185929	0.905879	0.205247
45	5	-0.112416	-0.0359468	0.891516	-0.040321	-0.597993	-0.656635	1.05112	-0.6247
45	6	-0.397975	-0.39991	0.977287	-0.409205	-0.18317	-0.0957733	1.64595	-0.0581871
45	7	-0.471728	-0.351727	1.04511	-0.336544	0.0376827	0.0495289	1.90813	0.0259568
45	8	0.794787	0.851929	1.49848	0.568529	0.81036	0.969768	2.07942	0.466365
45	9	0.219051	0.210623	1.41436	0.148918	-0.181867	-0.176079	1.0676	-0.16493
46	0	0.113207	0.138052	0.834996	0.165333	0.210722	0.269533	0.834996	0.322796
46	1	0.333666	0.394377	1.05463	0.373947	0.184784	0.257969	1.21971	0.2115
46	2	0.259667	0.361878	1.00945	0.358491	0.445152	0.488091	1.10045	0.443537
46	3	0.0273134	0.0792457	1.02946	0.0769779	0.00601612	-0.099503	1.35108	-0.0736471
46	4	0.400821	0.313675	1.03912	0.301868	0.499972	0.365136	1.09511	0.333423
46	5	0.524177	0.595592	1.10614	0.538442	-0.217025	-0.0591427	1.82773	-0.0323585
46	6	0.449609	0.341657	1.54766	0.220756	0.677045	0.534867	2.74109	0.195129
46	7	-0.929774	-0.900392	1.45515	-0.618764	-0.792555	-0.805219	3.72087	-0.216406
46	8	0.368219	0.486718	2.54889	0.190953	0.721133	0.879837	2.71166	0.324464
46	9	0.562055	0.527416	2.02539	0.260403	0.659663	0.375985	0.992929	0.378663
47	0	0.369616	0.329745	1.22389	0.269423	0.464698	0.569745	1.22389	0.465518
47	1	0.189979	0.146239	1.24756	0.11722	0.202514	0.209777	0.86679	0.242016
47	2	0.00433056	0.0233661	0.829839	0.0281574	-0.237607	-0.324176	0.763482	-0.424603
47	3	0.0184113	0.0747636	0.860899	0.0868437	0.214935	0.256111	0.951565	0.269147
47	4	0.208335	0.218067	0.81386	0.267941	0.00302467	0.0240177	1.04643	0.022952
47	5	-0.120456	-0.1145	0.827921	-0.138298	-0.626124	-0.464167	1.05885	-0.43837
47	6	-0.340684	-0.0657129	0.826168	-0.0795394	0.257253	0.0901141	1.04298	0.0864005
47	7	-0.455985	-0.618052	0.960195	-0.643674	-0.105931	-0.341741	1.83721	-0.186011
47	8	0.125607	0.158469	1.0352	0.153081	-0.553518	-0.451292	0.958153	-0.471002
47	9	0.147983	0.0789657	1.11254	0.0709777	1.0852	0.890446	1.52035	0.585684
48	0	-0.0287257	0.0324605	0.886358	0.0366223	0.265815	0.304324	0.886358	0.343342
48	1	0.356225	0.321707	0.875119	0.367615	0.13494	0.0955641	0.926407	0.103156
48	2	0.280826	0.407698	0.744182	0.547846	0.631849	0.469596	0.643608	0.72963
48	3	0.505501	0.50421	0.756549	0.66646	0.234466	0.163918	0.782908	0.209371
48	4	-0.18053	-0.222356	0.83814	-0.265297	-0.495351	-0.348761	0.919762	-0.379186
48	5	-0.0849145	-0.14184	0.921812	-0.153871	0.392812	0.318067	1.21538	0.261703
48	6	0.400409	0.369777	0.999131	0.370099	0.162972	0.0572659	0.832264	0.0688074
48	7	0.154478	-0.0920608	0.639169	-0.144032	0.335012	-0.0276772	0.662577	-0.0417721
48	8	0.27787	0.283013	0.646564	0.437718	0.195152	-0.0588422	0.615759	-0.0955604
48	9	0.355365	0.326839	0.829157	0.394183	0.205017	0.0802964	0.670182	0.119813
49	0	0.222083	0.304037	1.03951	0.292482	0.583977	0.617202	1.03951	0.593744
49	1	-0.0296334	0.030438	1.30891	0.0232545	-0.0414333	-0.272291	1.29131	-0.210865
49	2	0.300734	0.403774	1.28566	0.31406	0.125982	0.242747	1.18826	0.204288
49	3	0.407607	0.369184	1.14177	0.323343	0.349556	0.422501	1.15897	0.364547
49	4	0.30463	0.345057	1.44275	0.239167	0.513921	0.391751	0.963879	0.406432
49	5	0.246006	0.273396	0.846487	0.322977	-0.123249	-0.090487	0.498379	-0.181562
49	6	0.19552	0.231506	0.631733	0.366461	0.277596	0.386224	0.930756	0.414957
49	7	0.0326753	0.087273	0.858198	0.101693	-0.210041	0.0743307	0.927839	0.0801117
49	8	0.0253908	-0.0490533	0.96139	-0.0510233	0.163126	0.116788	1.20848	0.0966404
49	9	0.0769644	0.143821	0.909015	0.158216	0.371546	0.124063	0.883269	0.140459
50	0	0.352316	0.3467	0.775764	0.446914	0.513522	0.364481	0.775764	0.469835
50	1	0.352673	0.303244	0.777827	0.389861	0.241617	0.237962	0.640247	0.371672
50	2	0.160888	0.214765	0.780955	0.275003	0.170702	0.218116	0.891144	0.244759
50	3	0.0155785	-0.0533915	0.927352	-0.0575741	-0.215057	-0.237919	0.772218	-0.308098
50	4	-0.0613905	0.0259846	0.874271	0.0297215	0.108238	0.133425	0.802397	0.166282
50	5	-0.0297501	0.0134601	0.688819	0.0195408	-0.427112	-0.308322	0.786767	-0.391884
50	6	-0.0142014	0.0293646	0.639306	0.045932	0.479156	0.282673	0.552175	0.511926
50	7	0.457353	0.286555	0.648641	0.441778	0.691496	0.285431	0.675407	0.422606
50	8	0.800561	0.815702	0.969406	0.841445	0.517306	0.628402	1.06993	0.58733
50	9	0.239782	0.413292	0.866986	0.4767	0.198665	0.345929	0.568096	0.608927
51	0	0.20288	0.306318	0.809961	0.378188	0.302355	0.476782	0.809961	0.588648
51	1	0.0639	0.142662	0.783101	0.182176	0.0198769	0.131716	0.512118	0.257198
51	2	0.044555	-0.022028	0.743527	-0.0296264	-0.0328481	0.0249456	0.726587	0.0343325
51	3	-0.108623	-0.0423135	0.766131	-0.0552301	0.0750234	0.148433	0.808852	0.18351
51	4	0.121114	0.187637	0.933936	0.20091	0.170966	-0.0298644	0.972609	-0.0307055
51	5	0.21746	0.40429	1.01192	0.399526	-0.119029	0.447333	0.619412	0.72219
51	6	0.101479	0.274087	0.72121	0.380038	0.511704	0.56344	0.743326	0.757999
51	7	0.961703	0.93052	0.735039	1.26595	1.1453	0.664239	0.937874	0.708239
51	8	0.765245	0.833562	1.15297	0.72297	0.478546	0.4328	1.20788	0.358314
51	9	0.135517	0.292492	0.987848	0.29609	0.198766	0.195113	0.717398	0.271973
52	0	0.138934	0.177051	1.20835	0.146522	0.0875405	0.217406	1.20835	0.179919
52	1	-0.0923093	-0.0628009	1.13196	-0.0554798	0.0440852	0.101668	0.963575	0.105511
52	2	0.104205	0.158966	0.916503	0.173448	0.219017	0.276053	0.845657	0.326436
52	3	0.362394	0.345622	0.917482	0.376707	0.37693	0.126077	1.13029	0.111544
52	4	0.189311	0.257944	0.953075	0.270644	0.171749	0.212945	1.02918	0.206907
52	5	0.254485	0.320734	0.923875	0.347162	0.279795	-0.0277831	0.898299	-0.0309286
52	6	0.620074	0.623377	0.831293	0.749888	0.629683	0.387144	0.785456	0.492891
52	7	0.246542	0.0658801	0.653111	0.100871	0.0576636	-0.0680001	0.471396	-0.144253
52	8	0.247808	0.467067	0.838449	0.557061	0.258509	0.159935	1.34472	0.118936
52	9	0.302394	0.233155	1.0476	0.222561	0.416768	0.163955	0.648688	0.252749
53	0	0.200569	0.190942	1.13362	0.168435	0.351164	0.313686	1.13362	0.276711
53	1	0.027901	0.11088	1.0286	0.107797	-0.0858489	-0.232721	1.28556	-0.181026
53	2	0.188396	0.108244	1.14187	0.0947953	0.390733	0.439953	1.21618	0.36175
53	3	0.631264	0.572467	1.39335	0.410856	0.574372	0.354672	1.04993	0.337806
53	4	0.629203	0.762211	1.01373	0.751888	0.620348	0.758631	1.28398	0.590844
53	5	0.23086	0.20667	1.02979	0.200692	-0.366849	-0.235511	1.39491	-0.168836
53	6	-0.160254	-0.0208682	1.02837	-0.0202924	0.571211	0.253249	1.99577	0.126893
53	7	0.832637	0.884153	0.976391	0.905531	0.499998	0.692593	2.50749	0.27621
53	8	0.409771	0.334657	1.14206	0.293029	0.588913	0.440923	0.829763	0.531384
53	9	0.0610671	0.129723	1.12445	0.115366	-0.325916	-0.182501	0.859933	-0.212227
54	0	-0.0482485	-0.0377612	0.915125	-0.0412634	0.144281	0.0678216	0.915125	0.0741119
54	1	0.170183	0.141615	0.814714	0.173822	0.0979904	0.126728	0.648314	0.195473
54	2	0.146465	0.0945389	0.877362	0.107753	0.125905	0.0487085	0.560831	0.0868506
54	3	0.333202	0.369613	0.694775	0.53199	0.338335	0.387796	0.766726	0.505781
54	4	0.325339	0.191746	0.698003	0.274706	0.463902	0.217243	0.535453	0.405718
54	5	0.382431	0.371687	0.692212	0.536956	0.354297	-0.023196	0.585446	-0.0396211
54	6	0.574499	0.476388	0.615202	0.77436	0.273632	0.397636	0.731074	0.543906
54	7	0.454176	0.441324	0.700331	0.630165	0.841216	0.875245	1.09965	0.795928
54	8	0.383052	0.535674	0.919439	0.58261	-0.108733	0.125568	0.72623	0.172903
54	9	-0.373025	-0.277379	0.619922	-0.447442	0.0270573	0.0455881	0.372275	0.122458
55	0	0.312191	0.310045	0.908001	0.341459	0.519874	0.326181	0.908001	0.359229
55	1	0.172802	0.104628	0.992507	0.105418	0.294551	0.038582	1.21155	0.0318451
55	2	0.852108	0.901682	1.21304	0.743322	0.976216	1.13696	1.32786	0.856236
55	3	1.30896	1.322	1.47623	0.895525	0.907882	0.999016	1.42083	0.703124
55	4	0.509718	0.484602	1.25755	0.385355	0.478318	0.269265	1.2526	0.214964
55	5	0.301046	0.160814	0.96797	0.166136	0.12443	-0.315786	1.83275	-0.172301
55	6	0.85751	0.751793	1.44392	0.520663	0.760292	0.874692	3.88988	0.224863
55	7	0.109822	0.290867	2.03669	0.142814	0.579328	0.661438	2.40199	0.275371
55	8	0.68551	0.73881	1.09827	0.672704	0.530645	0.470383	0.797398	0.589897
55	9	0.250981	0.282267	0.847689	0.332984	0.139819	-0.0428495	0.802937	-0.0533659
56	0	0.373158	0.403749	1.09475	0.368806	0.785835	0.839172	1.09475	0.766544
56	1	0.872443	0.852436	1.27071	0.670832	0.501026	0.574964	1.17136	0.49085
56	2	-0.098341	-0.184516	1.24272	-0.148478	-0.492084	-0.479803	0.967639	-0.49585
56	3	-0.378772	-0.460147	0.990882	-0.464381	-0.111117	-0.181905	0.600922	-0.302709
56	4	-0.0778643	-0.250031	0.834947	-0.299458	0.139328	-0.0562491	0.697766	-0.0806131
56	5	0.155408	0.134095	0.782069	0.171462	-0.187909	-0.240993	0.607789	-0.396508
56	6	-0.138879	-0.269251	0.641725	-0.419574	0.284899	0.0468832	0.501998	0.0933932
56	7	0.85249	0.928374	0.72986	1.27199	0.712649	0.838315	1.34948	0.621213
56	8	0.163505	0.26385	0.835545	0.315782	0.0650049	0.170838	0.62764	0.272192
56	9	0.286242	0.340076	0.630522	0.539356	0.60228	0.458446	0.921989	0.497236
57	0	0.0340381	0.0626373	0.904779	0.0692294	-0.0725554	0.0368828	0.904779	0.0407644
57	1	-0.240752	-0.166784	0.78832	-0.211569	0.0938808	-0.054441	0.811508	-0.0670862
57	2	0.266332	0.283944	0.853665	0.332617	0.00521174	0.0909421	0.808816	0.112439
57	3	-0.0456053	0.00519219	0.772551	0.00672084	-0.056658	-0.0149169	0.699179	-0.0213349
57	4	-0.170795	-0.131211	0.716112	-0.183226	-0.130107	-0.341829	0.959917	-0.356103
57	5	0.0757655	0.124799	1.05036	0.118816	0.286751	0.352241	1.0411	0.338334
57	6	0.830514	0.858846	0.964037	0.890884	0.894734	0.774415	1.07273	0.721913
57	7	1.00661	1.15469	1.05247	1.09712	0.987609	0.990892	1.22073	0.81172
57	8	0.28706	0.3302	0.913776	0.361357	0.0209506	0.129453	0.512558	0.252563
57	9	0.186913	0.113253	0.802823	0.141068	0.319292	0.259786	0.701866	0.370136
58	0	0.441871	0.474032	0.829756	0.571291	0.480167	0.438793	0.829756	0.528821
58	1	0.78141	0.878761	1.04094	0.8442	1.08102	1.04683	1.54979	0.675463
58	2	0.337709	0.271734	1.24143	0.218888	-0.15258	-0.221338	1.26155	-0.175449
58	3	-0.0325808	-0.127418	0.88661	-0.143713	0.00334058	0.0734011	0.747303	0.0982213
58	4	-0.174734	-0.180544	0.640202	-0.282011	-0.137023	-0.320589	0.676736	-0.473729
58	5	0.215816	0.176341	0.818991	0.215315	0.244862	0.153376	1.04033	0.14743
58	6	0.944275	1.32789	1.55763	0.852504	0.90158	1.01962	2.55744	0.398689
58	7	-0.27893	-0.262315	1.45593	-0.18017	-0.20477	-0.255688	1.92602	-0.132754
58	8	0.0884707	0.0371601	1.40901	0.0263732	0.201979	0.0102349	1.2783	0.00800664
58	9	0.249905	0.274685	0.946021	0.290358	0.493139	0.294459	0.91652	0.32128
59	0	0.186575	0.192882	0.886925	0.217473	0.29494	0.326989	0.886925	0.368677
59	1	0.433669	0.545207	0.884506	0.616397	0.574428	0.634602	1.12898	0.562102
59	2	0.288797	0.353026	0.887177	0.39792	0.205009	0.331255	1.02561	0.322982
59	3	0.189243	0.305296	0.854438	0.357307	0.108951	0.102963	1.06001	0.0971342
59	4	0.559893	0.600327	1.15571	0.519445	1.04952	1.12805	1.1932	0.945402
59	5	1.20082	1.1195	1.5008	0.745931	0.890906	0.856883	1.74077	0.492244
59	6	1.00929	1.02259	2.08813	0.489717	0.699193	0.526693	2.83857	0.185549
59	7	0.0878591	-0.00315372	1.57059	-0.00200798	0.355117	0.146457	2.77837	0.0527133
59	8	0.108791	0.195046	1.45743	0.133829	-0.100658	0.17127	0.991758	0.172694
59	9	0.00839082	0.100362	1.11251	0.090212	-0.0830062	0.0746515	0.873165	0.0854953
60	0	0.220177	0.253055	1.0349	0.244522	0.524949	0.396005	1.0349	0.382652
60	1	0.48625	0.472491	1.14516	0.412596	0.350276	0.289364	1.23594	0.234125
60	2	0.220115	0.10828	1.0597	0.10218	0.263754	-0.112174	0.611622	-0.183404
60	3	0.297556	0.250531	0.724245	0.345921	0.0279154	-0.00982447	0.810378	-0.0121233
60	4	0.107558	0.285795	0.761278	0.375415	0.0932547	0.0770603	1.04848	0.0734969
60	5	-0.0115245	-0.104035	0.949998	-0.109511	-0.461455	-0.709732	0.85706	-0.8281
60	6	-0.0682299	-0.0891202	0.905444	-0.0984271	0.601586	0.585333	0.947506	0.617761
60	7	0.215579	0.0251402	0.981723	0.0256083	-0.0830151	-0.250523	0.909822	-0.275354
60	8	-0.147417	-0.00164546	1.12586	-0.00146152	0.273031	0.331402	0.939171	0.352867
60	9	0.160208	0.153495	0.781694	0.196362	0.0162369	0.0137434	0.606907	0.022645
61	0	0.0930239	0.077561	0.579843	0.133762	0.0100864	-0.00655885	0.579843	-0.0113114
61	1	0.0411376	0.176189	0.711306	0.247697	0.305816	0.222047	0.509112	0.436144
61	2	0.164583	0.284449	0.678957	0.41895	-0.19814	0.0219777	0.675677	0.032527
61	3	-0.00901962	0.0488003	0.763798	0.0638916	0.288177	0.199967	0.78707	0.254066
61	4	0.271988	0.377549	0.947618	0.398419	0.244109	0.07982	0.916494	0.0870928
61	5	0.21762	0.185765	0.942357	0.197128	0.395885	0.142037	1.33994	0.106002
61	6	0.302023	0.250264	1.38088	0.181235	-0.117453	-0.0304874	1.04245	-0.0292458
61	7	0.373794	0.266955	0.781532	0.341579	0.621222	0.367588	0.822147	0.447107
61	8	0.40752	0.347861	1.08655	0.320151	0.330033	0.281716	1.00778	0.279541
61	9	0.318418	0.387936	1.1452	0.338749	0.442997	0.308398	1.09633	0.281299
62	0	0.240383	0.309971	0.809608	0.382865	0.385293	0.395129	0.809608	0.488049
62	1	0.179557	0.168529	0.938162	0.179637	0.330985	0.14805	0.804263	0.184082
62	2	0.780501	0.869631	0.942001	0.923174	0.435459	0.678558	1.09528	0.619527
62	3	0.194595	0.101773	1.23591	0.0823468	0.344948	0.283564	0.867876	0.326733
62	4	0.226022	0.190259	0.881124	0.215927	0.260165	0.0980258	0.785233	0.124837
62	5	0.527702	0.413419	0.886661	0.466265	0.369509	-0.164189	1.60618	-0.102223
62	6	-0.319909	-0.444617	1.39655	-0.318368	-0.18973	-0.3526	2.21831	-0.15895
62	7	0.607173	0.639131	1.58321	0.403692	0.722629	0.872899	1.45529	0.599811
62	8	0.114741	0.115676	0.93904	0.123186	-0.165903	-0.125147	0.673556	-0.185801
62	9	0.135534	0.177093	0.728936	0.242947	0.245293	0.551456	0.619527	0.890124
63	0	0.444857	0.458126	1.04349	0.439035	0.50019	0.506679	1.04349	0.485564
63	1	0.528288	0.566923	1.21013	0.468482	0.688451	0.498641	1.03912	0.479869
63	2	0.437695	0.36634	0.988131	0.37074	0.456557	0.341136	1.02816	0.331792
63	3	0.501451	0.512511	1.01839	0.503257	0.181413	0.228678	0.988525	0.231332
63	4	-0.200435	-0.138912	0.917718	-0.151367	-0.192869	-0.0251705	1.2389	-0.0203168
63	5	-0.209261	-0.2326	0.871197	-0.266989	-0.605151	-0.504147	0.987268	-0.510648
63	6	-0.182768	-0.278933	0.642	-0.434475	0.327225	-0.0425016	0.958275	-0.0443522
63	7	0.483715	0.48639	0.701901	0.692961	0.563882	0.483618	0.854596	0.565902
63	8	0.360702	0.171257	0.765387	0.223753	0.238931	0.210996	0.60779	0.347153
63	9	0.00462452	-0.0532506	0.861758	-0.061793	0.093487	-0.0516639	0.831137	-0.0621606
64	0	-0.0412751	-0.0223984	0.747862	-0.0299499	-0.0276775	0.0700543	0.747862	0.0936727
64	1	-0.0550533	-0.141288	0.804742	-0.17557	0.0831442	-0.0392107	1.08154	-0.0362544
64	2	0.481451	0.699693	1.39466	0.501693	0.544269	0.776089	1.18262	0.656247
64	3	0.617369	0.752869	1.13583	0.662837	0.586062	0.676872	1.28425	0.527056
64	4	0.382903	0.565929	1.25073	0.45248	0.472631	0.534198	1.18468	0.450922
64	5	0.365883	0.380018	1.08458	0.350381	0.0773327	-0.13361	1.24879	-0.106991
64	6	0.443584	0.737472	1.10298	0.668618	0.0483337	0.247662	1.9328	0.128137
64	7	-0.209974	-0.28482	1.04573	-0.272364	0.321465	0.35291	2.20957	0.159719
64	8	0.352626	0.407867	1.47629	0.276279	0.544338	0.266597	0.91688	0.290765
64	9	0.543183	0.598131	1.1737	0.509611	0.557535	0.368329	0.77573	0.474815
65	0	0.124555	0.0897093	1.02195	0.0877827	0.251123	0.102653	1.02195	0.100448
65	1	0.453826	0.518639	1.02886	0.504091	0.463703	0.487756	0.867586	0.562199
65	2	0.204995	0.295466	0.828828	0.356486	-0.0292538	-0.0184909	0.511787	-0.03613
65	3	-0.112144	-0.16447	0.606931	-0.270987	-0.109131	-0.0964814	0.609886	-0.158196
65	4	0.0209761	-0.00710344	0.716467	-0.00991454	-0.0478572	0.0187497	0.757677	0.0247463
65	5	-0.383126	-0.310331	0.797023	-0.389363	-0.339012	-0.363206	0.633405	-0.573419
65	6	-0.128749	-0.29303	0.885413	-0.330953	0.180866	0.171258	0.639042	0.267992
65	7	0.0927027	0.0673594	0.783473	0.0859753	-0.0365801	-0.277308	0.628596	-0.441154
65	8	0.0911514	0.0550315	0.633366	0.0868874	0.174154	-0.0421784	0.595631	-0.070813
65	9	0.175613	0.279318	0.652745	0.427912	0.196637	0.0840914	0.513321	0.163818
66	0	-0.0292089	0.054093	1.07832	0.0501641	0.255876	0.247487	1.07832	0.229512
66	1	0.597593	0.604053	1.00352	0.601937	0.458474	0.279715	1.23037	0.227342
66	2	0.0257473	-0.013745	1.30353	-0.0105445	-0.0312511	0.0332169	1.40728	0.0236036
66	3	0.272765	0.440756	1.19391	0.36917	0.511221	0.471164	0.79279	0.594311
66	4	0.643353	0.648081	1.09754	0.590486	0.567559	0.399872	0.916831	0.436146
66	5	0.491634	0.515418	1.07255	0.480556	-0.00934477	0.109248	0.914181	0.119504
66	6	-0.281053	-0.0725924	0.826422	-0.0878394	0.0281828	0.328174	1.11715	0.293761
66	7	0.35581	0.331697	1.04038	0.318822	0.556027	0.350085	0.79037	0.442938
66	8	0.531289	0.713982	0.694223	1.02846	0.459615	0.543755	0.609653	0.891909
66	9	0.226831	0.252501	0.735831	0.343151	0.102419	0.241127	0.81003	0.297676
67	0	0.0465833	0.0154792	1.23046	0.01258	0.320592	0.191224	1.23046	0.155408
67	1	0.498995	0.5378	1.28241	0.419366	0.305472	0.243966	1.73448	0.140657
67	2	0.651946	0.685256	1.42564	0.480666	0.883158	0.896663	1.61818	0.554119
67	3	0.427576	0.396438	1.45287	0.272865	0.20053	0.237563	1.01023	0.235157
67	4	0.340533	0.254928	0.761629	0.334714	0.299844	0.291069	1.04669	0.278084
67	5	0.235901	0.232261	1.02398	0.226823	-0.198132	-0.236227	1.5734	-0.150138
67	6	-0.536182	-0.640761	1.17936	-0.543315	-0.0193327	-0.280647	2.24203	-0.125175
67	7	1.05052	1.12763	1.7087	0.659935	1.19024	1.20835	2.07841	0.58138
67	8	0.473537	0.616866	1.05186	0.586454	0.49758	0.502685	0.620055	0.81071
67	9	0.427727	0.478408	0.725194	0.659696	-0.152623	-0.103785	0.749512	-0.13847
68	0	0.0364633	0.0619436	0.889276	0.0696562	0.240741	0.143452	0.889276	0.161314
68	1	-0.00360853	-0.0400814	0.913574	-0.0438732	-0.0291419	-0.251626	1.12315	-0.224037
68	2	0.42257	0.563669	1.38492	0.407006	0.600351	0.646564	1.0162	0.63626
68	3	0.705975	0.748463	1.05927	0.706585	0.643249	0.389513	1.27128	0.306395
68	4	0.348179	0.3822	1.14524	0.333728	-0.1488	-0.0684977	1.46345	-0.0468056
68	5	-0.119185	-0.209314	1.47397	-0.142008	-0.239007	-0.212019	1.78779	-0.118593
68	6	-0.152026	0.0169737	1.62024	0.010476	0.169078	0.662164	1.98818	0.33305
68	7	0.0482573	0.14462	0.960425	0.150579	-0.019086	0.11922	0.700767	0.170128
68	8	0.174453	0.30024	0.431345	0.696056	0.468944	0.393799	0.497561	0.791459
68	9	0.298598	0.13059	0.653545	0.199818	0.160612	-0.143127	0.599506	-0.238742
69	0	0.206295	0.149073	0.895716	0.166429	0.308371	0.363502	0.895716	0.405823
69	1	0.178732	0.243104	0.821677	0.295863	0.0699573	0.189925	0.97314	0.195167
69	2	0.0849767	0.0984166	0.868714	0.11329	0.106085	0.0952077	0.977165	0.0974326
69	3	0.360799	0.409257	0.83388	0.490787	0.784887	0.655162	0.87047	0.752653
69	4	0.553794	0.746801	1.01133	0.738435	0.254169	0.326852	0.647034	0.505154
69	5	0.382364	0.366687	0.711435	0.515419	0.0849999	0.326576	0.67087	0.486795
69	6	-0.0385383	0.0842211	0.824711	0.102122	0.139176	0.0988353	0.426736	0.231608
69	7	0.256997	0.0546017	0.416674	0.131042	0.442146	0.0777648	0.213541	0.364168
69	8	0.207777	0.236812	0.412778	0.573702	-0.0559984	0.0773459	0.44437	0.174058
69	9	0.056854	0.0770698	0.689349	0.111801	0.434274	0.438205	0.862714	0.507938
70	0	0.310693	0.316635	1.0571	0.299532	0.657303	0.56681	1.0571	0.536195
70	1	0.613441	0.630029	1.16213	0.542131	0.239833	0.280516	1.6448	0.170547
70	2	0.511809	0.645887	1.38902	0.464996	0.698889	0.772843	1.80047	0.429245
70	3	0.391711	0.444218	1.43758	0.309005	0.148117	0.211763	1.33265	0.158904
70	4	-0.149822	-0.190207	1.23086	-0.154532	-0.0190892	-0.0384785	1.74353	-0.0220694
70	5	0.40324	0.404864	1.79904	0.225044	-0.265257	-0.212555	2.65283	-0.0801239
70	6	-0.427814	-0.751394	2.11779	-0.3548	-0.00518174	-0.791906	3.10611	-0.254951
70	7	0.389766	0.593874	2.12234	0.279821	0.72825	0.678257	4.01317	0.169008
70	8	-0.179928	-0.253521	1.80935	-0.140118	-0.145772	-0.476681	1.46618	-0.325116
70	9	0.217481	0.174868	1.07862	0.162122	0.0272675	-0.179846	0.672676	-0.267358
71	0	0.232281	0.248828	0.909956	0.273451	0.192227	0.219486	0.909956	0.241205
71	1	-0.240582	-0.116547	0.868127	-0.134251	-0.0171938	-0.0729634	0.850649	-0.0857738
71	2	0.737861	0.624366	1.0637	0.586974	0.97707	0.721245	1.30106	0.554351
71	3	0.692826	0.892393	1.18319	0.754228	0.284059	0.554518	0.898022	0.617488
71	4	0.313196	0.229273	0.729812	0.314154	0.166649	0.284308	0.743408	0.382439
71	5	0.0306733	0.0521327	0.741672	0.0702907	0.175553	-0.108345	1.2325	-0.0879072
71	6	0.543661	0.468387	1.06144	0.441274	0.625563	0.389269	1.59684	0.243775
71	7	0.409176	0.306815	0.886339	0.34616	0.415178	0.235835	1.37591	0.171402
71	8	0.00431731	-0.0159118	1.30276	-0.0122139	-0.285936	-0.273335	1.24873	-0.218889
71	9	-0.0479946	0.00697972	1.03858	0.00672046	0.120257	0.274242	1.63742	0.167484
72	0	0.0858585	0.143351	1.10518	0.129709	0.0386217	0.160214	1.10518	0.144967
72	1	0.627005	0.682365	0.896196	0.761401	0.973424	1.03481	0.833061	1.24218
72	2	0.698952	0.739619	1.11367	0.66413	0.770317	0.69359	1.08012	0.642144
72	3	0.403838	0.404294	1.06094	0.381073	0.0709694	-0.0572043	1.24417	-0.045978
72	4	0.273219	0.268994	1.07039	0.251304	0.0156442	-0.0550881	1.49965	-0.0367339
72	5	0.329463	0.26896	1.17175	0.229537	0.623538	0.374339	1.95217	0.191755
72	6	0.666078	0.588148	1.81555	0.32395	0.380489	0.107369	3.20099	0.0335424
72	7	-0.384841	-0.356673	1.18076	-0.302071	0.242799	0.403686	2.15406	0.187407
72	8	0.570986	0.649927	1.16533	0.557717	0.162397	0.130119	0.860729	0.151173
72	9	0.00184872	0.152444	0.894867	0.170354	0.186545	0.127376	0.659952	0.193008
73	0	0.349262	0.368898	0.940235	0.392347	0.361732	0.2713	0.940235	0.288545
73	1	0.311448	0.225126	0.812774	0.276985	0.57067	0.243074	0.699443	0.347525
73	2	0.330426	0.359073	0.857459	0.418765	-0.0906969	-0.14908	1.00078	-0.148964
73	3	0.0170367	0.0257563	1.00113	0.0257272	0.0141887	0.148471	0.913343	0.162557
73	4	0.447332	0.549343	0.912745	0.601858	0.62177	0.637	1.36757	0.46579
73	5	0.358694	0.539297	1.29373	0.416853	0.0523161	0.0384238	1.96952	0.0195092
73	6	-0.376676	-0.554062	1.47283	-0.376188	0.0191654	0.0287733	2.5273	0.011385
73	7	0.079713	0.214628	1.74269	0.123159	0.0219927	0.134404	3.28396	0.0409273
73	8	0.501609	0.519581	1.75229	0.296516	0.284311	0.383616	1.4341	0.267496
73	9	-0.131352	-0.0739156	1.49182	-0.0495474	0.0608534	0.0340195	1.07238	0.0317233
74	0	0.0242295	0.0518096	1.35881	0.0381286	-0.129695	-0.0395523	1.35881	-0.0291081
74	1	0.682126	0.774193	1.15608	0.669671	0.991878	1.10845	1.50218	0.737895
74	2	-0.0619644	0.0160172	1.57962	0.0101399	-0.244213	-0.215955	1.05569	-0.204562
74	3	0.114625	0.052178	0.953069	0.0547474	0.0437401	-0.0423476	0.81975	-0.0516592
74	4	0.105755	0.239943	0.853964	0.280975	0.39234	0.41264	1.1469	0.359787
74	5	0.146317	0.0814265	1.07449	0.0757813	-0.459484	-0.528077	1.31417	-0.401832
74	6	-0.574197	-0.542402	0.976072	-0.555698	0.297751	-0.13056	1.15799	-0.112748
74	7	0.717805	0.749198	0.680168	1.10149	0.323064	0.398921	0.803372	0.496558
74	8	0.387833	0.362663	0.677213	0.535522	0.5166	0.445139	0.702413	0.633728
74	9	-0.050072	0.0137955	0.718626	0.0191971	-0.0842011	-0.296865	0.634319	-0.468005
75	0	0.326862	0.292333	1.46957	0.198925	0.493453	0.478614	1.46957	0.325684
75	1	0.686915	0.663722	1.26545	0.524496	0.607364	0.483166	1.17544	0.41105
75	2	0.302595	0.394748	1.22654	0.321838	0.477348	0.545619	0.953618	0.572157
75	3	0.219799	0.209163	1.00395	0.208339	-0.0347663	-0.11094	1.0427	-0.106397
75	4	0.391334	0.437612	0.995287	0.439684	0.46984	0.526704	0.846662	0.622094
75	5	0.317589	0.333041	0.956017	0.348363	0.127286	0.025073	0.810163	0.0309481
75	6	-0.507158	-0.48247	0.726142	-0.664429	0.0391327	-0.438439	0.949207	-0.4619
75	7	0.267568	0.120383	1.11437	0.108028	-0.108613	-0.487004	0.730431	-0.666735
75	8	0.126236	0.197027	0.826326	0.238437	-0.0896688	0.22785	0.982547	0.231898
75	9	-0.194154	-0.22213	0.712199	-0.311893	-0.0407373	-0.0573298	0.648432	-0.088413
76	0	0.136454	0.103582	0.679417	0.152457	0.344842	0.267421	0.679417	0.393604
76	1	0.149314	0.230342	0.701271	0.328464	0.135615	0.0392608	0.516382	0.0760305
76	2	0.208718	0.166935	0.882878	0.189081	0.0556964	0.0689833	0.790504	0.0872649
76	3	-0.01686	0.0144984	0.839205	0.0172764	0.130624	-0.0741146	0.645959	-0.114736
76	4	0.226147	0.315008	0.782197	0.402722	0.175859	0.0914891	0.668225	0.136914
76	5	0.17092	0.26877	0.707731	0.379763	-0.279592	-0.290732	0.622104	-0.467337
76	6	-0.419012	-0.534859	0.684569	-0.781308	-0.044477	-0.192153	0.673664	-0.285236
76	7	0.332781	0.267672	0.641722	0.417116	0.323904	0.137039	0.76076	0.180134
76	8	0.0165409	0.105061	0.640982	0.163906	0.00927543	0.186669	0.393968	0.473816
76	9	0.189407	0.0533755	0.662115	0.0806136	0.207511	0.0912008	0.423226	0.215489
77	0	-0.112888	-0.150724	0.839942	-0.179446	-0.142149	-0.308676	0.839942	-0.367497
77	1	0.838157	0.911571	0.946555	0.96304	1.13291	1.32441	1.51389	0.874841
77	2	1.20885	1.28207	1.64669	0.778578	1.3359	1.37563	1.90156	0.723426
77	3	0.841811	0.793747	1.75184	0.453094	0.250549	0.285816	1.4599	0.195778
77	4	0.655144	0.776866	1.55934	0.498202	1.06605	1.08743	2.22957	0.48773
77	5	0.464974	0.497454	2.01506	0.246868	-0.311274	-0.456992	2.59951	-0.175799
77	6	-0.789231	-0.867579	1.68097	-0.516119	-0.0609815	-0.18415	2.96303	-0.0621495
77	7	0.314	0.425354	1.92522	0.220938	0.399937	0.346428	1.3143	0.263585
77	8	0.45798	0.526056	1.15556	0.455241	0.224513	0.24288	1.08211	0.224451
77	9	0.106375	0.0194806	0.856965	0.0227321	0.152771	0.0677442	0.577806	0.117244
78	0	0.324424	0.295979	0.599053	0.494077	0.590538	0.408211	0.599053	0.681427
78	1	0.273426	0.215203	0.842749	0.255358	0.0612293	0.0435192	1.00903	0.0431298
78	2	0.0988952	0.146405	0.902194	0.162277	0.0523664	0.0964295	0.691742	0.139401
78	3	0.104481	0.149024	0.776461	0.191927	-0.00609475	0.0403716	0.907596	0.0444819
78	4	0.19208	0.120619	0.925522	0.130326	0.375329	0.223185	0.621891	0.358882
78	5	0.0941603	0.300347	0.847017	0.354593	-0.342104	-0.274039	1.35192	-0.202704
78	6	-0.016771	-0.134194	1.133	-0.118441	0.185852	-0.154562	1.47207	-0.104996
78	7	0.540504	0.611423	1.2932	0.472799	0.875527	0.953021	1.90646	0.499891
78	8	0.492116	0.459083	0.899423	0.510419	0.134534	0.278955	0.85113	0.327746
78	9	0.0793636	0.0408658	0.874613	0.0467244	0.152273	0.154251	1.09467	0.140911
79	0	0.059185	0.0348741	0.87758	0.0397389	0.346007	0.219137	0.87758	0.249706
79	1	0.36972	0.326481	0.955806	0.341576	0.00892902	-0.0237738	0.983754	-0.0241664
79	2	0.0199185	-0.0679596	1.05908	-0.0641684	0.268255	0.193769	0.995373	0.19467
79	3	0.117511	0.0292111	0.986252	0.0296183	0.286509	0.0641338	0.850792	0.0753812
79	4	0.359047	0.196487	0.900525	0.218192	-0.0194593	-0.0469763	0.641997	-0.0731721
79	5	-0.14882	-0.12823	0.645561	-0.198633	-0.0112908	-0.346754	0.679141	-0.510577
79	6	-0.0907692	-0.100591	1.00352	-0.100239	-0.625358	-0.296317	1.05557	-0.280717
79	7	-0.282883	-0.298904	1.1791	-0.253502	0.373969	0.212419	1.40746	0.150924
79	8	0.631337	0.745985	1.25536	0.594242	0.777701	0.693656	1.06644	0.650441
79	9	0.513781	0.531537	1.04065	0.510773	0.0247077	-0.00850474	1.05868	-0.00803333
80	0	0.144684	0.246047	1.0145	0.24253	0.132681	0.205795	1.0145	0.202853
80	1	0.0648486	0.0569491	1.01509	0.0561022	0.387703	0.180825	0.972564	0.185926
80	2	0.196382	0.180455	0.933209	0.19337	-0.344446	-0.145937	0.738517	-0.197608
80	3	0.0936497	0.188651	0.885971	0.212932	0.492343	0.447257	1.04327	0.428707
80	4	0.168843	0.27033	0.778354	0.34731	0.201955	0.278051	0.881488	0.315434
80	5	0.441465	0.418305	0.830086	0.50393	0.296758	0.148029	0.932083	0.158815
80	6	0.204525	0.196955	1.14089	0.172633	0.026997	-0.385005	1.52555	-0.252371
80	7	0.223054	0.115843	0.782775	0.14799	0.591334	0.546544	1.10152	0.496172
80	8	0.23903	0.202963	0.889532	0.228169	-0.0356276	-0.199393	0.701619	-0.284189
80	9	-0.0494793	0.0278751	0.980385	0.0284328	0.126287	0.230077	0.689173	0.333846
81	0	0.358096	0.344575	0.778708	0.442496	0.538223	0.630071	0.778708	0.809123
81	1	0.43821	0.585733	0.973816	0.601482	0.528436	0.5318	1.09856	0.484089
81	2	0.563265	0.501338	1.09924	0.456076	0.34986	0.15921	0.874055	0.182151
81	3	0.471323	0.340432	0.929441	0.366276	0.590101	0.299813	0.933881	0.32104
81	4	0.349055	0.357198	0.925184	0.386083	0.341345	0.325977	0.821541	0.396787
81	5	0.445637	0.670447	0.885841	0.756848	-0.112285	0.134033	1.67934	0.0798125
81	6	0.111785	0.0991375	1.16932	0.0847823	0.535469	0.320381	2.29581	0.13955
81	7	0.710639	0.74036	1.58174	0.468068	0.953246	0.887751	1.80691	0.491309
81	8	0.413414	0.559569	1.111	0.503664	0.214517	0.341525	1.4619	0.233617
81	9	0.284456	0.29144	1.23801	0.23541	0.400253	0.33398	0.941223	0.354836
82	0	0.604205	0.668739	1.19392	0.560119	0.872608	0.970318	1.19392	0.812715
82	1	0.304993	0.402382	1.17351	0.342889	0.113318	0.110867	1.11913	0.0990647
82	2	0.300662	0.224288	1.08362	0.20698	0.312658	0.225704	0.934985	0.241399
82	3	0.872478	0.896958	0.980531	0.914768	0.88469	0.991349	1.19506	0.829541
82	4	0.1367	0.0802504	1.19878	0.0669433	0.159372	-0.0294513	1.0612	-0.0277528
82	5	0.366262	0.360697	0.866592	0.416225	-0.516437	-0.547735	1.34113	-0.408413
82	6	-1.08121	-1.14301	1.11712	-1.02318	-0.507582	-0.500742	1.53257	-0.326733
82	7	0.115564	0.247145	1.36793	0.18067	0.508613	0.292534	0.67596	0.432768
82	8	0.188591	0.105784	0.67431	0.156878	0.270714	0.089518	0.64562	0.138654
82	9	0.522385	0.553138	0.681465	0.811689	0.439896	0.112825	0.666064	0.169391
83	0	-0.105176	-0.0952259	1.30406	-0.0730226	0.111551	-0.0677451	1.30406	-0.0519494
83	1	0.419072	0.48972	1.39486	0.351089	0.49557	0.435119	1.61689	0.269108
83	2	0.520989	0.584656	1.36571	0.428096	0.558343	0.679744	1.13749	0.597583
83	3	0.415692	0.316356	1.07102	0.295379	0.168745	0.0870066	1.44614	0.0601646
83	4	0.264719	0.267654	1.08149	0.247485	0.175237	0.0043564	1.37465	0.00316909
83	5	-0.00152328	-0.048071	1.24835	-0.0385075	0.390851	0.0350962	0.993991	0.0353084
83	6	0.243961	0.429904	1.2094	0.355467	-0.523869	-0.493783	1.04042	-0.474601
83	7	-0.254587	-0.351539	1.0245	-0.343132	0.220555	0.0775444	0.613821	0.126331
83	8	0.331018	0.44989	0.820295	0.54845	0.555131	0.552502	1.03402	0.534325
83	9	0.183312	0.0593801	1.11621	0.0531982	-0.0275238	-0.0598336	0.707774	-0.0845377
84	0	0.0689928	0.105896	0.961286	0.11016	0.444209	0.330271	0.961286	0.343572
84	1	0.338477	0.384451	1.08911	0.352995	0.132542	-0.0260513	0.791426	-0.0329169
84	2	0.196379	0.297336	0.778153	0.382104	-0.067845	0.0519376	0.570812	0.0909889
84	3	-0.0268197	0.00329735	0.619803	0.00531999	0.096206	0.150459	0.594379	0.253137
84	4	0.0671283	0.0422012	0.624808	0.0675427	-0.0189531	0.00892849	0.75022	0.0119012
84	5	0.0415099	-0.0125934	0.838291	-0.0150227	0.347701	-0.127105	1.06814	-0.118997
84	6	0.495274	0.652751	0.886625	0.73622	0.383713	0.36013	1.11792	0.322144
84	7	0.535431	0.185657	1.10449	0.168092	0.526841	0.148552	0.648075	0.22922
84	8	0.535178	0.732357	0.937574	0.781119	0.471372	0.811766	0.916047	0.886163
84	9	0.335218	0.446725	0.844751	0.528824	0.432135	0.625674	0.868854	0.720114
85	0	0.242444	0.255175	1.08312	0.235593	0.68542	0.490836	1.08312	0.453168
85	1	0.693269	0.775426	1.23025	0.630297	0.340463	0.224397	0.934583	0.240104
85	2	0.251604	0.273996	0.91374	0.299863	0.128235	0.245894	0.923439	0.266281
85	3	0.349999	0.32598	0.969128	0.336364	0.417297	0.469446	1.15264	0.40728
85	4	0.176131	0.216633	0.980786	0.220876	-0.0284595	-0.15389	0.935643	-0.164475
85	5	-0.0580042	-0.21596	0.969898	-0.222663	-0.325748	-0.369576	1.46916	-0.251556
85	6	0.44506	0.528393	1.46939	0.359601	0.575786	0.609124	3.08888	0.197199
85	7	0.301978	0.569564	1.81273	0.314203	0.862101	0.944038	3.08826	0.305686
85	8	0.626578	0.476095	1.10302	0.431628	0.203915	0.295011	0.747924	0.39444
85	9	0.298082	0.30202	0.966868	0.312369	0.610128	0.599321	0.851843	0.703558
86	0	0.0800297	0.0890525	1.12883	0.0788892	0.287161	0.227231	1.12883	0.201297
86	1	0.235669	0.311136	1.13465	0.274214	0.208271	0.207659	0.898555	0.231103
86	2	0.193801	0.284847	1.15112	0.247453	0.0826276	-0.0862694	0.930282	-0.0927347
86	3	0.260237	0.335276	0.737896	0.454367	0.210691	0.197456	0.419338	0.470875
86	4	0.0176413	0.114909	0.654816	0.175483	-0.0936171	0.151424	0.736954	0.205473
86	5	-0.042404	0.203195	0.682982	0.297511	-0.0889671	0.0398627	1.05249	0.0378745
86	6	0.548163	0.160958	0.843825	0.190748	0.858762	0.464163	0.814695	0.569739
86	7	0.222712	0.244692	0.604664	0.404674	0.157098	0.130815	0.561626	0.232921
86	8	0.508316	0.479237	0.652359	0.734621	0.535096	0.410691	1.04515	0.39295
86	9	0.183367	0.157938	1.51058	0.104555	-0.342668	-0.290063	1.60705	-0.180494
87	0	0.0279127	-0.0426971	1.13865	-0.0374981	0.29666	0.117149	1.13865	0.102885
87	1	0.44702	0.401229	1.08448	0.369974	0.305579	0.201393	1.22561	0.16432
87	2	0.649389	0.770157	1.15442	0.667137	0.797962	0.80115	1.48515	0.539438
87	3	0.368583	0.25421	1.31825	0.192839	0.136904	-0.00858161	1.33672	-0.00641991
87	4	0.521548	0.368817	1.40786	0.261969	0.508072	0.484529	1.27445	0.380188
87	5	0.0724647	0.140508	1.17876	0.1192	-0.341598	-0.541908	1.41096	-0.384071
87	6	0.156031	0.288822	1.49427	0.193286	0.884773	0.96235	3.85527	0.24962
87	7	0.366617	0.397681	2.88418	0.137883	0.333195	0.135013	3.14472	0.0429332
87	8	0.675216	0.681287	1.31458	0.518253	0.578739	0.624578	1.16023	0.538321
87	9	0.190218	0.258615	0.93951	0.275265	0.0320233	0.178653	0.905936	0.197203
88	0	0.471669	0.506505	0.916754	0.552499	0.819736	0.718927	0.916754	0.784209
88	1	0.285063	0.295476	0.929897	0.317752	0.0735196	-0.0806441	0.710111	-0.113565
88	2	0.309734	0.346794	0.992584	0.349385	0.438352	0.305499	0.927047	0.32954
88	3	0.638567	0.656489	0.950604	0.690601	0.434191	0.418503	0.816138	0.512784
88	4	0.420851	0.448354	1.01372	0.442288	0.675603	0.452687	1.07859	0.419702
88	5	0.160229	0.00800184	1.07269	0.00745957	-0.891084	-0.901359	1.38835	-0.649228
88	6	-0.363366	-0.323057	1.14396	-0.282403	0.170228	0.0155977	1.15372	0.0135195
88	7	0.118897	0.0959335	1.30696	0.073402	0.525457	0.557435	0.528331	1.05509
88	8	0.523888	0.49858	0.612044	0.814615	0.203885	0.157349	0.574376	0.273949
88	9	-0.0620543	-0.141495	0.570601	-0.247975	0.151712	0.162255	1.0736	0.151131
89	0	-0.148919	-0.104163	1.21709	-0.085583	-0.0511438	0.0828394	1.21709	0.0680633
89	1	0.311514	0.378855	1.04102	0.363927	0.265052	0.280668	0.768569	0.365182
89	2	0.246358	0.208842	0.741363	0.281701	0.314067	0.264459	0.562201	0.470399
89	3	0.526586	0.456369	0.813775	0.560805	0.486237	0.482036	0.911476	0.528851
89	4	0.119101	0.129217	0.676945	0.190883	0.174964	0.140766	0.62519	0.225158
89	5	0.629965	0.671951	0.784382	0.856663	0.546264	0.429111	1.27218	0.337304
89	6	-0.104007	-0.135741	1.05308	-0.128899	-0.0640873	-0.333402	1.40903	-0.236617
89	7	0.862946	1.00578	1.09886	0.915296	0.703418	0.917997	1.57214	0.583915
89	8	0.569911	0.429263	0.851506	0.504122	0.698596	0.616778	0.779387	0.791363
89	9	0.476401	0.361984	1.09697	0.329984	0.449753	0.281868	1.02793	0.274208
90	0	0.916847	0.875947	0.776955	1.12741	1.22144	1.22821	0.776955	1.58079
90	1	0.781789	0.652522	1.46128	0.446543	0.487326	0.489765	1.04944	0.466694
90	2	0.332282	0.3454	1.06634	0.323911	0.48216	0.536803	0.90325	0.594302
90	3	0.763823	0.977436	1.08555	0.900406	0.526441	0.523088	1.1708	0.446777
90	4	0.143304	0.187106	0.979403	0.191041	0.44632	0.426233	1.14287	0.372951
90	5	0.410651	0.519775	0.963694	0.539357	-0.454716	-0.227884	1.478	-0.154184
90	6	-0.861003	-0.908039	1.22629	-0.740476	0.273255	-0.0459664	1.89492	-0.0242577
90	7	1.04925	0.953038	1.62541	0.586336	0.368946	0.320961	1.58089	0.203026
90	8	-0.139969	-0.06684	1.08357	-0.0616851	-0.0909405	-0.0808789	0.817955	-0.0988794
90	9	-0.069048	-0.130641	0.934779	-0.139756	0.173549	0.155051	0.847927	0.182858
91	0	0.0191192	0.0335803	0.721491	0.046543	0.136994	0.176899	0.721491	0.245185
91	1	0.541111	0.566965	0.899084	0.630603	0.560264	0.563938	0.683202	0.825433
91	2	0.393305	0.529709	0.862571	0.614105	0.280818	0.363373	1.07635	0.337598
91	3	-0.0460985	-0.099566	1.03612	-0.0960954	-0.101865	-0.0961027	1.19312	-0.0805473
91	4	0.0893563	0.0924275	0.825875	0.111915	0.19804	0.236833	0.883042	0.268202
91	5	0.189018	0.0185964	0.906471	0.0205151	-0.479418	-0.528607	1.00704	-0.524909
91	6	-0.199072	-0.203543	0.840055	-0.242297	0.187015	0.153854	0.73798	0.20848
91	7	0.0311592	0.261681	0.825495	0.316999	0.403361	0.370696	0.726882	0.509981
91	8	0.250402	0.278651	0.555472	0.501647	-0.0200791	0.244443	0.649846	0.376155
91	9	-0.0547191	0.067948	0.561199	0.121076	-0.203529	-0.0102973	0.360157	-0.0285912
92	0	-0.0471223	-0.0386689	1.03415	-0.037392	0.354876	0.23222	1.03415	0.224552
92	1	0.773352	0.765875	1.16072	0.65983	0.678598	0.472511	1.34713	0.350754
92	2	0.526387	0.652894	1.08336	0.602656	0.599536	0.572682	0.829867	0.690088
92	3	0.562279	0.564688	0.913242	0.618333	0.17345	0.0764047	0.883191	0.0865098
92	4	-0.129521	-0.26335	1.02756	-0.256287	-0.404819	-0.393253	1.64127	-0.239604
92	5	-0.107881	-0.128195	1.25625	-0.102046	0.0402611	-0.130269	0.869397	-0.149838
92	6	-0.0692931	-0.140061	1.0594	-0.132207	0.0487014	0.0879818	0.515798	0.170574
92	7	-0.080235	-0.00950525	0.482084	-0.019717	0.202651	-0.07545	0.654201	-0.115332
92	8	0.827586	0.921054	1.04808	0.878805	0.733803	0.766867	1.13441	0.676003
92	9	0.378233	0.434148	1.07758	0.402891	0.217122	0.175587	0.847501	0.207182
93	0	0.209044	0.230047	0.955464	0.24077	0.547578	0.366081	0.955464	0.383145
93	1	0.518858	0.520557	1.16359	0.447373	0.373007	0.277291	1.26064	0.21996
93	2	0.338304	0.373338	1.23092	0.3033	0.238088	0.103708	0.891047	0.116388
93	3	0.0481108	-0.0190678	0.847616	-0.0224958	0.132138	0.0426205	0.771438	0.0552482
93	4	0.186724	0.23795	0.836297	0.284528	0.214043	0.0988367	0.787208	0.125553
93	5	0.0359113	0.0259152	0.967548	0.0267845	-0.208492	-0.348764	0.570031	-0.611834
93	6	0.100663	-0.0227138	0.610268	-0.0372193	0.000420674	-0.0147534	0.379759	-0.0388493
93	7	-0.00776442	-0.296502	0.812824	-0.36478	0.171685	-0.121098	0.70896	-0.170811
93	8	0.0899996	0.13378	0.758465	0.176383	0.0749829	0.0355774	0.534668	0.0665411
93	9	-0.0289797	-0.00315058	0.760261	-0.00414408	-0.221883	-0.103214	0.769306	-0.134165
94	0	0.739315	0.810341	1.18665	0.682883	1.21722	1.26411	1.18665	1.06528
94	1	0.559331	0.564427	1.31948	0.427765	0.0551665	0.0432161	1.03555	0.0417324
94	2	0.00185122	0.004684	0.929227	0.00504075	-0.226565	-0.0403092	0.817385	-0.0493149
94	3	-0.439325	-0.475719	0.842514	-0.564642	-0.0753006	-0.0527557	1.03304	-0.0510684
94	4	0.402813	0.385782	1.22464	0.315017	0.353535	0.244856	1.54811	0.158165
94	5	0.858895	0.803047	1.49031	0.538844	0.819029	1.09643	1.89525	0.578514
94	6	0.415707	0.503869	2.41091	0.208995	0.285914	0.000801361	2.03617	0.000393563
94	7	0.962521	1.08644	1.72259	0.630699	1.29521	1.15094	3.07881	0.373826
94	8	0.232401	0.272925	1.2036	0.226757	0.0983048	0.0974345	0.60247	0.161725
94	9	0.0447281	0.0816688	0.948131	0.0861366	0.0863311	0.135932	0.726728	0.187046
95	0	0.303343	0.423195	1.12826	0.375085	0.467491	0.691605	1.12826	0.612981
95	1	0.360748	0.510153	1.15313	0.442407	0.399018	0.45549	1.23873	0.367709
95	2	0.334925	0.37685	1.00701	0.374225	0.337461	0.326656	0.746634	0.437505
95	3	0.443808	0.444658	0.639187	0.695662	0.282435	0.270981	0.528243	0.512986
95	4	0.377668	0.481625	0.712998	0.675493	0.63508	0.722896	0.639701	1.13005
95	5	0.682683	0.637735	0.686561	0.928882	0.300861	0.304561	0.567879	0.536314
95	6	-0.293503	-0.0886177	0.764477	-0.115919	-0.181302	-0.236999	0.721709	-0.328386
95	7	0.104455	0.0168354	0.693466	0.0242772	0.219541	0.135532	0.542954	0.24962
95	8	0.155381	0.295529	0.502606	0.587992	0.209992	0.223541	0.436137	0.512547
95	9	0.328921	0.441002	0.678702	0.649772	0.588212	0.443485	0.67071	0.661218
96	0	0.0542105	0.0362226	0.989608	0.0366029	-0.0148819	-0.0453617	0.989608	-0.0458381
96	1	-0.0452289	-0.041011	0.743692	-0.0551451	0.128895	0.115806	0.648924	0.178458
96	2	0.052453	0.17073	0.95509	0.178758	-0.0539478	-0.0198661	1.09353	-0.018167
96	3	0.290217	0.394601	0.981394	0.402082	0.405279	0.454584	0.991535	0.458465
96	4	0.143946	0.181964	1.26718	0.143597	0.175143	0.0485596	0.98029	0.049536
96	5	0.352488	0.442776	0.898889	0.492581	0.305981	0.325946	0.584366	0.557778
96	6	0.0547364	0.484365	0.563915	0.858932	0.0878374	0.268471	0.512336	0.524013
96	7	0.768036	0.642018	0.608803	1.05456	0.703804	0.728842	0.583934	1.24816
96	8	-0.00742234	0.0379934	0.720513	0.052731	-0.219278	-0.0607365	0.673281	-0.0902097
96	9	0.048658	0.201027	0.68141	0.295016	0.136541	0.534417	0.713747	0.748748
97	0	0.0834796	0.0570314	0.886982	0.0642982	0.29939	0.226175	0.886982	0.254993
97	1	0.500611	0.408224	0.896922	0.455139	0.545223	0.494174	1.01918	0.484875
97	2	0.457615	0.402603	1.14825	0.350623	0.426259	0.342394	0.793387	0.43156
97	3	0.329047	0.346373	0.863427	0.401161	0.216622	0.227733	0.928065	0.245385
97	4	0.328885	0.444301	0.833121	0.533297	0.268228	0.354735	0.682976	0.519395
97	5	-0.162755	-0.0615604	0.877317	-0.0701689	-0.592834	-0.377045	0.69473	-0.542722
97	6	-0.092023	-0.280751	0.794078	-0.353556	0.140377	0.196861	0.514054	0.382958
97	7	0.202009	0.0183395	0.637241	0.0287795	0.743151	0.309875	0.324112	0.956073
97	8	0.596377	0.589951	0.5587	1.05594	0.276316	0.223687	0.478442	0.467533
97	9	0.484913	0.629506	0.748636	0.840871	0.527513	0.421585	0.785585	0.536651
98	0	0.320586	0.430412	0.98348	0.437642	0.498245	0.629526	0.98348	0.6401
98	1	0.506467	0.624762	1.00855	0.619467	0.437167	0.510024	0.97581	0.522667
98	2	0.411326	0.542294	0.998154	0.543297	0.453788	0.386412	1.24794	0.309639
98	3	0.463319	0.545943	1.13339	0.481691	0.119343	0.0988041	1.20972	0.0816754
98	4	-0.0251594	0.00273232	0.921675	0.00296452	0.300369	0.150571	1.02374	0.147079
98	5	0.0707304	0.0127099	1.11991	0.0113491	-0.481596	-0.488645	1.32954	-0.367531
98	6	-0.246849	-0.21911	1.147	-0.191029	0.242718	0.120476	1.53762	0.0783522
98	7	-0.261961	-0.13621	1.33375	-0.102126	-0.367606	-0.389919	1.75391	-0.222315
98	8	0.0957847	0.0899222	1.30402	0.0689578	0.0465572	0.0896791	1.09	0.0822746
98	9	0.15953	0.146842	1.09971	0.133528	0.517612	0.238284	1.26164	0.188869
99	0	0.125648	0.119652	1.03854	0.115212	0.219834	0.165204	1.03854	0.159074
99	1	-0.0544628	0.0371392	1.168	0.0317971	-0.0492856	0.0624901	1.29508	0.048252
99	2	0.323278	0.342665	1.08962	0.31448	0.522155	0.14658	0.834842	0.175579
99	3	0.649309	0.754857	0.926076	0.815113	0.391188	0.435463	1.13019	0.3853
99	4	-0.0505962	-0.0614519	1.06718	-0.0575836	-0.101213	-0.391805	0.981817	-0.399061
99	5	0.119545	0.0648939	0.694962	0.0933777	0.0110353	0.151637	0.708951	0.21389
99	6	0.181698	-0.0389322	0.785196	-0.0495828	-0.0279235	-0.077262	0.877678	-0.0880301
99	7	-0.0495495	-0.119422	0.796316	-0.149968	0.547153	0.24624	0.55643	0.442536
99	8	0.339019	0.414067	0.709722	0.583421	0.272838	0.356153	0.806796	0.441441
99	9	0.601314	0.491286	0.73624	0.66729	0.403384	0.370259	0.612102	0.604897
100	0	-0.129172	-0.141944	1.05642	-0.134363	0.225791	0.0129361	1.05642	0.0122451
100	1	0.491425	0.569492	1.18317	0.481326	0.24527	0.256366	0.815904	0.314211
100	2	0.305103	0.246476	0.75259	0.327503	0.43089	0.253785	0.938694	0.27036
100	3	0.429609	0.499251	0.899954	0.554751	0.416614	0.321922	0.756118	0.425757
100	4	0.451576	0.408125	0.674949	0.604676	0.214368	0.108107	0.498497	0.216865
100	5	0.303873	0.342077	0.831573	0.411361	0.409201	0.30917	0.967778	0.319463
100	6	0.166282	0.154616	0.950343	0.162695	0.18044	0.193675	1.75791	0.110173
100	7	0.428325	0.551041	1.71668	0.320992	0.279098	0.418231	1.73799	0.24064
100	8	0.030442	0.138149	0.897875	0.153863	0.269336	0.248342	0.729352	0.340498
100	9	0.0496943	0.111365	0.735928	0.151326	0.124014	0.00193709	0.741473	0.00261249
