RUN	Year	DeltaBV	Sel	Var	Beta	DeltaBVRecruits	SelRecruits	VarRecruits	BetaRecruits
1	0	0.125029	0.119563	0.603979	0.19796	0.30444	0.163175	0.603979	0.270166
1	1	0.134269	0.0993121	0.765148	0.129795	0.161683	-0.0705187	0.844209	-0.0835322
1	2	0.509736	0.49903	0.784769	0.635894	0.690903	0.504447	0.726636	0.694223
1	3	0.857727	0.714762	0.902998	0.791543	0.659841	0.47943	0.856364	0.559844
1	4	0.454565	0.405433	1.13975	0.35572	0.00932	0.105086	0.878664	0.119597
1	5	-0.163937	-0.0816055	1.1741	-0.0695047	-0.16076	-0.0543311	1.65638	-0.0328012
1	6	-0.0188466	0.0305575	1.38702	0.0220311	0.401303	0.293429	1.05763	0.277439
1	7	0.36559	0.4567	1.39984	0.326252	0.736666	0.693198	1.49234	0.464504
1	8	0.8733	0.84336	1.04641	0.805958	0.315769	0.394358	0.879469	0.448404
1	9	0.0763903	0.100033	0.969983	0.103129	0.235786	0.135744	0.472824	0.287092
2	0	-0.204545	-0.19502	1.06627	-0.1829	-0.0101865	-0.12787	1.06627	-0.119923
2	1	0.619205	0.597222	1.00809	0.592429	0.568791	0.329768	1.21794	0.270758
2	2	0.5651	0.556157	1.21271	0.458608	0.854006	0.607638	1.19089	0.510237
2	3	0.81522	0.753907	1.09472	0.688674	0.460409	0.320776	0.959453	0.334333
2	4	0.259937	0.362855	0.909927	0.398774	0.264629	0.340496	1.12802	0.301852
2	5	0.327132	0.276765	1.16175	0.238231	-0.0908409	-0.172029	1.81194	-0.094942
2	6	0.251084	0.181651	1.40141	0.12962	0.592246	0.465413	3.02887	0.153659
2	7	-0.433167	-0.412187	1.52019	-0.271142	-0.0362424	-0.0961879	2.94911	-0.0326159
2	8	0.674225	0.761666	1.90479	0.399868	0.331756	0.348597	0.868719	0.401278
2	9	0.201823	0.32069	0.773988	0.414334	0.365388	0.45638	1.0399	0.43887
3	0	0.086238	0.123047	0.999262	0.123138	0.20741	0.218032	0.999262	0.218193
3	1	0.00158579	0.044074	0.934179	0.0471794	-0.244044	-0.1743	1.06933	-0.163
3	2	-0.0378112	-0.111992	0.861636	-0.129976	0.201757	0.0409918	0.788914	0.0519598
3	3	0.468553	0.447372	0.94911	0.47136	0.619559	0.500845	1.20719	0.414886
3	4	0.850147	0.969724	0.979209	0.990313	0.707541	0.884388	1.20342	0.734895
3	5	0.614992	0.565781	1.17665	0.480841	0.229321	0.251362	1.73148	0.145172
3	6	0.223453	0.171745	1.56767	0.109554	0.6585	0.588436	2.96924	0.198178
3	7	1.10366	1.04744	2.20003	0.476104	1.2739	1.18687	2.68161	0.442594
3	8	0.326884	0.377908	1.11301	0.339537	-0.0610445	-0.112213	0.862816	-0.130054
3	9	0.0416144	0.023873	0.63238	0.037751	0.0575936	0.117683	0.431404	0.272791
4	0	0.0205854	-0.051455	0.728739	-0.0706083	0.246334	-0.00186725	0.728739	-0.00256231
4	1	0.129821	0.180663	0.803904	0.224732	-0.0741245	-0.0350041	0.686629	-0.0509797
4	2	0.105349	0.123375	0.836728	0.147449	0.296131	0.189481	0.77848	0.243398
4	3	0.307635	0.427596	0.821971	0.520208	0.341293	0.336279	0.72977	0.460802
4	4	0.267885	0.243157	0.821195	0.296102	0.124444	-0.0525331	0.688769	-0.0762711
4	5	0.168526	0.125081	0.775546	0.161282	0.425782	0.182494	1.14233	0.159756
4	6	0.457164	0.501215	1.19078	0.420914	0.280214	0.130916	0.528958	0.247498
4	7	0.632079	0.796659	0.60359	1.31987	0.880564	0.732827	0.798538	0.917711
4	8	0.854889	0.865762	0.869096	0.996164	0.567944	0.496498	0.740355	0.670622
4	9	0.682698	0.556781	0.871819	0.638643	0.686968	0.47853	0.841012	0.568993
5	0	0.272358	0.257943	1.24161	0.207749	0.45696	0.409011	1.24161	0.32942
5	1	0.231918	0.196502	1.15265	0.170479	0.375861	0.218489	0.981072	0.222704
5	2	0.441348	0.447698	0.826509	0.541674	0.105275	-0.0610178	0.686411	-0.088894
5	3	-0.0320878	-0.0797704	0.993458	-0.0802957	0.176497	-0.0873324	1.36248	-0.0640981
5	4	0.432983	0.429038	1.21478	0.353181	0.487169	0.58288	1.39989	0.416376
5	5	0.176503	0.196072	1.22889	0.159552	-0.0216203	0.00393335	0.913577	0.00430543
5	6	0.161078	0.225801	1.02828	0.219592	0.0970476	0.183677	0.71433	0.257131
5	7	0.227218	0.140383	0.534638	0.262577	0.326501	0.231558	0.74631	0.31027
5	8	0.130385	0.209491	0.802707	0.260981	0.177989	0.192012	0.701789	0.273604
5	9	0.235248	0.171443	0.495494	0.346005	-0.0957802	-0.0322237	0.288822	-0.111569
6	0	-0.163357	-0.119408	0.936852	-0.127457	0.027423	0.118735	0.936852	0.126738
6	1	1.08633	1.02147	0.967229	1.05608	0.888688	0.780099	1.07785	0.723754
6	2	-0.368553	-0.242605	1.19711	-0.202659	-0.538806	-0.357498	1.30864	-0.273182
6	3	-0.294582	-0.324463	1.33468	-0.243102	0.0430282	0.0197247	1.42865	0.0138066
6	4	-0.0416533	0.0631405	1.45333	0.0434455	-0.433123	-0.216583	1.64359	-0.131775
6	5	0.067302	0.0673969	1.42671	0.0472393	0.104607	0.162055	1.20701	0.134261
6	6	0.0605393	-0.0101501	1.35287	-0.00750264	-0.0451896	0.11066	0.544407	0.203268
6	7	-0.69961	-0.583337	0.557458	-1.04642	-0.721832	-0.442619	1.07753	-0.41077
6	8	-0.290751	-0.248007	0.837895	-0.295988	0.0512571	0.19189	0.639055	0.300272
6	9	0.0415133	-0.0519839	0.664877	-0.0781857	0.150572	0.0041884	0.540463	0.00774964
7	0	-0.0445399	-0.0654557	0.97631	-0.067044	-0.00618195	-0.0797868	0.97631	-0.0817228
7	1	0.346918	0.458012	0.968953	0.472688	0.711534	0.738989	0.882803	0.837094
7	2	0.45406	0.436019	1.14442	0.380995	0.118661	0.224172	1.59418	0.140618
7	3	-0.023028	-0.0267255	1.27657	-0.0209354	0.0494807	0.0016036	1.03099	0.00155539
7	4	0.156103	0.173785	0.831661	0.208962	0.0163902	0.0805932	0.717751	0.112286
7	5	0.425664	0.370143	0.824313	0.449032	0.64866	0.604405	1.00793	0.599648
7	6	0.538461	0.585665	1.05854	0.553276	0.00655529	0.310996	0.895537	0.347273
7	7	-0.0393324	-0.0504374	0.984639	-0.0512242	0.692749	0.541412	1.29612	0.417717
7	8	0.577413	0.610068	1.06734	0.571578	0.337738	0.216661	0.855794	0.25317
7	9	0.017936	0.0334271	0.790457	0.0422883	0.0515116	-0.207356	1.003	-0.206735
8	0	-0.118576	-0.0297681	1.02159	-0.0291391	0.0525205	0.0635556	1.02159	0.0622125
8	1	0.93813	1.03542	1.06845	0.96908	1.03957	1.07988	1.26199	0.855696
8	2	0.434022	0.418604	1.36198	0.307349	0.328247	0.23821	1.08934	0.218674
8	3	0.380725	0.337034	0.821664	0.410185	0.418785	0.271087	0.577997	0.469012
8	4	0.700607	0.654162	0.811727	0.805889	0.734098	0.555312	0.973617	0.57036
8	5	0.421161	0.367668	0.950253	0.386916	-0.0585755	-0.204533	1.55611	-0.131439
8	6	0.925624	0.794552	1.39876	0.56804	0.895483	0.809829	2.81858	0.287318
8	7	0.712455	0.62122	1.66457	0.373202	1.18145	1.11619	2.68967	0.414991
8	8	0.492925	0.364236	1.14328	0.318589	0.450425	0.404265	0.553498	0.730382
8	9	0.585617	0.668978	0.86028	0.777628	0.662445	0.772609	0.922799	0.837245
9	0	0.290907	0.311695	1.13214	0.275316	0.616822	0.476678	1.13214	0.421044
9	1	0.600242	0.541585	1.16592	0.464515	0.6715	0.498329	1.18257	0.421394
9	2	0.933431	1.01663	1.14454	0.888249	0.920012	0.924039	1.0891	0.848442
9	3	0.73527	0.76678	1.0292	0.745022	0.5841	0.499938	0.792535	0.63081
9	4	0.0294436	0.0988542	0.874792	0.113003	-0.393565	-0.256536	1.02593	-0.250051
9	5	-0.224085	-0.262929	0.907172	-0.289834	-0.228512	-0.234455	0.818593	-0.286412
9	6	0.388647	0.332414	0.744849	0.446283	0.219463	0.364925	0.868871	0.42
9	7	-0.233417	-0.287927	0.740851	-0.388644	0.448447	0.287878	0.958679	0.300286
9	8	0.52735	0.568777	0.777367	0.731671	0.19464	0.240277	0.512554	0.468784
9	9	0.265371	0.257839	0.765218	0.336948	0.44463	0.25732	0.795786	0.323353
10	0	0.0514442	0.0655832	0.847431	0.0773906	0.054104	0.0607354	0.847431	0.07167
10	1	0.16363	0.139388	0.815892	0.170841	0.325771	0.299113	0.802777	0.372598
10	2	0.321764	0.343978	0.747907	0.45992	0.302672	0.365771	0.635534	0.575534
10	3	0.216868	0.264198	0.815758	0.323868	0.0868064	-0.0267223	0.997638	-0.0267856
10	4	0.0993266	0.0761315	1.09314	0.069645	0.0195751	-0.104191	1.32117	-0.078863
10	5	0.309246	0.268987	1.03072	0.260969	0.656531	0.517914	1.01612	0.509697
10	6	0.115392	0.24765	1.47581	0.167806	-0.171061	-0.214765	1.18584	-0.181107
10	7	0.384604	0.326278	1.33515	0.244375	0.60023	0.387107	0.988386	0.391655
10	8	0.733172	0.773064	0.908143	0.851258	0.881827	0.545931	0.985583	0.553917
10	9	0.723874	0.644956	0.969653	0.665141	0.437867	0.147033	0.802298	0.183265
11	0	0.242531	0.306833	1.15889	0.264764	0.402793	0.378877	1.15889	0.32693
11	1	0.805813	0.741257	1.09865	0.674701	0.959996	0.7406	1.10451	0.670525
11	2	0.724282	0.720122	1.42153	0.506584	0.493311	0.498674	1.3884	0.359171
11	3	0.350374	0.327593	1.20913	0.270932	0.4119	0.195624	1.48534	0.131703
11	4	0.741931	0.845657	1.49417	0.56597	0.473147	0.511704	1.92791	0.265419
11	5	0.290264	0.368952	1.40313	0.26295	-0.0239079	0.138483	2.05464	0.0674002
11	6	-0.930835	-1.05116	1.58042	-0.665113	-0.193326	-0.415488	3.98789	-0.104187
11	7	1.5631	1.47937	3.41798	0.43282	1.27294	1.20267	4.8495	0.248
11	8	0.30156	0.224244	1.79543	0.124897	0.36881	0.040039	0.986607	0.0405826
11	9	0.05977	0.00703809	0.810715	0.00868133	0.214129	0.0877893	1.08909	0.0806078
12	0	0.276348	0.293409	1.02227	0.287015	0.783395	0.661035	1.02227	0.646631
12	1	0.994497	1.02669	1.1487	0.89378	0.684637	0.582532	0.924836	0.629876
12	2	0.213333	0.208762	0.888736	0.234898	-0.0373943	-0.0794647	0.830067	-0.0957329
12	3	0.0214814	0.162784	0.850774	0.191336	0.104357	0.225016	1.00534	0.223821
12	4	0.384634	0.296191	0.963534	0.307401	0.470614	0.345427	1.27068	0.271845
12	5	0.0375222	0.141184	1.09796	0.128588	-0.725905	-0.468224	1.54184	-0.303679
12	6	-0.520763	-0.607663	1.3529	-0.449155	-0.127745	-0.0533618	1.28068	-0.0416666
12	7	0.143106	0.30029	0.989863	0.303365	0.544964	0.602472	1.0517	0.572853
12	8	0.176335	0.180599	0.840245	0.214936	-0.110247	-0.0199896	0.840163	-0.0237926
12	9	-0.168927	-0.13766	0.826404	-0.166577	0.00827007	0.0388272	1.02775	0.0377788
13	0	0.297843	0.278014	1.01076	0.275053	0.506623	0.423992	1.01076	0.419476
13	1	0.427167	0.397456	1.10893	0.358412	0.266638	0.248754	0.920709	0.270177
13	2	0.424939	0.390423	0.978733	0.398907	0.38682	0.405513	1.11803	0.362704
13	3	0.475218	0.381979	1.0652	0.358599	0.535704	0.317819	0.821703	0.386781
13	4	0.397847	0.277702	0.926726	0.299659	0.319066	0.0814439	0.893851	0.0911158
13	5	0.596391	0.431096	0.95869	0.449671	0.45908	0.250288	1.40162	0.178571
13	6	-0.436744	-0.274244	1.42971	-0.191818	-0.876411	-0.339542	2.28904	-0.148334
13	7	-0.66705	-0.616282	1.67936	-0.366975	-0.0115054	-0.0171844	1.32873	-0.0129329
13	8	0.560462	0.577705	0.987856	0.584807	0.770244	0.721904	0.695415	1.03809
13	9	0.320832	0.341341	0.827455	0.412519	0.0143241	0.00147181	0.499003	0.00294949
14	0	0.397054	0.427885	0.907952	0.471264	0.87591	0.693093	0.907952	0.763359
14	1	0.824961	0.79106	0.865186	0.914324	0.573178	0.380537	0.659508	0.577002
14	2	0.496067	0.592119	0.750832	0.788617	0.0694496	0.263524	0.987677	0.266812
14	3	-0.287169	-0.272842	0.98043	-0.278288	0.13921	0.0012899	1.19536	0.00107909
14	4	0.310701	0.218381	0.9088	0.240296	-0.0126754	-0.104615	0.782629	-0.133671
14	5	0.138042	0.0754438	0.703889	0.107181	-0.0464712	-0.209288	1.28764	-0.162537
14	6	-0.546074	-0.639287	1.03944	-0.615031	-0.364364	-0.688091	1.96264	-0.350595
14	7	-0.36709	-0.427161	1.34928	-0.316585	-0.117484	-0.0743058	0.840483	-0.0884085
14	8	0.538767	0.480312	0.662194	0.725334	0.579094	0.315314	0.519231	0.607271
14	9	0.29769	0.325295	0.674992	0.481924	0.22088	0.238452	0.7268	0.328084
15	0	0.0204645	0.0642197	0.918582	0.0699118	0.333479	0.151285	0.918582	0.164694
15	1	0.678126	0.649348	0.75473	0.860371	0.374712	0.407137	0.848264	0.479965
15	2	0.415977	0.365732	0.921761	0.396775	0.875741	0.64253	0.627966	1.02319
15	3	0.700095	0.71289	0.815776	0.873879	0.180209	0.230596	0.709796	0.324877
15	4	0.168275	0.190032	0.78893	0.240873	0.3265	0.104496	0.809367	0.129108
15	5	-0.00250024	0.0286357	0.856181	0.0334459	-0.393618	-0.741419	0.888197	-0.834746
15	6	0.0838847	0.0677266	0.672561	0.100699	0.0875904	-0.0181228	0.855543	-0.0211828
15	7	-0.025036	0.022948	0.992877	0.0231127	0.222398	0.327803	0.582507	0.562745
15	8	-0.0118021	-0.062149	0.452141	-0.137455	-0.0674827	-0.0648235	0.596434	-0.108685
15	9	0.0342588	0.0038975	0.650537	0.00599121	0.0487535	0.0282911	0.544037	0.0520022
16	0	-0.0120747	0.0696046	0.959126	0.0725709	0.0438861	0.0668712	0.959126	0.069721
16	1	0.417883	0.461873	0.868395	0.531869	0.607394	0.661225	0.720696	0.917481
16	2	0.367819	0.374715	0.882917	0.424406	0.265796	0.222302	0.996236	0.223142
16	3	0.335712	0.292373	0.854413	0.342192	0.0719753	0.227671	0.685545	0.332101
16	4	-0.284488	-0.247493	0.82626	-0.299534	-0.197871	-0.116136	0.567729	-0.204562
16	5	0.173436	0.0660211	0.671864	0.0982656	0.625295	0.20532	0.867572	0.23666
16	6	0.736658	0.726692	0.849621	0.855312	0.842923	0.872797	0.960115	0.909054
16	7	0.742609	0.6196	0.910429	0.680558	0.316835	0.157779	0.363095	0.434541
16	8	0.0844783	0.124256	0.549537	0.226111	-0.195471	-0.0375805	0.408947	-0.0918959
16	9	0.111267	0.0776298	0.570831	0.135994	0.235729	0.215861	0.70255	0.307253
17	0	0.667599	0.610883	1.17544	0.519706	0.866257	0.749338	1.17544	0.637495
17	1	0.180638	0.192351	1.5043	0.127868	0.319895	0.154198	1.06478	0.144817
17	2	0.510051	0.475479	0.953365	0.498738	0.344929	0.293364	1.07235	0.273572
17	3	0.402332	0.438643	1.16877	0.375304	0.132378	0.131618	1.26239	0.10426
17	4	0.198805	0.243153	1.20781	0.201318	0.586096	0.335553	1.0399	0.322678
17	5	0.491162	0.637566	1.1863	0.537439	-0.233293	0.113355	1.64784	0.0687904
17	6	0.885821	0.802012	1.60444	0.499872	1.67657	1.3683	2.4156	0.566441
17	7	0.928385	0.883469	1.52822	0.578102	0.84601	0.568692	2.07169	0.274506
17	8	0.435883	0.497345	1.0272	0.484173	0.0802884	0.17111	0.974994	0.175499
17	9	-0.236949	-0.262803	0.783592	-0.335383	-0.396015	-0.495939	0.945445	-0.524556
18	0	0.378148	0.346836	1.0251	0.338342	0.346752	0.25461	1.0251	0.248375
18	1	0.0448731	0.0660898	0.96469	0.0685089	0.170282	0.110938	1.01102	0.109729
18	2	0.653222	0.615654	0.95793	0.642691	0.674488	0.591993	0.709874	0.83394
18	3	0.421506	0.440879	0.832598	0.529522	0.32572	0.307748	1.14133	0.269641
18	4	0.123608	0.189665	0.93835	0.202126	0.137969	-0.0260726	1.30473	-0.0199831
18	5	0.0143844	0.0689865	1.3808	0.0499613	-0.507083	-0.324283	1.48959	-0.217699
18	6	-0.320816	-0.348862	1.34651	-0.259086	-0.0654191	-0.240742	1.65562	-0.145409
18	7	-0.246186	-0.31904	1.43431	-0.222434	-0.0184408	-0.180251	1.38379	-0.13026
18	8	-0.0814818	-0.0194787	0.749995	-0.0259718	-0.0503637	0.0535558	0.488723	0.109583
18	9	0.0419612	-0.0584231	0.746523	-0.0782602	-0.0485998	-0.083165	0.562483	-0.147853
19	0	0.0865995	0.13073	1.32906	0.0983623	0.23393	0.25496	1.32906	0.191834
19	1	0.316651	0.318735	1.17079	0.272238	0.281221	0.243218	1.33323	0.182428
19	2	0.313153	0.286063	1.14638	0.249536	0.700605	0.389908	0.719383	0.542003
19	3	0.285946	0.290655	0.819093	0.35485	-0.0387746	-0.1939	0.691488	-0.280409
19	4	0.474695	0.412465	0.781705	0.527647	0.459255	0.288529	0.691478	0.417264
19	5	0.0959808	0.179478	1.04762	0.171319	-0.288747	-0.434718	1.09888	-0.395599
19	6	-0.298686	-0.376174	0.920051	-0.408862	-0.251569	-0.085208	0.810581	-0.10512
19	7	-0.335227	-0.317084	0.896809	-0.35357	0.157809	-0.130568	0.472514	-0.276326
19	8	0.282495	0.444526	0.736369	0.603674	0.149452	0.165675	0.980372	0.168992
19	9	0.0357543	0.0737626	0.947832	0.0778225	-0.166616	-0.114831	1.079	-0.106423
20	0	0.349828	0.371401	0.90018	0.412585	0.479871	0.56177	0.90018	0.624065
20	1	0.231256	0.259659	0.986978	0.263085	0.277704	0.238467	1.11249	0.214354
20	2	0.233474	0.226211	1.00496	0.225095	-0.132828	-0.177568	0.942585	-0.188385
20	3	-0.240435	-0.136726	1.16061	-0.117806	-0.051827	0.00391542	0.933449	0.00419458
20	4	-0.0208243	0.00148481	0.924492	0.00160608	0.0530184	0.0623216	0.962242	0.0647671
20	5	0.316034	0.228559	0.918279	0.248899	0.0891699	-0.0849974	0.748845	-0.113505
20	6	-0.459884	-0.498591	0.821962	-0.606586	-0.392176	-0.399103	1.51196	-0.263964
20	7	-0.182697	-0.158868	1.59392	-0.0996713	-0.145589	-0.0895846	1.51036	-0.0593135
20	8	0.494774	0.596571	0.991077	0.601942	0.879357	0.8339	1.12617	0.740471
20	9	0.148027	0.0706312	0.970493	0.0727787	-0.202865	-0.442608	0.771711	-0.573541
21	0	0.276432	0.247829	1.06386	0.232953	0.709185	0.541929	1.06386	0.509399
21	1	0.678309	0.598366	1.20659	0.495915	0.408246	0.247872	1.21693	0.203687
21	2	0.656463	0.637248	1.03914	0.613248	0.688102	0.638147	1.25502	0.508475
21	3	0.179323	0.146004	1.18233	0.123489	-0.00592999	-0.0476516	1.74069	-0.0273751
21	4	0.279921	0.314944	1.50905	0.208703	0.4211	0.367472	1.36423	0.269362
21	5	0.626249	0.528223	1.05215	0.502041	0.0587128	0.0545882	1.76244	0.030973
21	6	-0.252942	-0.117427	1.51574	-0.0774717	-0.0184291	0.188521	2.62785	0.0717396
21	7	0.470172	0.557657	1.62936	0.342255	0.817811	0.812781	1.85794	0.437462
21	8	0.25431	0.22773	0.75944	0.299866	0.318901	0.0908372	0.425031	0.213719
21	9	0.224089	0.194282	0.522814	0.371608	0.0189497	-0.0410941	0.526015	-0.0781235
22	0	0.267467	0.271403	0.79108	0.34308	0.480564	0.382745	0.79108	0.483826
22	1	0.24029	0.25761	0.724841	0.355402	0.0128716	-0.0199779	0.44601	-0.0447926
22	2	0.0084116	-0.0443766	0.690836	-0.0642361	0.261619	0.0179485	0.83816	0.0214142
22	3	0.224318	0.136761	0.895204	0.152771	-0.00388373	-0.298954	0.757851	-0.394476
22	4	0.0845696	0.0466174	0.833307	0.0559427	0.395548	0.185655	1.11115	0.167084
22	5	0.635918	0.60621	1.12923	0.536833	0.171045	0.0768784	1.21504	0.0632723
22	6	0.623627	0.573907	1.02074	0.562246	0.754152	0.766465	1.73791	0.441028
22	7	0.449914	0.417785	1.22875	0.340008	0.458711	0.484332	1.31677	0.367818
22	8	0.104449	0.155127	0.660173	0.23498	0.235702	0.274568	0.450453	0.609537
22	9	0.215271	0.20821	0.671582	0.310029	0.379871	0.311055	0.574374	0.541556
23	0	-0.106617	-0.0850664	0.652112	-0.130448	-0.0542055	-0.124202	0.652112	-0.190461
23	1	0.440549	0.456758	0.79124	0.577268	0.430901	0.43964	0.770946	0.570261
23	2	0.149363	0.129699	1.0607	0.122277	0.353123	0.22211	0.96062	0.231215
23	3	0.378257	0.495157	0.927329	0.53396	0.0179692	0.162939	0.613937	0.265401
23	4	0.0891521	0.0861996	0.764083	0.112814	0.63018	0.37219	0.779881	0.477239
23	5	0.329499	0.334045	0.855626	0.39041	-0.544402	-0.503386	0.56843	-0.885573
23	6	-0.588943	-0.426435	0.499421	-0.85386	0.130607	0.188904	0.495496	0.381242
23	7	0.504585	0.425683	0.524857	0.811045	0.228551	0.235004	0.593535	0.395939
23	8	0.395403	0.393742	0.786135	0.500858	0.28448	0.516493	1.16816	0.442143
23	9	-0.179551	-0.141923	0.9599	-0.147852	-0.12925	-0.151778	0.87629	-0.173205
24	0	0.00660086	0.0288974	1.04703	0.0275995	0.0834809	0.202384	1.04703	0.193294
24	1	0.0812773	0.108981	1.02882	0.105928	0.425935	0.242181	1.03715	0.233507
24	2	0.531501	0.558045	0.99538	0.560635	-0.0756946	-0.0174467	0.971631	-0.0179561
24	3	0.0242476	0.0268871	0.924225	0.0290915	0.152067	0.13076	0.7357	0.177736
24	4	0.171024	0.135634	0.851913	0.159211	0.202713	0.0214579	0.792617	0.0270723
24	5	0.591717	0.345171	1.01903	0.338724	0.154665	-0.0901688	1.16151	-0.0776308
24	6	0.104081	0.166876	1.53505	0.10871	0.553643	0.743854	1.65858	0.448488
24	7	0.720581	0.706414	1.36444	0.517731	0.925226	0.850258	1.66675	0.510131
24	8	0.3003	0.317244	0.864138	0.367121	0.228044	0.15759	0.661524	0.238223
24	9	0.328546	0.313499	0.63578	0.493093	0.0676603	0.0784255	0.701548	0.111789
25	0	0.171075	0.159265	0.836026	0.190503	0.196806	0.255306	0.836026	0.30538
25	1	0.295252	0.212473	0.816814	0.260124	0.41089	0.320501	0.596671	0.537149
25	2	0.278771	0.368389	0.775426	0.47508	0.120244	0.26295	0.672146	0.391209
25	3	-0.262084	-0.191974	0.683162	-0.281008	-0.509815	-0.329428	0.724064	-0.45497
25	4	-0.283225	-0.299263	0.754672	-0.396547	0.00100743	-0.125542	0.607569	-0.206631
25	5	0.0864306	0.067723	0.668587	0.101293	0.080664	0.152065	0.650209	0.233872
25	6	-0.171413	-0.105798	0.696403	-0.151921	-0.299825	-0.204611	0.923177	-0.221638
25	7	-0.251933	-0.211301	1.13121	-0.186792	0.0530895	-0.0790456	0.82859	-0.0953977
25	8	0.0304267	0.0526969	0.834553	0.0631439	-0.232596	-0.174826	0.828244	-0.21108
25	9	-0.00960284	0.0122367	0.618192	0.0197944	0.338682	0.114974	0.577486	0.199094
26	0	0.0566186	0.0172412	1.12535	0.0153208	0.192178	0.11912	1.12535	0.105852
26	1	0.679647	0.609688	1.0532	0.578893	0.835555	0.590997	0.866137	0.682336
26	2	0.389174	0.426571	1.10569	0.385797	0.175219	0.270418	1.18037	0.229096
26	3	0.142576	0.0358445	0.952094	0.0376481	0.203922	-0.0355265	0.474276	-0.0749069
26	4	0.298939	0.314733	0.666288	0.472369	0.3696	0.309946	0.791551	0.391567
26	5	0.280035	0.216738	0.843829	0.256851	-0.18983	-0.213277	0.638943	-0.333796
26	6	-0.191427	-0.123344	0.585542	-0.210649	0.203915	0.337014	0.747297	0.450978
26	7	-0.286506	-0.219519	0.770509	-0.284902	-0.39176	-0.36559	0.367317	-0.995299
26	8	0.152401	0.170715	0.603281	0.282977	0.45716	0.166919	0.72753	0.229432
26	9	0.577362	0.498266	0.760332	0.655327	-0.0216647	0.0155362	0.708816	0.0219184
27	0	0.234958	0.148323	0.709201	0.209141	0.397857	0.211679	0.709201	0.298475
27	1	0.248622	0.130139	0.840117	0.154905	0.123015	0.0603284	0.763045	0.0790627
27	2	-0.0696824	-0.0154287	0.775445	-0.0198966	0.0238918	0.0975511	0.51697	0.188698
27	3	0.363508	0.330203	0.742754	0.444566	0.319335	0.22022	0.762081	0.288972
27	4	0.238037	0.33757	0.712197	0.473985	0.35539	0.277956	0.714413	0.389069
27	5	0.629713	0.483253	0.780478	0.619176	0.728499	0.514461	0.955909	0.53819
27	6	0.262156	0.257635	1.0826	0.237978	-0.355625	-0.294163	0.816403	-0.360316
27	7	-0.303001	-0.329827	0.880882	-0.374429	0.199642	0.00970263	0.21554	0.0450154
27	8	0.276494	0.244625	0.490092	0.49914	0.231211	0.0437564	0.409015	0.10698
27	9	0.249748	0.300485	0.779676	0.385398	0.246783	0.223423	0.513462	0.435132
28	0	0.0579311	0.0713078	0.995167	0.0716541	-0.0969251	0.0448627	0.995167	0.0450806
28	1	-0.130042	-0.0970486	1.02509	-0.0946733	0.42976	0.219178	1.00743	0.217561
28	2	0.648992	0.62112	1.02862	0.603839	0.421007	0.313995	0.842494	0.372696
28	3	0.0553242	0.0768685	0.963395	0.0797891	0.147176	0.0326781	0.7295	0.0447952
28	4	0.72805	0.784344	0.793176	0.988865	0.300845	0.501781	0.869619	0.577013
28	5	0.0398235	0.0330651	0.935497	0.035345	0.164426	0.222838	0.881633	0.252755
28	6	0.525832	0.46232	0.831042	0.556313	0.620657	0.0665634	1.3206	0.050404
28	7	0.441374	0.47657	0.883636	0.539328	0.536059	0.448906	1.66516	0.269588
28	8	0.415145	0.36214	0.901322	0.401787	0.528721	0.294749	0.83127	0.354577
28	9	0.500282	0.485519	0.856539	0.566839	0.592211	0.260803	0.586792	0.444456
29	0	0.077792	0.0324552	0.971224	0.0334168	0.211393	0.090172	0.971224	0.0928437
29	1	-0.158849	-0.0819942	1.08033	-0.0758973	-0.0992695	-0.0100615	0.983325	-0.0102322
29	2	1.00251	0.928437	1.02225	0.908225	1.48912	1.17176	1.25179	0.936064
29	3	0.737793	0.718307	1.76216	0.407629	-0.0726628	0.00045141	1.13985	0.000396026
29	4	-0.0252333	-0.0462072	0.955145	-0.0483772	0.0375575	0.127695	0.814239	0.156827
29	5	0.181082	0.0267655	0.756575	0.0353772	-0.0690847	-0.175873	0.752349	-0.233765
29	6	-0.0818256	-0.34009	1.00119	-0.339685	0.406806	-0.0458197	0.437959	-0.104621
29	7	0.431757	0.404236	0.61014	0.66253	0.388284	0.249322	0.378049	0.659496
29	8	0.227033	0.333896	0.802822	0.415903	0.406363	0.426259	0.877086	0.485995
29	9	0.228954	0.16646	1.075	0.154846	-0.166409	-0.172499	0.892679	-0.193238
30	0	0.299929	0.344184	0.975963	0.352661	0.417972	0.464389	0.975963	0.475827
30	1	0.141039	0.160399	0.993642	0.161425	0.0680252	-0.119794	0.771267	-0.155321
30	2	0.209766	0.203711	0.762419	0.267191	0.201644	0.137696	1.22228	0.112655
30	3	0.0665465	0.04053	0.941038	0.0430695	0.0582466	0.0951594	1.14893	0.0828246
30	4	0.0909382	0.18015	1.07078	0.168241	-0.151403	-0.0457206	1.22314	-0.0373796
30	5	0.352815	0.347259	1.24678	0.278526	0.455426	0.628699	1.98807	0.316236
30	6	0.961283	0.972295	2.11697	0.459287	0.705064	0.7586	2.30316	0.329373
30	7	0.140935	0.147965	1.20002	0.123302	0.646649	0.613151	1.6306	0.376028
30	8	0.367493	0.332129	1.01419	0.327482	0.265467	0.210674	0.643294	0.327493
30	9	-0.0751781	-0.0266314	0.574469	-0.0463582	-0.0469314	0.00710866	0.39284	0.0180956
31	0	0.187102	0.134455	0.872315	0.154136	0.384266	0.242089	0.872315	0.277525
31	1	0.337593	0.371453	0.793916	0.467874	0.504605	0.300798	1.00863	0.298225
31	2	0.835291	0.726169	1.192	0.609203	0.575958	0.341516	1.29087	0.264562
31	3	-0.150326	-0.213843	1.08856	-0.196447	-0.192184	-0.387318	1.26085	-0.307188
31	4	-0.352835	-0.35438	1.34563	-0.263357	-0.460649	-0.587917	1.29056	-0.455553
31	5	-0.169481	-0.144578	1.47624	-0.0979362	-0.370396	-0.344306	1.13592	-0.303107
31	6	0.488002	0.446737	1.15309	0.387426	1.45194	1.01634	2.77147	0.366716
31	7	1.17845	1.19277	1.73668	0.686813	0.27564	0.572348	0.695942	0.822408
31	8	-0.102118	-0.0963412	0.7935	-0.121413	0.133666	0.00637079	0.592315	0.0107558
31	9	0.173685	0.230393	0.606118	0.380112	0.476666	0.379172	0.46899	0.808487
32	0	0.153312	0.222102	1.02579	0.216517	0.481971	0.49321	1.02579	0.480808
32	1	0.789893	0.76314	1.04444	0.730672	0.633343	0.717301	0.948975	0.755869
32	2	-0.00907986	-0.0270044	1.03417	-0.0261123	-0.561402	-0.442365	1.06476	-0.415458
32	3	-0.496692	-0.47596	0.87339	-0.544956	-0.257061	-0.0956232	0.677086	-0.141228
32	4	0.113319	0.146205	0.853649	0.171271	0.645401	0.476637	0.968424	0.492178
32	5	0.431293	0.483161	0.982056	0.49199	-0.416391	-0.256075	0.82056	-0.312074
32	6	-0.592673	-0.67698	0.900058	-0.752152	-0.261688	-0.0266845	1.22241	-0.0218293
32	7	-0.157128	0.00204305	0.789716	0.00258706	0.148627	0.276576	1.05413	0.262375
32	8	0.274571	0.272657	0.595242	0.458061	0.0026676	0.0704014	0.498562	0.141209
32	9	0.0499245	0.121132	0.61448	0.197129	0.367641	0.126678	0.581701	0.217771
33	0	0.518359	0.520783	1.09429	0.47591	0.759006	0.797032	1.09429	0.728357
33	1	0.441504	0.453477	1.29697	0.349643	0.230587	0.199975	0.900484	0.222075
33	2	0.573893	0.514706	0.873463	0.58927	0.732935	0.600161	0.86132	0.696792
33	3	0.015865	0.0270824	1.01809	0.0266011	0.0174036	0.0117659	0.991993	0.0118609
33	4	0.500051	0.418236	1.07966	0.387377	0.431069	0.260714	0.864674	0.301517
33	5	0.398794	0.484643	0.954276	0.507865	0.0172293	0.150286	1.55205	0.0968302
33	6	0.226318	0.210387	1.27874	0.164527	0.19814	0.514879	2.46562	0.208823
33	7	-0.126601	-0.141228	1.49637	-0.0943807	0.252931	0.148552	1.31734	0.112766
33	8	0.0708575	0.143794	0.831515	0.172931	-0.0242756	0.00104395	0.80739	0.001293
33	9	0.360295	0.319653	0.804636	0.397264	0.15611	0.351746	0.796393	0.441674
34	0	0.0983083	0.0621448	0.996326	0.062374	0.215385	0.0931855	0.996326	0.0935292
34	1	0.428871	0.399483	0.823358	0.485187	0.408019	0.402257	0.804351	0.500101
34	2	0.360645	0.350437	0.941786	0.372099	0.324893	0.318541	0.953912	0.333931
34	3	-0.127446	-0.123942	0.831545	-0.149051	-0.0421915	-0.137027	0.93862	-0.145988
34	4	0.432465	0.42619	0.94791	0.449611	0.295616	0.262165	1.07288	0.244356
34	5	0.344915	0.296974	1.03285	0.287529	0.151351	0.0207334	1.17497	0.017646
34	6	-0.240119	-0.189384	1.20025	-0.157787	-0.372525	-0.240905	2.0408	-0.118045
34	7	-0.158603	-0.0500049	1.44023	-0.03472	0.564923	0.481121	1.64084	0.293217
34	8	0.675076	0.722772	1.06765	0.676975	0.352517	0.370381	0.646099	0.573257
34	9	0.324567	0.292699	0.629743	0.464792	0.416734	0.333981	0.41605	0.802744
35	0	0.291415	0.271427	0.992091	0.273591	0.513809	0.44422	0.992091	0.447761
35	1	0.647062	0.647691	1.04476	0.619941	0.537056	0.534476	0.956139	0.558993
35	2	0.133506	0.0815149	0.771808	0.105616	0.0891962	-0.0249621	0.486207	-0.0513405
35	3	0.327873	0.233511	0.648535	0.360059	0.320825	0.0852939	0.4699	0.181515
35	4	0.104645	0.148386	0.655629	0.226327	-0.043155	0.271466	0.667682	0.406579
35	5	0.0138933	-0.0407371	0.773915	-0.0526377	0.0603015	-0.0414588	0.87111	-0.047593
35	6	-0.293255	-0.23033	0.73628	-0.312829	-0.568937	-0.284198	0.615503	-0.461732
35	7	-0.272468	-0.347934	0.54983	-0.632804	0.195479	-0.0032285	0.513542	-0.00628672
35	8	0.050558	0.0552708	0.752317	0.0734674	-0.379334	-0.269364	0.592275	-0.454796
35	9	-0.302953	-0.23728	0.578759	-0.409982	0.0957328	0.0785172	0.489938	0.160259
36	0	-0.0437435	-0.0308849	1.12296	-0.0275031	0.127476	0.120219	1.12296	0.107055
36	1	0.326313	0.378271	1.0372	0.364705	0.134671	0.181947	0.933769	0.194852
36	2	0.0787552	0.156909	0.959338	0.163559	0.300069	0.227212	0.960664	0.236515
36	3	0.153744	0.207957	0.83243	0.24982	0.00860648	0.041635	0.746969	0.0557386
36	4	0.168384	0.220452	0.721632	0.305491	0.291404	0.242896	0.748386	0.324559
36	5	0.0333724	0.193169	0.714232	0.270457	-0.227384	-0.00515983	0.676157	-0.00763112
36	6	0.666316	0.796994	0.694464	1.14764	1.19045	1.15488	1.41876	0.814007
36	7	0.645821	0.610991	1.2455	0.490559	0.368004	0.215784	0.644212	0.334958
36	8	0.226365	0.32819	0.771748	0.425256	0.130956	0.200795	0.724369	0.2772
36	9	0.183602	0.116905	0.641032	0.18237	0.184521	0.180513	0.410744	0.439478
37	0	-0.201677	-0.188236	1.02419	-0.18379	-0.0968758	-0.149758	1.02419	-0.146221
37	1	0.513311	0.563891	1.07406	0.525009	0.424739	0.516185	1.37706	0.374847
37	2	0.167618	0.153618	1.03957	0.14777	0.184302	0.116648	0.921176	0.12663
37	3	-0.0245313	0.0123263	0.911482	0.0135233	-0.118726	-0.275879	0.999955	-0.275891
37	4	0.139244	0.218047	0.874042	0.24947	0.302557	0.297318	0.829432	0.35846
37	5	0.153107	0.270444	0.910213	0.297121	-0.0934709	0.0572658	1.34179	0.0426787
37	6	0.483059	0.489719	1.06196	0.461146	0.76594	0.566758	1.3509	0.41954
37	7	0.551511	0.448238	0.743542	0.602841	0.661015	0.355102	1.36413	0.260314
37	8	0.457342	0.464216	0.898776	0.516498	0.655014	0.452346	0.811734	0.557258
37	9	0.842024	0.842078	1.00102	0.841223	0.354351	0.396448	0.808664	0.49025
38	0	0.225847	0.222624	0.836123	0.266257	0.645684	0.545929	0.836123	0.652929
38	1	0.529047	0.556953	0.993576	0.560554	0.351075	0.290801	0.847402	0.343168
38	2	0.428486	0.350991	0.835657	0.420018	0.267154	0.168644	0.822668	0.204996
38	3	0.260872	0.227193	1.00459	0.226155	0.230607	0.185361	0.715331	0.259126
38	4	0.105468	0.121052	0.848702	0.142632	0.00202564	0.0170752	0.748453	0.022814
38	5	-0.487279	-0.370395	0.872631	-0.424458	-1.37332	-1.23697	1.1054	-1.11903
38	6	-0.885519	-0.822619	1.29446	-0.635494	0.268116	-0.0571162	0.516842	-0.11051
38	7	0.4431	0.392361	0.713745	0.549721	0.236127	0.152049	0.501386	0.303258
38	8	0.232311	0.242375	0.678019	0.357475	0.106374	0.235996	0.789411	0.298952
38	9	-0.16295	-0.200889	1.05075	-0.191187	-0.263019	-0.217463	0.660704	-0.329138
39	0	0.0243399	-0.0237741	0.861529	-0.0275952	0.0822941	-0.0849851	0.861529	-0.0986445
39	1	0.13953	0.125301	1.02309	0.122473	0.201366	0.0258667	1.09625	0.0235957
39	2	0.113624	0.0758738	0.907612	0.0835971	-0.0252365	-0.0718206	1.03729	-0.0692385
39	3	-0.0606142	-0.0112139	0.93148	-0.0120388	0.125155	0.209225	1.5623	0.133921
39	4	0.203495	0.314022	1.34801	0.232953	0.157269	0.428733	1.37719	0.311311
39	5	0.809779	0.713089	1.12584	0.633383	1.14482	0.812875	1.61134	0.50447
39	6	0.94656	0.956985	1.91023	0.50098	0.86646	0.786967	1.72549	0.456084
39	7	0.513755	0.484395	0.941998	0.514221	0.171384	0.145385	0.467866	0.31074
39	8	0.242385	0.252161	0.576738	0.437218	0.3038	0.316423	0.608897	0.519666
39	9	0.403223	0.352351	0.602378	0.584933	0.497353	0.327891	0.485625	0.675193
40	0	0.0854932	0.104282	0.762536	0.136756	0.191592	0.111782	0.762536	0.146592
40	1	0.291315	0.325507	0.818444	0.397715	0.315279	0.352955	0.879657	0.401242
40	2	0.477007	0.422144	0.925518	0.456117	0.882281	0.42834	0.986585	0.434165
40	3	0.604322	0.599883	1.15866	0.517737	0.0892839	0.069812	0.858496	0.081319
40	4	0.0112711	-0.0622838	0.721	-0.0863853	-0.0017055	-0.152307	0.792022	-0.192301
40	5	0.140022	0.313908	0.816364	0.384519	-0.15501	0.207102	1.21069	0.171061
40	6	-0.464867	-0.57488	0.998116	-0.575966	0.208721	-0.348544	1.22347	-0.284881
40	7	0.470864	0.524079	1.15453	0.453935	0.339728	0.331519	1.7356	0.191012
40	8	0.388246	0.430509	0.85409	0.504055	0.358195	0.288955	0.547751	0.527529
40	9	0.330897	0.219097	0.764851	0.286457	0.236454	0.0849599	0.507635	0.167364
41	0	-0.220832	-0.189876	1.0644	-0.178388	-0.112861	-0.0513852	1.0644	-0.0482763
41	1	0.666524	0.632527	1.25146	0.505431	0.849813	0.769016	1.48398	0.518211
41	2	0.493959	0.398729	1.2268	0.325016	0.605826	0.21379	0.966133	0.221284
41	3	0.840775	0.812279	1.06451	0.763055	0.356601	0.398721	1.44972	0.275034
41	4	0.248748	0.116312	0.979179	0.118785	0.383944	0.222959	1.23725	0.180206
41	5	0.148461	0.233098	0.971378	0.239967	0.103615	-0.118705	1.27261	-0.0932772
41	6	0.805246	0.772145	1.17185	0.658908	0.538975	0.530268	2.53062	0.209541
41	7	0.283297	0.298681	1.08631	0.274951	0.630803	0.565313	0.916004	0.617151
41	8	0.4451	0.421052	0.933653	0.450973	0.293999	0.157837	0.997888	0.158171
41	9	0.0821082	0.145938	1.07031	0.136351	0.18913	0.182838	1.28882	0.141865
42	0	-0.140654	-0.166011	1.1935	-0.139095	0.0225241	-0.120783	1.1935	-0.101201
42	1	0.269125	0.26159	1.02228	0.255888	0.312104	0.159288	0.848202	0.187795
42	2	0.502754	0.569273	0.970723	0.586442	0.389404	0.492951	1.01334	0.486463
42	3	0.296276	0.277335	1.19396	0.232282	0.262081	0.156263	0.769055	0.203189
42	4	0.227319	0.283348	0.889719	0.318469	0.220168	0.13547	0.792053	0.171037
42	5	0.253219	0.114669	0.742584	0.154419	-0.11716	-0.355747	0.865374	-0.411091
42	6	0.247039	0.286889	1.08872	0.263512	0.330533	0.608016	1.46319	0.415541
42	7	0.210186	0.169954	0.93244	0.182268	0.578591	0.388861	0.88658	0.438608
42	8	0.22246	0.297683	0.653766	0.455336	0.145353	0.119583	0.707344	0.16906
42	9	0.341257	0.389591	0.891998	0.436762	0.31352	0.288624	1.13001	0.255417
43	0	-0.250393	-0.209866	0.933735	-0.224759	-0.252427	-0.197861	0.933735	-0.211902
43	1	0.220053	0.207419	0.734055	0.282566	0.333594	0.361511	0.961221	0.376095
43	2	0.339211	0.38255	0.999998	0.382551	0.377585	0.495721	0.820948	0.60384
43	3	0.36446	0.372455	0.955326	0.389872	0.496048	0.29368	1.03399	0.284025
43	4	0.284387	0.363061	1.09429	0.331777	0.3038	0.140239	1.12967	0.124142
43	5	0.333084	0.229835	0.916091	0.250887	0.297674	-0.115666	0.541223	-0.213713
43	6	0.340015	0.324928	0.588042	0.552559	0.373727	0.200624	0.572176	0.350632
43	7	0.579187	0.37984	0.606073	0.626724	0.351716	0.0311808	0.426645	0.0730837
43	8	-0.00407405	-0.0597288	0.638249	-0.0935822	-0.210665	-0.140411	0.479786	-0.292654
43	9	-0.0358024	0.051517	0.666922	0.077246	0.33292	0.286045	0.621052	0.460582
44	0	0.0792035	0.112622	0.951048	0.118419	0.269335	0.21046	0.951048	0.221293
44	1	0.338762	0.412669	0.88876	0.464319	0.516603	0.468254	0.967092	0.484188
44	2	0.323013	0.298304	0.869817	0.34295	-0.0798163	-0.205218	0.634662	-0.32335
44	3	-0.00896949	0.0270183	0.695093	0.0388701	0.145147	0.0720289	0.799434	0.0900998
44	4	0.391435	0.349699	0.884583	0.395326	0.413266	0.348505	0.863075	0.403794
44	5	0.122267	0.201879	0.953391	0.211748	0.593109	0.240005	0.87407	0.274583
44	6	0.429972	0.562898	0.873711	0.644261	0.104632	0.109307	0.450544	0.242612
44	7	0.645227	0.589298	0.873046	0.67499	0.687578	0.421732	0.9276	0.454649
44	8	0.364868	0.408827	0.731105	0.55919	-0.10949	0.0210605	0.971652	0.0216749
44	9	-0.115511	-0.0872024	0.947094	-0.0920736	-0.134814	-0.0424998	1.12268	-0.0378556
45	0	0.400293	0.35281	1.02331	0.344774	0.539416	0.472167	1.02331	0.461412
45	1	0.709594	0.770371	1.03978	0.740898	0.828692	0.871439	0.872401	0.998898
45	2	0.462368	0.449221	1.11694	0.402187	0.527186	0.239383	0.87325	0.274129
45	3	0.531891	0.57693	0.764983	0.754173	0.221264	0.236099	1.05118	0.224603
45	4	0.263345	0.313438	0.808039	0.3879	0.294836	0.348524	0.867286	0.401855
45	5	0.0184667	0.0185813	0.739844	0.0251151	-0.422396	-0.443573	0.940515	-0.471628
45	6	0.011003	0.086188	0.901809	0.0955723	0.149354	0.235151	2.1072	0.111594
45	7	-0.511903	-0.473971	1.11617	-0.424642	0.314216	0.301439	1.89786	0.158831
45	8	0.842725	0.893885	1.89392	0.471977	0.511124	0.51562	1.23978	0.415897
45	9	0.234308	0.262093	0.931076	0.281495	-0.0958551	-0.0983015	0.910012	-0.108022
46	0	0.14983	0.17345	0.928472	0.186813	0.285664	0.305753	0.928472	0.329308
46	1	0.289072	0.334436	1.03107	0.324359	0.111344	0.224744	1.03747	0.216628
46	2	0.209614	0.223259	0.797578	0.279922	0.238785	0.293991	0.899473	0.326848
46	3	-0.106426	-0.0990656	0.964612	-0.1027	0.136109	-0.00983183	1.24309	-0.00790918
46	4	0.500659	0.468692	0.979411	0.478545	0.368807	0.146688	1.00878	0.145411
46	5	0.246815	0.304771	0.848229	0.359302	-0.216852	-0.264535	1.26549	-0.209037
46	6	0.483598	0.348842	1.03037	0.33856	0.477936	0.317125	2.42916	0.130549
46	7	-1.19773	-1.22791	1.16218	-1.05656	-0.872594	-0.942233	3.32925	-0.283017
46	8	0.295338	0.307058	2.4327	0.126221	0.851383	0.792666	2.48582	0.318874
46	9	1.166	1.14001	1.74379	0.653755	1.03034	0.952018	1.52598	0.623875
47	0	0.373141	0.302449	1.24779	0.242389	0.552662	0.529601	1.24779	0.424432
47	1	0.150915	0.136958	1.16783	0.117276	0.192646	0.102874	1.0504	0.0979372
47	2	0.11878	0.0996698	0.927135	0.107503	-0.152326	-0.25813	0.89421	-0.288668
47	3	0.32372	0.367384	1.00116	0.36696	0.698475	0.604943	1.21596	0.497502
47	4	0.519887	0.527809	0.95521	0.552558	0.196641	0.123759	1.1824	0.104667
47	5	0.0815516	0.0960401	0.828414	0.115933	-0.710904	-0.651906	1.18788	-0.548796
47	6	-0.176327	-0.121647	1.047	-0.116185	0.590545	0.496341	1.99821	0.248393
47	7	-0.888732	-0.920027	1.38655	-0.663537	-0.278657	-0.381237	2.52172	-0.151181
47	8	0.176706	0.267225	2.34921	0.113751	-0.0614926	-0.15195	2.73982	-0.0554599
47	9	1.20767	1.20732	2.22548	0.542501	0.88773	1.00233	2.35049	0.426433
48	0	-0.0203313	0.0230765	0.780117	0.0295808	0.353296	0.296586	0.780117	0.380182
48	1	0.385785	0.337354	0.821007	0.410903	0.0941929	0.00868651	0.737034	0.0117858
48	2	0.237019	0.252141	0.666896	0.378082	0.216446	0.131269	0.646282	0.203115
48	3	0.202878	0.177949	0.75762	0.234879	0.360363	0.237795	0.76114	0.31242
48	4	-0.0535677	-0.0851957	0.859083	-0.0991704	-0.516956	-0.400409	0.885868	-0.451996
48	5	-0.181803	-0.269768	0.807538	-0.334062	0.274287	0.217514	0.836729	0.259958
48	6	0.417485	0.317851	0.795023	0.399801	0.195033	0.0721453	1.07391	0.0671799
48	7	0.0642637	-0.00956347	0.81385	-0.0117509	0.181724	-0.0555656	0.853246	-0.0651227
48	8	0.163834	0.172242	0.641292	0.268585	0.390078	0.0338786	0.531863	0.063698
48	9	0.468884	0.404428	0.688381	0.587506	0.366871	0.191534	0.727259	0.263365
49	0	0.207439	0.258325	1.06258	0.243112	0.758829	0.696879	1.06258	0.655839
49	1	0.156084	0.164301	1.35949	0.120855	0.0683011	-0.121259	1.36389	-0.0889061
49	2	0.26318	0.378946	1.25593	0.301725	-0.353508	-0.321891	0.78294	-0.411131
49	3	-0.0316789	-0.0230026	0.770985	-0.0298354	0.179112	0.25771	0.475234	0.542279
49	4	0.100364	0.0551141	0.683072	0.0806857	0.0790194	-0.0342279	0.493709	-0.069328
49	5	-0.099836	-0.0248936	0.553851	-0.0449463	0.0362927	0.0467916	0.468731	0.0998261
49	6	0.286323	0.269825	0.545066	0.495031	0.325786	0.398397	0.607028	0.656308
49	7	0.0869931	0.0722967	0.671202	0.107712	-0.173295	-0.177321	0.891352	-0.198934
49	8	0.189227	0.0815864	0.838142	0.0973419	0.184102	0.0693506	0.901496	0.0769284
49	9	0.12684	0.174221	0.768487	0.226707	0.544695	0.381696	0.969633	0.39365
50	0	0.373171	0.335617	0.849467	0.395091	0.611752	0.438394	0.849467	0.516081
50	1	0.518648	0.462927	0.886774	0.522035	0.351351	0.309129	0.666768	0.463624
50	2	0.158311	0.177878	0.77352	0.229959	0.13418	0.0686146	0.725019	0.0946383
50	3	0.0296704	-0.0302836	0.76155	-0.0397658	-0.0931941	-0.22172	0.78259	-0.283316
50	4	0.115821	0.114848	0.830876	0.138225	0.0365804	0.0359622	0.987682	0.0364107
50	5	-0.192983	-0.148497	0.891497	-0.166571	-0.587334	-0.481937	1.10695	-0.435375
50	6	-0.117498	-0.0339953	0.8728	-0.0389497	0.375922	0.238953	0.960455	0.248792
50	7	0.47548	0.408651	0.708111	0.5771	1.0818	0.757044	1.11156	0.681065
50	8	0.935653	0.917024	1.02254	0.896806	0.401212	0.516489	0.731877	0.705704
50	9	0.334401	0.358971	0.769755	0.466344	0.140182	0.190925	0.611931	0.312004
51	0	0.206259	0.241243	0.800328	0.301429	0.294551	0.293081	0.800328	0.366201
51	1	0.202961	0.1995	0.751311	0.265536	0.128657	0.112456	0.631328	0.178125
51	2	0.0260729	-0.0115392	0.823645	-0.0140099	0.0531031	0.0626871	0.815226	0.0768953
51	3	-0.126224	-0.0597065	0.907838	-0.0657678	-0.086862	-0.0716389	0.609268	-0.117582
51	4	0.0257272	-0.00863494	0.88684	-0.00973675	0.109699	-0.10226	0.906156	-0.11285
51	5	0.216351	0.411185	0.978563	0.420193	-0.148924	0.421497	0.843895	0.499466
51	6	0.0468824	0.128789	0.825448	0.156023	0.549143	0.497948	0.847622	0.587465
51	7	0.961258	0.908529	0.98758	0.919955	1.17367	0.755895	0.780745	0.968171
51	8	0.809119	0.839938	0.991111	0.847471	0.487554	0.33648	1.01901	0.330203
51	9	0.153702	0.264546	0.889694	0.297345	0.108096	0.198515	0.774716	0.256242
52	0	0.156675	0.153703	1.24218	0.123736	-0.00182828	0.091459	1.24218	0.0736277
52	1	-0.242532	-0.221302	1.20145	-0.184195	0.000229987	0.0796438	0.798783	0.0997064
52	2	0.153483	0.23802	0.926133	0.257004	0.0986844	0.211748	0.804525	0.263197
52	3	-0.0200694	-0.031482	0.847061	-0.0371662	0.21992	0.0541236	0.643048	0.0841673
52	4	0.202083	0.27462	0.675878	0.406316	0.00455041	0.122622	0.473548	0.258944
52	5	0.128321	0.112011	0.599084	0.186971	0.208228	0.135668	0.718866	0.188724
52	6	0.726398	0.635263	0.668877	0.949746	0.914122	0.490543	0.800199	0.613027
52	7	0.730402	0.732857	0.882416	0.830512	0.601417	0.606509	1.24333	0.487811
52	8	0.391056	0.394284	0.984545	0.400473	0.323437	0.163176	1.107	0.147404
52	9	0.402137	0.320262	0.978246	0.327384	0.533793	0.206145	0.797419	0.258515
53	0	0.191299	0.183437	1.1824	0.15514	0.467708	0.322678	1.1824	0.272901
53	1	0.280676	0.289383	1.09412	0.264489	-0.010633	-0.0768182	1.08262	-0.0709557
53	2	0.115488	0.153032	0.92098	0.166163	0.299776	0.314799	0.774945	0.406221
53	3	0.852388	0.767679	1.11749	0.686968	0.854239	0.716279	1.56015	0.459108
53	4	0.626586	0.685099	1.26862	0.540037	0.396835	0.427932	1.32761	0.322331
53	5	0.220528	0.302951	1.11257	0.2723	-0.243157	0.000448861	1.26721	0.000354212
53	6	-0.0495674	0.0929615	1.18755	0.0782801	0.977852	0.657601	2.2508	0.292164
53	7	1.1819	1.16295	1.4658	0.793387	0.583454	0.707132	2.82636	0.250192
53	8	0.296296	0.223139	1.22957	0.181477	0.40409	0.228838	0.726489	0.314991
53	9	-0.00195838	0.0440155	0.940181	0.0468159	-0.192418	-0.035994	0.627925	-0.0573221
54	0	-0.0644252	-0.0487912	0.925831	-0.0526999	0.147916	0.0945915	0.925831	0.102169
54	1	0.275048	0.289292	0.849293	0.340627	0.331847	0.203923	0.683783	0.298227
54	2	0.24949	0.209221	0.781272	0.267795	0.154313	0.0235066	0.476107	0.0493725
54	3	0.358152	0.441541	0.612641	0.720717	0.291628	0.321801	0.65576	0.490729
54	4	0.351227	0.247334	0.70799	0.349347	0.607913	0.329465	0.445578	0.739411
54	5	0.51975	0.518985	0.704799	0.736358	0.311239	0.0539206	0.419305	0.128595
54	6	0.403101	0.446194	0.487708	0.914879	0.13832	0.240807	0.567854	0.424066
54	7	0.475899	0.437999	0.606873	0.721731	0.782744	0.76503	0.975803	0.784
54	8	0.226685	0.260457	0.708873	0.367424	-0.0334179	0.214927	0.676223	0.317835
54	9	-0.202798	-0.0638814	0.627819	-0.101751	0.0469056	0.0487445	0.473726	0.102896
55	0	0.355955	0.333176	0.926707	0.359527	0.571193	0.410048	0.926707	0.442479
55	1	0.160473	0.1513	1.02211	0.148028	0.18542	-0.0769925	1.29411	-0.0594946
55	2	0.568954	0.609944	1.1083	0.550341	0.559886	0.504235	0.805185	0.626235
55	3	0.952054	0.929663	1.27147	0.731171	0.715282	0.689273	1.55562	0.443086
55	4	0.961316	0.828045	1.34412	0.616051	1.29275	1.01114	1.68841	0.598873
55	5	0.703861	0.554097	1.84773	0.29988	-0.14365	-0.402212	2.08995	-0.19245
55	6	0.257045	0.239442	1.83942	0.130173	0.238007	0.616553	4.2066	0.146568
55	7	-0.433839	-0.271665	1.91161	-0.142114	0.0717538	0.18347	1.447	0.126793
55	8	0.594056	0.54287	0.999103	0.543358	0.995952	0.796443	1.10172	0.722909
55	9	0.528563	0.484684	1.01197	0.478949	0.0963782	-0.0778591	1.01451	-0.0767458
56	0	0.34203	0.305455	1.05293	0.2901	0.655902	0.571557	1.05293	0.542825
56	1	0.89841	0.857222	1.20048	0.714069	0.648732	0.58419	1.09071	0.535607
56	2	0.0487674	-0.0209142	1.17584	-0.0177866	-0.0909642	-0.103552	1.00739	-0.102792
56	3	-0.186093	-0.2032	1.1989	-0.169488	-0.239866	-0.250494	1.40721	-0.178007
56	4	-0.121513	-0.207022	1.13931	-0.181708	0.0686291	-0.0868166	0.967028	-0.0897767
56	5	0.337744	0.224142	0.975805	0.229699	0.1104	-0.0415853	0.879793	-0.0472671
56	6	0.0766283	0.000715653	0.953314	0.0007507	0.341261	0.160371	0.786725	0.203846
56	7	0.710839	0.623127	0.692433	0.89991	0.434304	0.502125	1.11454	0.45052
56	8	-0.0259157	0.0335448	0.759217	0.0441833	0.209272	0.220726	0.750219	0.294215
56	9	0.390181	0.401579	0.663791	0.604978	0.609885	0.448723	0.941665	0.476521
57	0	0.0432283	0.0544308	0.836763	0.0650492	-0.0601482	0.0542224	0.836763	0.0648002
57	1	-0.264359	-0.250671	0.824037	-0.304199	-0.0110552	-0.0956361	1.00467	-0.0951912
57	2	0.21202	0.231652	0.933943	0.248036	0.206008	0.165055	0.690334	0.239094
57	3	0.0600837	0.0890464	0.775277	0.114857	0.0909789	0.0744195	0.723313	0.102887
57	4	0.160668	0.178317	0.812078	0.219581	0.103062	-0.103307	0.779416	-0.132544
57	5	0.087208	0.130404	0.904305	0.144203	-0.245862	-0.169308	0.50905	-0.332596
57	6	0.0623957	-0.0401004	0.415382	-0.0965387	0.450859	0.174097	0.238656	0.729488
57	7	0.50991	0.480481	0.496884	0.96699	0.42632	0.329162	0.338696	0.971851
57	8	0.0564933	0.0771857	0.585596	0.131807	-0.122824	-0.0630352	0.404593	-0.155799
57	9	0.0858298	-0.000414662	0.597941	-0.000693484	0.277768	0.222522	0.43738	0.508762
58	0	0.557477	0.598768	0.907533	0.659775	0.582974	0.589975	0.907533	0.650086
58	1	0.903919	0.968392	1.0772	0.898993	1.33624	1.16948	1.68033	0.695983
58	2	0.321381	0.232411	1.23532	0.188138	-0.451602	-0.589168	1.20697	-0.488138
58	3	-0.103301	-0.112944	0.906075	-0.124651	0.0571758	0.128532	0.842667	0.152529
58	4	-0.155373	-0.185684	0.767443	-0.241952	-0.0885686	-0.326909	0.933721	-0.350114
58	5	0.141087	0.144332	1.0765	0.134076	0.119968	0.220279	1.26486	0.174152
58	6	0.26137	0.329763	1.05816	0.311639	0.479852	0.361069	1.59462	0.226429
58	7	0.00154964	0.0315621	1.03283	0.0305589	-0.233284	-0.140877	1.75262	-0.0803807
58	8	0.00569917	-0.0424222	1.21251	-0.0349871	0.134369	0.129549	0.980393	0.13214
58	9	0.11703	0.109467	0.758437	0.144333	0.262576	0.146136	1.04109	0.140368
59	0	0.154014	0.145899	0.820137	0.177896	0.395222	0.373482	0.820137	0.45539
59	1	0.53063	0.53963	0.759104	0.710877	0.457551	0.485281	0.829125	0.585293
59	2	0.0969573	0.145973	0.695461	0.209894	0.0632525	0.093223	0.650217	0.143372
59	3	0.126904	0.106497	0.707421	0.150542	0.0471231	0.0443503	0.731975	0.0605899
59	4	0.40441	0.351376	0.838351	0.419128	0.598423	0.575061	1.01121	0.568687
59	5	0.72409	0.672983	1.10226	0.610551	0.638455	0.581149	1.01266	0.573885
59	6	0.692757	0.772828	1.18771	0.650687	0.673531	0.52127	1.36144	0.382883
59	7	0.32557	0.314023	1.00717	0.311787	0.264465	0.119626	0.949957	0.125928
59	8	-0.133194	-0.0650533	1.22913	-0.0529261	-0.288452	-0.105674	1.15603	-0.0914115
59	9	-0.0346811	0.0853325	1.31939	0.0646756	0.0993003	0.265951	1.01578	0.261821
60	0	0.216983	0.244475	1.18856	0.205691	0.326218	0.363019	1.18856	0.305429
60	1	0.286806	0.295704	1.27626	0.231696	0.0499255	0.131287	1.35746	0.0967155
60	2	0.016768	-0.108993	1.19704	-0.0910518	0.315258	-0.0677233	0.976346	-0.0693641
60	3	0.193269	0.192228	0.772461	0.248852	-0.0490672	-0.0682243	0.311194	-0.219234
60	4	0.142426	0.147098	0.542199	0.271299	0.246191	0.0959831	0.591956	0.162146
60	5	0.0929378	-0.00102049	0.615677	-0.00165752	-0.371038	-0.573654	0.659089	-0.870373
60	6	0.179255	0.066612	0.78274	0.0851011	0.7433	0.684207	0.727428	0.940584
60	7	0.192123	0.074711	0.850006	0.0878947	0.125968	-0.0985866	1.08978	-0.090465
60	8	0.0354761	0.0165158	0.969402	0.017037	0.119547	0.202942	0.811168	0.250185
60	9	0.0807969	0.109725	0.696438	0.157552	0.140333	0.0179132	0.382069	0.0468848
61	0	0.105546	0.0768659	0.618193	0.12434	-0.0275719	0.011804	0.618193	0.0190944
61	1	0.124507	0.188212	0.668024	0.281744	0.325533	0.320697	0.577273	0.555538
61	2	0.11172	0.206915	0.711266	0.290911	-0.242558	0.0327495	0.814141	0.0402258
61	3	-0.0580026	-0.0795693	0.871618	-0.0912891	0.280862	0.281085	0.824972	0.34072
61	4	0.208664	0.244966	0.845611	0.289691	0.17035	0.0772098	0.986317	0.0782809
61	5	0.0583387	-0.013101	0.838194	-0.01563	-0.0626023	-0.220328	0.616367	-0.357462
61	6	0.0656624	0.0800855	0.61808	0.129572	-0.100539	0.197758	0.900862	0.21952
61	7	0.132269	0.0599314	0.735524	0.0814813	0.565913	0.424439	1.02107	0.415681
61	8	0.376077	0.367331	0.914144	0.401831	0.314013	0.363128	0.563858	0.644007
61	9	0.217767	0.26086	0.709217	0.367814	0.562411	0.329028	0.851715	0.386313
62	0	0.303492	0.361924	0.957512	0.377984	0.467953	0.360911	0.957512	0.376926
62	1	0.236112	0.227428	1.05357	0.215864	0.393178	0.226655	1.06591	0.21264
62	2	0.832695	0.854146	1.15254	0.741101	0.756459	0.858196	1.42541	0.602067
62	3	0.546652	0.480675	1.31028	0.366848	0.240883	0.0258826	0.971647	0.0266379
62	4	0.104084	0.0649023	0.932292	0.0696158	0.331334	0.0256817	1.10892	0.0231592
62	5	0.528546	0.333572	1.12513	0.296473	0.280308	-0.235562	1.47719	-0.159466
62	6	-0.495557	-0.47877	1.2715	-0.376541	-0.25579	-0.336413	2.44714	-0.137471
62	7	0.639821	0.650686	1.64491	0.395576	0.617657	0.724756	1.17692	0.615805
62	8	0.0668537	0.10129	0.877804	0.11539	-0.0950255	0.00305227	0.638241	0.00478232
62	9	0.174522	0.214834	0.752212	0.285603	0.231688	0.586629	0.660894	0.88763
63	0	0.536032	0.505106	1.05614	0.478258	0.736895	0.629239	1.05614	0.595793
63	1	0.635367	0.611578	1.13095	0.540766	0.565795	0.424282	0.788684	0.537963
63	2	0.363635	0.288269	0.854361	0.337409	0.464311	0.346073	0.801046	0.432026
63	3	0.446712	0.360948	0.901436	0.400415	0.0264173	0.111206	0.971026	0.114524
63	4	-0.39021	-0.350272	0.755264	-0.463775	-0.229971	-0.082477	0.895768	-0.0920741
63	5	-0.0965182	-0.0274989	0.954452	-0.0288112	-0.618314	-0.519857	1.0376	-0.501017
63	6	-0.309562	-0.497783	0.806263	-0.617395	0.355276	-0.0758382	1.02968	-0.0736525
63	7	0.59312	0.530924	0.749848	0.708042	0.564403	0.280281	1.17553	0.238429
63	8	0.365005	0.290109	1.20857	0.240043	0.250346	0.11331	1.23831	0.0915036
63	9	0.0294532	-0.0116959	1.15149	-0.0101572	0.163743	-0.0329064	0.475158	-0.0692537
64	0	-0.0435444	-0.0107417	0.759278	-0.0141473	0.00033277	0.138627	0.759278	0.182577
64	1	-0.050416	-0.0451017	0.844255	-0.0534219	0.0283856	-0.0885149	0.884603	-0.100062
64	2	0.590075	0.683631	1.04641	0.653314	0.647349	0.767034	1.4308	0.536086
64	3	0.342544	0.422427	1.26421	0.334142	0.160016	0.187212	0.511832	0.365769
64	4	0.146626	0.2345	0.789069	0.297185	0.519358	0.379287	0.795479	0.476803
64	5	0.45787	0.437323	1.02353	0.42727	0.444958	0.108084	1.41721	0.0762657
64	6	0.616054	0.53111	1.23219	0.431028	0.239817	0.277052	0.804624	0.344324
64	7	0.298093	0.416072	0.521911	0.79721	0.316777	0.422645	1.1332	0.372966
64	8	0.156419	0.149847	0.702308	0.213364	0.459193	0.384927	0.665915	0.578043
64	9	0.653223	0.649803	0.793467	0.818941	0.3263	0.297302	0.66392	0.447798
65	0	0.122688	0.0920149	1.21518	0.0757212	0.189861	0.112618	1.21518	0.0926762
65	1	0.389886	0.429861	1.13485	0.378781	0.51124	0.422712	0.795532	0.531358
65	2	0.301295	0.320934	0.806867	0.397754	0.0874242	0.0824565	0.809085	0.101913
65	3	-0.0709094	-0.131708	0.842945	-0.156247	-0.165545	-0.128493	0.801315	-0.160353
65	4	0.0492615	0.0274059	0.753905	0.036352	0.23068	0.314125	0.727504	0.431785
65	5	-0.106877	-0.0538965	0.82089	-0.0656562	-0.217878	-0.213154	0.565483	-0.376941
65	6	-0.0415958	-0.142302	0.78747	-0.180707	0.389286	0.203168	0.529458	0.383729
65	7	0.252874	0.156766	0.735759	0.213067	-0.0978015	-0.144787	0.529616	-0.273381
65	8	0.121966	0.107196	0.535431	0.200204	0.153421	0.00691349	0.537568	0.0128607
65	9	0.28161	0.276148	0.598906	0.461088	0.352765	0.226733	0.76746	0.295433
66	0	-0.0304141	0.0320786	0.862945	0.0371734	0.230284	0.22046	0.862945	0.255474
66	1	0.679905	0.626534	0.904443	0.692729	0.442028	0.431863	1.3606	0.317407
66	2	0.0678535	0.0822868	1.34433	0.0612101	0.288016	0.175162	1.12084	0.156277
66	3	0.328674	0.355848	1.0214	0.348391	0.116907	0.125932	0.533168	0.236196
66	4	0.284441	0.282466	0.694314	0.406828	0.427362	0.355521	0.583909	0.608863
66	5	0.422667	0.405858	0.747372	0.543047	0.014503	0.140775	0.853573	0.164924
66	6	-0.28585	-0.201726	0.785183	-0.256916	-0.0154826	0.174475	0.859902	0.202902
66	7	0.343013	0.422713	0.881311	0.479641	0.511714	0.358321	0.562646	0.63685
66	8	0.446783	0.471009	0.573404	0.821425	0.447321	0.377553	0.426364	0.885517
66	9	0.425881	0.500715	0.718424	0.696964	0.410286	0.482687	0.986372	0.489356
67	0	0.0491031	0.00037456	1.11118	0.000337083	0.388213	0.230149	1.11118	0.207122
67	1	0.621467	0.583253	1.21868	0.478595	0.34009	0.267499	1.31486	0.203443
67	2	0.537534	0.499786	1.23266	0.405453	0.960896	0.863611	1.39336	0.619806
67	3	0.482881	0.496924	1.15807	0.429097	-0.0317241	-0.0126274	0.944359	-0.0133714
67	4	0.547088	0.501069	0.915644	0.547231	0.593037	0.57822	1.36845	0.422535
67	5	0.341956	0.28109	1.64042	0.171353	-0.45465	-0.267569	2.16545	-0.123563
67	6	-0.948914	-0.961657	1.68611	-0.570342	-0.313654	-0.451308	1.61611	-0.279257
67	7	0.222359	0.218966	1.47524	0.148428	0.592145	0.487062	1.56293	0.311634
67	8	0.549092	0.509555	0.959814	0.53089	0.896604	0.617862	0.607632	1.01684
67	9	0.720436	0.713493	0.809375	0.881536	-0.236658	-0.159993	0.636463	-0.251379
68	0	0.0456009	0.0538141	0.774178	0.0695113	0.110146	0.0953163	0.774178	0.123119
68	1	-0.151783	-0.179887	0.935829	-0.192222	0.00999315	-0.191446	0.806808	-0.237288
68	2	0.458929	0.493701	0.995294	0.496035	0.44608	0.455705	0.785501	0.580145
68	3	0.452953	0.449581	0.818113	0.549534	0.423872	0.326012	0.946419	0.344469
68	4	0.31284	0.360541	0.872604	0.413178	0.11202	0.194516	0.905549	0.214804
68	5	0.0425896	-0.0365241	0.891889	-0.0409514	-0.170626	-0.248796	1.08317	-0.229691
68	6	-0.0819932	0.00170513	1.11188	0.00153355	-0.00796699	0.455609	1.25417	0.363274
68	7	-0.216802	-0.183619	0.786393	-0.233495	-0.111029	-0.0222043	0.3598	-0.0617131
68	8	0.219779	0.18802	0.457423	0.411041	0.46548	0.341621	0.4302	0.794099
68	9	0.302904	0.218955	0.652294	0.33567	0.346061	0.0693191	0.580377	0.119438
69	0	0.201441	0.152456	0.9513	0.160261	0.336732	0.356152	0.9513	0.374385
69	1	0.223826	0.2139	0.85388	0.250503	0.111057	0.195231	1.03161	0.189249
69	2	0.0907839	0.0995207	0.810537	0.122784	0.16084	0.104058	0.625001	0.166492
69	3	0.335316	0.302719	0.686467	0.440982	0.448629	0.372922	0.484941	0.769005
69	4	0.32231	0.350225	0.807738	0.433588	0.158384	0.181921	0.58053	0.313371
69	5	0.253471	0.235034	0.757144	0.310422	0.126079	0.261126	1.02546	0.254643
69	6	0.0777863	0.148732	0.936669	0.158788	0.0948855	0.139361	0.304244	0.458057
69	7	0.212961	0.100886	0.33968	0.297002	0.410466	0.212838	0.174045	1.22289
69	8	0.13356	0.163941	0.370393	0.442613	-0.129527	0.0546771	0.327567	0.166919
69	9	-0.00076143	0.0467558	0.624667	0.0748493	0.395139	0.310866	0.803589	0.386847
70	0	0.369808	0.32257	0.857171	0.37632	0.525969	0.371278	0.857171	0.433144
70	1	0.441675	0.39443	1.03288	0.381872	0.226774	0.211305	1.5519	0.136159
70	2	0.244695	0.276883	1.45434	0.190384	0.663301	0.604276	1.55863	0.387696
70	3	0.6657	0.67002	1.26028	0.531642	0.434208	0.401319	1.36464	0.294083
70	4	0.132717	0.139958	1.27141	0.110081	0.0705111	0.10953	1.36208	0.0804133
70	5	0.373292	0.332737	1.463	0.227435	-0.197185	-0.206728	2.2799	-0.0906741
70	6	-0.391196	-0.602748	1.79939	-0.334973	-0.114976	-0.612501	2.36171	-0.259346
70	7	-0.206591	-0.175273	1.88636	-0.0929162	0.145652	0.152728	3.52606	0.0433139
70	8	-0.054419	-0.0962075	1.56237	-0.0615779	0.03165	-0.199402	1.25929	-0.158344
70	9	0.316578	0.294502	0.96645	0.304725	0.299726	0.134171	0.724753	0.185127
71	0	0.260242	0.262511	1.0577	0.248191	0.304103	0.312081	1.0577	0.295057
71	1	-0.253241	-0.205811	0.987153	-0.20849	-0.256472	-0.318684	0.991159	-0.321527
71	2	0.588334	0.474408	1.01138	0.46907	0.781839	0.530554	0.775501	0.684143
71	3	0.530184	0.595173	0.902093	0.659769	0.188817	0.353234	0.651107	0.542513
71	4	0.345343	0.274998	0.821325	0.334823	0.501602	0.602218	1.00961	0.596484
71	5	0.284533	0.28761	1.0124	0.284087	0.27659	-0.0255702	1.21369	-0.0210681
71	6	0.545484	0.500055	1.1389	0.439068	0.583788	0.354239	2.23583	0.158438
71	7	0.52009	0.455049	1.09888	0.414102	0.227622	0.106538	2.10408	0.050634
71	8	-0.429136	-0.476423	1.51353	-0.314777	-0.402767	-0.488589	0.97447	-0.50139
71	9	-0.035052	0.0046933	1.05628	0.00444324	0.267342	0.288689	1.46016	0.197711
72	0	0.0621237	0.107436	0.922501	0.116461	0.0376424	0.161246	0.922501	0.174792
72	1	0.434859	0.444168	0.856205	0.518763	0.712565	0.692192	0.627476	1.10314
72	2	0.61183	0.635434	0.821025	0.773952	0.840754	0.779883	0.64777	1.20395
72	3	0.446057	0.454803	0.851526	0.534104	-0.0287045	-0.131777	0.916026	-0.143857
72	4	0.258752	0.207417	0.949015	0.21856	0.165383	0.0859964	1.06463	0.080776
72	5	0.233982	0.13022	1.06621	0.122133	0.157457	-0.0746896	1.12233	-0.0665485
72	6	0.00661229	-0.0352345	1.11832	-0.0315067	0.158804	0.0741383	1.89035	0.0392194
72	7	-0.240947	-0.022812	0.960515	-0.0237498	-0.00371529	0.178458	1.16229	0.15354
72	8	0.287675	0.310478	0.89347	0.347497	-0.0272891	0.00284699	0.843442	0.00337544
72	9	-0.1312	-0.0264191	0.937571	-0.0281782	0.513424	0.345396	1.11884	0.30871
73	0	0.349932	0.323031	0.857219	0.376836	0.408767	0.285876	0.857219	0.333492
73	1	0.345889	0.253195	0.83818	0.302078	0.592576	0.263883	0.711178	0.371051
73	2	0.424393	0.419045	0.906263	0.462388	0.0515166	0.0460273	1.10407	0.0416888
73	3	0.123625	0.139162	1.05686	0.131675	-0.0814224	0.0488844	1.02997	0.0474621
73	4	0.422911	0.46789	0.976993	0.478908	0.795018	0.739513	1.33636	0.553379
73	5	0.430318	0.501992	1.23148	0.407634	-0.026582	-0.031583	1.62731	-0.0194081
73	6	-0.45132	-0.435501	1.18604	-0.367189	0.505344	0.37949	2.88585	0.1315
73	7	0.35579	0.325363	1.95779	0.166189	-0.206907	-0.171633	2.64048	-0.0650006
73	8	0.499735	0.467212	1.72284	0.271186	0.428039	0.355134	1.45691	0.243758
73	9	-0.0893927	-0.0684824	1.33781	-0.0511899	0.089195	0.0460505	0.624985	0.0736826
74	0	0.0255402	0.033983	1.10541	0.0307425	-0.0662083	-0.0129008	1.10541	-0.0116706
74	1	0.753619	0.767759	1.10104	0.697307	0.955439	1.11817	1.44835	0.772029
74	2	-0.115767	-0.0453919	1.65356	-0.027451	-0.222858	-0.266634	1.26269	-0.211164
74	3	0.29814	0.246913	1.07933	0.228766	0.386887	0.334224	0.966815	0.345696
74	4	0.316522	0.368843	0.871263	0.423343	0.319959	0.413592	0.786159	0.526092
74	5	0.133089	0.121432	0.852065	0.142515	-0.270079	-0.232705	1.29899	-0.179143
74	6	-0.280147	-0.253973	0.978855	-0.259459	0.410812	0.0194997	1.41754	0.013756
74	7	0.687941	0.770456	0.75893	1.01519	0.384847	0.433862	0.818015	0.530384
74	8	0.415467	0.357153	0.585489	0.610007	0.365154	0.186997	0.518398	0.36072
74	9	-0.177317	-0.176694	0.598872	-0.295045	-0.0477802	-0.292545	0.481461	-0.60762
75	0	0.315672	0.256738	1.55826	0.16476	0.403586	0.380964	1.55826	0.24448
75	1	0.629306	0.56188	1.12721	0.498468	0.869759	0.671845	1.34913	0.497982
75	2	0.631426	0.708115	1.37694	0.514267	0.798385	0.692812	1.37874	0.502496
75	3	0.486836	0.495627	1.15655	0.42854	-0.103301	-0.0690813	1.08133	-0.0638857
75	4	0.204111	0.203681	1.21481	0.167665	0.271613	0.348978	1.0404	0.335428
75	5	0.295943	0.287495	1.20128	0.239324	0.324011	0.252751	1.03683	0.243773
75	6	-0.449407	-0.402466	0.856914	-0.469669	0.0918162	-0.311576	1.01634	-0.306566
75	7	0.336875	0.281314	0.998134	0.28184	-0.146801	-0.349014	0.622257	-0.560884
75	8	0.0901364	0.158682	0.666392	0.238121	-0.153729	0.142242	0.850173	0.16731
75	9	-0.249319	-0.290538	0.68849	-0.421993	0.157443	0.0499862	0.741828	0.0673825
76	0	0.154612	0.0928633	0.755675	0.122888	0.401732	0.272248	0.755675	0.360271
76	1	0.181891	0.236153	0.681204	0.346669	0.00403559	0.0360361	0.431188	0.083574
76	2	0.14103	0.167412	0.69511	0.240842	0.169726	0.222549	0.841387	0.264502
76	3	0.126987	0.147106	0.772564	0.190412	0.266902	0.0193248	0.434618	0.0444638
76	4	0.198612	0.246103	0.640054	0.384503	0.292078	0.125133	0.56398	0.221874
76	5	0.45234	0.490847	0.725377	0.676678	-0.00170537	0.0760082	0.655258	0.115997
76	6	-0.0903379	-0.0139824	0.666086	-0.0209919	-0.165218	0.0188658	1.0801	0.0174667
76	7	0.0739465	-0.029402	0.84316	-0.0348712	0.377444	0.228265	0.612381	0.37275
76	8	0.0252408	0.100755	0.866924	0.116221	-0.138598	-0.00133779	0.829951	-0.00161189
76	9	0.211444	0.146243	0.910172	0.160676	0.233242	0.110535	1.01453	0.108952
77	0	-0.114449	-0.117547	0.781953	-0.150325	-0.0899879	-0.204781	0.781953	-0.261883
77	1	0.864101	0.847092	0.924468	0.916302	1.30385	1.15698	1.32538	0.872944
77	2	1.35642	1.34903	1.64621	0.819476	1.13805	1.04216	1.66291	0.626708
77	3	0.694489	0.684607	1.62531	0.421216	0.40314	0.353818	1.32295	0.267445
77	4	0.648219	0.631939	1.27472	0.495749	0.741517	0.781668	1.67498	0.466674
77	5	0.497957	0.461187	1.66597	0.276828	0.182292	0.0344548	2.15212	0.0160097
77	6	-0.414606	-0.403714	1.57529	-0.256279	-0.0364089	-0.228238	3.64672	-0.0625873
77	7	0.546768	0.691765	2.17	0.318785	0.798971	0.773331	1.57299	0.491631
77	8	0.593858	0.675938	1.13607	0.594978	0.281122	0.372753	0.948024	0.393189
77	9	0.202511	0.177103	0.88095	0.201036	0.137353	0.23639	0.648397	0.364576
78	0	0.367002	0.301041	0.622081	0.483927	0.59581	0.396674	0.622081	0.637657
78	1	0.203015	0.134182	0.889947	0.150775	0.00422593	-0.105853	1.02518	-0.103253
78	2	0.144139	0.236903	0.981159	0.241452	0.195006	0.25545	0.789461	0.323575
78	3	0.2276	0.243033	0.905061	0.268527	0.145515	0.168139	0.954131	0.176222
78	4	0.532682	0.469725	1.08205	0.434105	0.722897	0.525844	1.04925	0.501163
78	5	0.208493	0.340632	1.26534	0.269202	-0.394069	-0.383872	1.61699	-0.237399
78	6	-0.12687	-0.192111	1.65527	-0.11606	0.144437	-0.0897918	2.75878	-0.0325476
78	7	0.615054	0.608296	1.79255	0.339348	0.924385	0.924128	2.26767	0.407524
78	8	0.543773	0.550099	0.935942	0.587749	0.296038	0.34284	0.93436	0.366925
78	9	0.223509	0.195689	0.998217	0.196039	0.352692	0.188989	1.19082	0.158705
79	0	0.0614075	0.041865	0.928322	0.0450975	0.254639	0.162247	0.928322	0.174774
79	1	0.273423	0.247435	0.93384	0.264965	0.170354	0.139457	1.25007	0.111559
79	2	0.24649	0.174792	1.32858	0.131563	0.266309	0.157144	1.28032	0.122738
79	3	0.0815377	0.0334783	1.13897	0.0293936	0.240206	0.167584	1.32221	0.126746
79	4	0.251169	0.218498	1.16114	0.188176	0.160861	-0.0343412	0.823691	-0.0416919
79	5	0.107436	0.120683	0.735918	0.163989	0.156724	-0.145936	0.651795	-0.223898
79	6	-0.0458467	0.0991008	1.02784	0.0964162	-0.360447	0.0843653	0.59919	0.140799
79	7	0.103882	0.0837295	0.721066	0.116119	0.445354	0.216293	0.773037	0.279796
79	8	0.768054	0.810232	0.730401	1.1093	1.00546	0.888595	0.897445	0.990138
79	9	0.776157	0.744591	1.21522	0.612719	0.0157691	-0.0841752	1.52316	-0.0552635
80	0	0.191083	0.272314	0.982858	0.277063	0.43147	0.449129	0.982858	0.456963
80	1	0.366141	0.318229	1.04211	0.30537	0.345775	0.219125	1.02959	0.212828
80	2	-0.0400975	0.0333807	1.02071	0.0327034	-0.591746	-0.335772	0.931264	-0.360555
80	3	0.0284342	0.0040937	1.05718	0.00387227	0.37716	0.359924	1.29418	0.278109
80	4	0.001942	0.0491721	1.00069	0.0491382	0.29377	0.354383	0.62767	0.5646
80	5	0.528518	0.475786	0.680722	0.698943	0.342684	0.0956116	0.583043	0.163987
80	6	0.248836	0.259287	0.607951	0.426493	0.0430839	-0.29164	0.910699	-0.320237
80	7	0.234665	0.263961	0.615363	0.428951	0.509994	0.386437	0.646961	0.597311
80	8	0.14893	0.134358	0.661384	0.203146	-0.00997425	-0.129267	0.469716	-0.275202
80	9	0.0145346	0.119415	0.842747	0.141698	0.177216	0.138838	0.609252	0.227883
81	0	0.403387	0.326952	0.740264	0.44167	0.49836	0.391869	0.740264	0.529365
81	1	0.213243	0.257933	0.922541	0.279589	0.288575	0.177921	0.811078	0.219363
81	2	0.509981	0.416261	0.916466	0.454202	0.341216	0.222226	1.05217	0.211208
81	3	0.5486	0.440303	1.07797	0.408454	0.757601	0.488711	0.970075	0.503787
81	4	0.531243	0.501244	1.04382	0.480203	0.433417	0.364716	1.13691	0.320795
81	5	0.3728	0.480452	1.05719	0.454464	-0.136431	0.00966316	1.65219	0.0058487
81	6	0.213378	-0.0108751	1.13078	-0.00961733	0.995034	0.643542	2.6459	0.243222
81	7	0.901836	0.875852	1.70937	0.512382	0.654858	0.586228	1.68683	0.347532
81	8	0.327497	0.368937	0.999011	0.369302	0.296734	0.275095	0.914197	0.300914
81	9	0.373542	0.342611	0.950405	0.360489	0.548252	0.420863	0.708601	0.593935
82	0	0.582689	0.571941	1.20932	0.472942	0.975318	1.00482	1.20932	0.830894
82	1	0.392782	0.450754	1.14229	0.394605	0.229574	0.170796	1.1476	0.148828
82	2	0.60208	0.552609	1.11946	0.493636	0.596101	0.508529	0.920756	0.552295
82	3	1.18674	1.18707	1.01128	1.17383	1.03412	0.980455	1.07293	0.91381
82	4	0.117278	0.035923	1.09719	0.0327408	0.000224735	-0.122577	1.28698	-0.0952439
82	5	0.110041	0.0107164	0.976848	0.0109704	-0.639341	-0.573838	1.32254	-0.433892
82	6	-1.07054	-1.02848	1.13001	-0.910146	-0.292584	-0.317775	2.07452	-0.15318
82	7	0.141774	0.0426339	1.74719	0.0244014	0.0720279	-0.107201	1.09677	-0.0977424
82	8	-0.214632	-0.285579	1.04849	-0.272372	0.44095	0.156117	1.17171	0.133238
82	9	0.976615	0.925356	0.979279	0.944936	0.953229	0.594137	1.35653	0.437985
83	0	-0.108282	-0.0798129	1.18227	-0.0675082	0.200645	-0.0608798	1.18227	-0.051494
83	1	0.569205	0.589782	1.35778	0.434371	0.650066	0.505307	1.60254	0.315316
83	2	0.407212	0.445945	1.26594	0.352264	0.0711636	0.171937	0.819687	0.209759
83	3	0.0894443	0.136207	0.836186	0.162891	0.0954796	0.127476	0.870502	0.14644
83	4	0.26696	0.139634	0.763975	0.182773	0.375252	0.146142	1.0252	0.14255
83	5	0.114601	0.0945799	1.02258	0.092491	-0.0136449	-0.364001	0.752386	-0.483795
83	6	-0.150778	-0.0568635	0.889783	-0.0639072	-0.460211	-0.332214	0.625491	-0.531125
83	7	-0.0667956	-0.0759682	0.755791	-0.100515	0.531424	0.340988	0.583968	0.583916
83	8	0.553207	0.634789	0.83793	0.757567	0.476543	0.517464	1.13648	0.45532
83	9	0.0571479	-0.00905824	1.15921	-0.00781415	-0.101872	-0.146804	0.817987	-0.179469
84	0	0.103459	0.132859	0.950892	0.139721	0.610713	0.47994	0.950892	0.504726
84	1	0.501686	0.489032	1.07144	0.456425	0.26856	0.0683916	1.24051	0.0551318
84	2	0.367462	0.416097	1.03671	0.401365	-0.142087	-0.0392281	0.913693	-0.0429336
84	3	-0.183801	-0.152933	0.777999	-0.196572	0.0567618	0.0941956	0.572216	0.164615
84	4	0.033915	0.0174311	0.676677	0.0257598	-0.157198	-0.105361	0.914715	-0.115184
84	5	-0.0335437	-0.0813825	0.937194	-0.0868364	0.587887	0.145554	1.0473	0.13898
84	6	1.00883	1.10165	1.14653	0.960854	0.554015	0.630044	1.93098	0.326283
84	7	0.615973	0.50578	1.52124	0.332479	0.731936	0.483543	1.25276	0.385982
84	8	0.494455	0.517272	1.00428	0.51507	0.441098	0.426086	0.885259	0.481313
84	9	0.498315	0.544912	0.825491	0.660106	0.504033	0.687998	0.735288	0.935685
85	0	0.334075	0.367524	1.19432	0.307725	0.715905	0.711868	1.19432	0.596042
85	1	0.625443	0.590627	1.17491	0.5027	0.294059	0.270824	0.882986	0.306713
85	2	0.211674	0.229607	0.828343	0.277189	-0.107729	0.0543474	0.87288	0.0622621
85	3	-0.0769516	-0.101461	0.941269	-0.107792	0.238772	0.133543	1.22563	0.108959
85	4	0.153836	0.0523376	0.815809	0.0641542	0.0572949	-0.227145	0.804642	-0.282294
85	5	0.041053	-0.0159417	0.841207	-0.0189509	-0.402487	-0.572494	1.02716	-0.557355
85	6	0.220225	0.19204	1.09759	0.174966	0.105534	0.0904082	2.19881	0.0411168
85	7	-0.122922	-0.0784291	1.44255	-0.0543682	0.651915	0.618874	1.51589	0.408257
85	8	0.452513	0.432788	0.78006	0.554813	0.315367	0.319906	0.55135	0.580223
85	9	0.489137	0.471642	0.768114	0.614026	0.486552	0.393959	0.865389	0.455239
86	0	0.0897486	0.0702871	1.21686	0.057761	0.146048	0.0865343	1.21686	0.0711128
86	1	0.1582	0.225801	1.14747	0.196782	0.413718	0.436956	1.08432	0.402977
86	2	0.376938	0.370402	1.05119	0.352365	0.18475	-0.000363869	0.86161	-0.000422313
86	3	0.431624	0.464028	0.808145	0.574188	0.354105	0.289024	0.569368	0.507623
86	4	0.148309	0.24123	0.707724	0.340853	0.00594949	0.121332	0.904806	0.134097
86	5	-0.074366	-0.0769594	0.65374	-0.117722	-0.147725	-0.172995	0.946884	-0.182699
86	6	0.640503	0.39246	0.879986	0.445984	0.912711	0.467984	1.3143	0.356072
86	7	0.209217	0.228753	0.670824	0.341003	0.153083	0.166114	0.515586	0.322185
86	8	0.507635	0.464266	0.687643	0.675155	0.557113	0.417208	0.932922	0.447206
86	9	0.0265932	-0.00488111	1.60179	-0.00304728	-0.427195	-0.441768	1.69931	-0.25997
87	0	0.0275816	-0.04463	1.21564	-0.0367132	0.260349	0.0944794	1.21564	0.0777199
87	1	0.364544	0.3735	1.10277	0.338692	0.439165	0.35223	1.1713	0.300717
87	2	0.700719	0.68054	1.1182	0.608602	0.823773	0.727546	1.16519	0.624402
87	3	0.464471	0.38309	1.11541	0.343452	-0.0709583	-0.198461	1.26223	-0.157231
87	4	0.426348	0.256698	1.24942	0.205454	0.583705	0.434975	1.23862	0.351177
87	5	0.242246	0.310995	1.11706	0.278404	-0.273688	-0.149152	1.41077	-0.105723
87	6	0.256188	0.263637	1.46247	0.180268	1.09507	1.05984	3.72439	0.284568
87	7	0.658309	0.639786	3.21907	0.198748	0.537206	0.316361	2.79625	0.113138
87	8	0.641126	0.67726	1.01435	0.667679	0.513038	0.568308	0.924569	0.614674
87	9	0.0552581	0.0729968	0.778144	0.0938088	0.0851992	0.144241	0.752996	0.191556
88	0	0.462806	0.481642	0.943333	0.510575	0.992706	0.943611	0.943333	1.00029
88	1	0.46986	0.47571	0.91958	0.517312	0.175665	-0.0174821	0.568492	-0.0307517
88	2	0.522341	0.507313	0.851308	0.595922	0.521862	0.417638	0.908615	0.459643
88	3	0.428999	0.429834	0.944325	0.455176	0.269008	0.130978	0.59168	0.221367
88	4	0.349515	0.286945	0.690236	0.41572	0.262323	0.15135	0.694393	0.217959
88	5	-0.139384	-0.154341	0.783234	-0.197056	-1.15148	-0.859425	0.889973	-0.965675
88	6	-0.885046	-0.887166	1.11426	-0.796192	0.281737	0.216913	0.347759	0.623744
88	7	0.2503	0.34439	0.626888	0.549365	0.322176	0.362841	0.325844	1.11354
88	8	0.646997	0.542178	0.638352	0.84934	0.29877	0.145328	0.783381	0.185514
88	9	0.032415	0.0312843	0.825423	0.0379009	0.312161	0.32816	1.31711	0.249151
89	0	-0.174339	-0.143424	1.29148	-0.111055	0.0606507	-0.00764196	1.29148	-0.00591724
89	1	0.491508	0.499414	1.10683	0.451212	0.270922	0.14303	0.822091	0.173983
89	2	0.22787	0.190829	0.733095	0.260306	0.230347	0.242218	0.53143	0.455785
89	3	0.346119	0.296658	0.681115	0.435548	0.550831	0.393699	0.898261	0.438291
89	4	0.292396	0.236652	0.735073	0.321943	-0.179624	-0.143302	0.636138	-0.225269
89	5	0.255213	0.184652	0.766856	0.240791	0.565035	0.394892	0.979261	0.403255
89	6	-0.00773217	-0.0330265	1.10652	-0.0298471	-0.05827	-0.183905	1.55216	-0.118484
89	7	0.569589	0.623841	0.897211	0.695311	0.480468	0.638829	1.09503	0.583392
89	8	0.542091	0.374844	0.799011	0.469135	0.716025	0.551465	0.710351	0.776328
89	9	0.39036	0.236122	0.922184	0.256046	0.430358	0.194512	0.807595	0.240853
90	0	1.10704	1.11594	0.878592	1.27015	1.58749	1.55643	0.878592	1.77151
90	1	1.03796	0.985665	1.85508	0.531332	0.50088	0.536594	1.19469	0.44915
90	2	0.268004	0.325136	1.17323	0.277129	0.479772	0.518496	1.14633	0.452311
90	3	0.955191	0.977048	1.17489	0.831608	0.838756	0.803229	1.44349	0.556451
90	4	0.348242	0.333599	1.35657	0.245913	0.289891	0.125994	2.06923	0.0608896
90	5	0.293551	0.291933	1.47552	0.19785	-0.350872	-0.153106	2.13324	-0.0717716
90	6	-0.885344	-0.973586	1.63623	-0.595018	-0.105011	-0.451553	3.48512	-0.129566
90	7	1.27756	1.22741	2.48939	0.493058	1.17348	1.09444	3.60516	0.303575
90	8	0.360463	0.365095	1.59992	0.228196	0.30648	0.296129	1.39374	0.21247
90	9	-0.0753126	-0.0959759	1.36453	-0.0703362	0.00966979	-0.0469463	1.03059	-0.0455529
91	0	0.0155679	0.0441356	0.783666	0.0563194	0.117518	0.180715	0.783666	0.230602
91	1	0.585907	0.552641	0.872275	0.633563	0.525215	0.472793	0.737608	0.640981
91	2	0.175692	0.168761	0.806501	0.20925	0.113271	0.15952	0.701137	0.227517
91	3	-0.0151462	0.00516082	0.730514	0.00706464	0.0409288	-0.043216	0.557639	-0.0774982
91	4	0.0683522	0.131393	0.639962	0.205314	0.024345	0.232958	0.465867	0.500053
91	5	0.122492	-0.0345889	0.568937	-0.0607956	-0.0867522	-0.0863942	0.533976	-0.161794
91	6	0.315274	0.134256	0.605803	0.221616	0.220615	0.136758	0.561619	0.243507
91	7	-0.110199	-0.0946831	0.708227	-0.13369	0.354067	0.284493	0.926776	0.30697
91	8	0.347085	0.352629	0.615051	0.573333	0.311269	0.40068	0.853342	0.469542
91	9	0.105122	0.133715	0.879898	0.151967	-0.0287717	0.104943	0.673014	0.15593
92	0	-0.0803356	-0.0674007	1.06429	-0.0633293	0.334413	0.215347	1.06429	0.202339
92	1	0.795915	0.729345	1.1109	0.656537	0.717928	0.44943	1.47416	0.304873
92	2	0.727946	0.775743	1.13913	0.680996	0.694624	0.690328	0.953245	0.724187
92	3	0.428349	0.461224	0.942258	0.489488	0.219841	0.099059	0.800856	0.123691
92	4	0.103824	0.0719262	0.803807	0.0894818	-0.147733	-0.148327	1.104	-0.134355
92	5	0.0464051	-0.0537645	0.822524	-0.0653653	-0.0925204	-0.263959	0.77264	-0.341633
92	6	-0.105294	-0.198782	1.15644	-0.171891	0.215733	0.118392	1.33642	0.0885893
92	7	-0.174704	-0.279994	0.865868	-0.323368	-0.210566	-0.457125	1.7593	-0.259833
92	8	1.34951	1.37343	1.52631	0.899835	1.59414	1.56618	2.3965	0.653527
92	9	0.298627	0.197152	2.13945	0.0921508	-0.0678548	-0.105516	1.57598	-0.0669525
93	0	0.236782	0.243323	1.0004	0.243226	0.588398	0.440656	1.0004	0.44048
93	1	0.624724	0.59656	1.09417	0.545219	0.681849	0.529711	1.06189	0.49884
93	2	0.566426	0.579011	1.09964	0.526544	0.232691	0.240376	0.889181	0.270334
93	3	0.107162	0.0748377	0.720226	0.103909	0.143911	0.0224784	0.425384	0.0528426
93	4	0.141709	0.173028	0.613419	0.282071	0.381802	0.151538	0.78234	0.193698
93	5	0.149923	0.175591	0.913818	0.19215	-0.333591	-0.440432	0.747094	-0.589526
93	6	-0.0226008	-0.0825598	0.812061	-0.101667	-0.305233	-0.271184	0.51251	-0.52913
93	7	-0.12042	-0.20096	0.864055	-0.232578	0.339775	0.197393	0.567994	0.347527
93	8	0.123101	0.123988	0.689022	0.179948	0.0566558	-0.0447989	0.529195	-0.0846547
93	9	-0.0505639	-0.0561586	0.763946	-0.0735113	-0.212508	-0.0666936	0.765689	-0.0871028
94	0	0.751638	0.777397	1.19801	0.648908	1.21712	1.28909	1.19801	1.07603
94	1	0.441805	0.438046	1.39416	0.314201	-0.00318591	-0.143449	0.845003	-0.169762
94	2	0.0137366	0.0156522	0.869906	0.017993	0.18033	0.182521	0.994377	0.183553
94	3	0.0746315	0.0985658	0.923202	0.106765	0.0298363	-0.0162006	0.785684	-0.0206198
94	4	0.328244	0.244113	0.849244	0.287447	0.178438	-0.00679763	0.7047	-0.00964613
94	5	0.35985	0.411676	0.736192	0.559196	0.589721	0.616203	0.999083	0.616769
94	6	0.868768	0.708025	1.236	0.572834	-0.0472537	-0.162554	2.45979	-0.0660844
94	7	0.336775	0.24815	1.74638	0.142094	1.1792	0.924022	4.28621	0.21558
94	8	0.12345	0.120646	0.995993	0.121131	0.118183	-0.0192282	0.60969	-0.0315377
94	9	0.290964	0.301253	0.926147	0.325276	0.399657	0.342807	0.916658	0.373975
95	0	0.393952	0.474303	1.24039	0.382381	0.738443	0.871251	1.24039	0.7024
95	1	0.387152	0.436227	1.16127	0.375648	0.0829995	0.0838484	0.88636	0.0945986
95	2	0.21545	0.253891	0.822234	0.308782	0.319017	0.29312	0.82305	0.356138
95	3	0.350024	0.257801	0.770837	0.334443	0.334508	0.163058	0.655746	0.24866
95	4	0.46284	0.463404	0.76724	0.603988	0.389453	0.46554	0.714986	0.651118
95	5	0.44868	0.33256	0.735324	0.452263	0.307924	0.140213	0.55773	0.2514
95	6	-0.361072	-0.300601	0.741411	-0.405445	-0.136495	-0.207756	0.668272	-0.310885
95	7	0.162999	0.133952	0.728299	0.183925	0.329975	0.24351	0.873467	0.278785
95	8	0.41588	0.548976	0.668081	0.821721	0.339611	0.408569	0.744732	0.548613
95	9	0.354744	0.404437	0.727504	0.555924	0.57249	0.442039	0.590862	0.748125
96	0	0.0368989	-0.00215136	0.974439	-0.00220779	-0.0617726	-0.0261525	0.974439	-0.0268385
96	1	-0.0720219	-0.0964857	0.764049	-0.126282	0.0876055	0.0542164	0.647991	0.0836685
96	2	0.010488	0.0510748	0.818497	0.0624007	0.0327102	0.00753373	0.793941	0.00948903
96	3	0.429103	0.414628	0.830522	0.499238	0.621922	0.496839	0.853537	0.582094
96	4	0.373626	0.370533	1.17994	0.314027	0.0711251	0.0300288	1.2785	0.0234874
96	5	0.245494	0.243499	1.128	0.215868	0.472498	0.369062	0.990203	0.372713
96	6	0.277523	0.439491	1.06315	0.413387	0.346706	0.364924	0.870675	0.419127
96	7	0.951534	0.924076	0.806576	1.14568	0.645365	0.753036	0.533309	1.41201
96	8	-0.0480142	-0.0127326	0.718807	-0.0177136	-0.139123	0.032552	0.537262	0.0605887
96	9	0.112147	0.179264	0.609733	0.294004	0.145771	0.325354	0.738069	0.440818
97	0	0.0887753	0.051914	0.957668	0.0542088	0.303266	0.120433	0.957668	0.125757
97	1	0.550975	0.530563	1.01014	0.525237	0.585548	0.576848	1.1091	0.520104
97	2	0.584751	0.561399	1.21859	0.460697	0.704892	0.601862	1.04726	0.574702
97	3	0.594584	0.632063	1.27234	0.496772	0.372331	0.325993	0.777471	0.419299
97	4	0.348483	0.405702	0.787878	0.51493	0.185207	0.255822	0.563893	0.453672
97	5	-0.15636	-0.0397689	0.653223	-0.0608811	-0.381958	-0.0433944	0.596977	-0.0726903
97	6	-0.0127636	-0.115194	0.62441	-0.184484	0.0191366	0.164718	0.481203	0.342303
97	7	0.151818	-0.0421458	0.601473	-0.070071	0.70171	0.218232	0.311747	0.70003
97	8	0.470291	0.423037	0.662308	0.638732	0.0522907	0.129199	0.838943	0.154002
97	9	0.296049	0.33686	0.627796	0.536577	0.563781	0.49042	0.818295	0.599319
98	0	0.347084	0.399435	0.864571	0.462004	0.511765	0.586608	0.864571	0.678495
98	1	0.292929	0.331122	0.876195	0.377909	0.310469	0.42128	0.789495	0.533607
98	2	0.453508	0.475993	0.857492	0.5551	0.447548	0.355403	0.978944	0.363047
98	3	0.510785	0.464568	0.955717	0.486093	0.315243	0.330366	0.748571	0.441329
98	4	0.0447648	0.0540177	0.778275	0.069407	0.161072	-0.0194285	0.683968	-0.0284056
98	5	0.0198795	-0.103549	1.00095	-0.103451	-0.536695	-0.644363	1.07965	-0.596825
98	6	-0.286612	-0.272264	1.0651	-0.255623	0.370206	0.361286	1.18942	0.303749
98	7	-0.123011	-0.0723729	1.08128	-0.0669325	-0.444188	-0.588712	1.23514	-0.476637
98	8	0.19568	0.17972	1.2433	0.144551	0.293956	0.268974	1.57796	0.170457
98	9	0.440577	0.392633	1.48392	0.264591	0.708085	0.439803	1.49666	0.293857
99	0	0.170183	0.163739	1.13478	0.144292	0.308236	0.178759	1.13478	0.157528
99	1	-0.0604765	0.0492838	1.15822	0.0425513	-0.1106	-0.0826103	1.25161	-0.0660032
99	2	0.343039	0.265078	1.12656	0.235299	0.429383	0.176851	0.829886	0.213103
99	3	0.595428	0.59478	0.900562	0.660454	0.506596	0.538442	0.963549	0.558811
99	4	-0.02625	-0.0483723	0.961339	-0.0503176	0.195868	-0.0980978	1.00519	-0.0975918
99	5	0.457996	0.515921	0.884314	0.583413	0.010778	0.0961838	1.13346	0.0848589
99	6	0.284866	0.170463	0.946098	0.180175	0.078301	0.205186	0.926209	0.221533
99	7	-0.0207519	-0.00813083	0.684199	-0.0118837	0.615793	0.422864	0.732188	0.577534
99	8	0.386672	0.538247	0.785678	0.685074	0.263049	0.377127	0.781715	0.482436
99	9	0.524487	0.402461	0.708195	0.568292	0.321604	0.286962	0.632206	0.453907
100	0	-0.128024	-0.132358	1.15231	-0.114864	0.340947	0.178903	1.15231	0.155257
100	1	0.544668	0.597738	1.24841	0.478799	0.0131155	0.117633	0.828043	0.142062
100	2	0.101102	0.0447363	0.728401	0.0614172	0.533405	0.316308	0.846533	0.373651
100	3	0.71369	0.717439	0.823162	0.871565	0.316581	0.411505	0.792224	0.51943
100	4	0.286502	0.249134	0.897677	0.277533	0.527053	0.39831	0.983474	0.405004
100	5	0.582657	0.538099	1.03967	0.517565	0.487527	0.30987	0.813208	0.381046
100	6	0.208329	0.309236	0.811653	0.380996	0.227907	0.21154	1.42592	0.148353
100	7	0.845288	0.96967	1.56386	0.620051	0.863615	1.0489	2.01904	0.519507
100	8	0.17718	0.194325	1.06819	0.181919	0.0739115	-0.0186668	0.501404	-0.0372291
100	9	0.0238316	0.0118352	0.665864	0.0177742	0.0808531	-0.00947459	1.23947	-0.00764407
