RUN	Year	DeltaBV	Sel	Var	Beta	DeltaBVRecruits	SelRecruits	VarRecruits	BetaRecruits
1	0	0.013892	-0.00429562	0.867984	-0.00494896	0.114799	0.08657	0.867984	0.0997368
1	1	0.0723258	-0.0256767	0.883074	-0.0290765	-0.0966405	-0.208544	0.787437	-0.264839
1	2	-0.0950674	-0.200026	1.11457	-0.179465	-0.0281861	-0.3112	1.1551	-0.269413
1	3	0.0419046	-0.168968	1.12662	-0.149977	-0.00855088	-0.0442288	1.23704	-0.0357539
1	4	-0.0336161	-0.00622745	1.03935	-0.00599171	-0.0882766	-0.283985	1.29281	-0.219666
1	5	-0.137939	-0.226436	1.00811	-0.224614	0.120588	0.326934	0.741602	0.440849
1	6	0.0997004	0.477835	0.757684	0.630652	-0.0328484	-0.10507	1.32168	-0.0794974
1	7	-0.0400228	0.260643	1.08042	0.241243	-0.0347432	0.284159	1.03727	0.27395
1	8	0.031377	0.0781331	0.941231	0.0830116	0.0462445	0.0993185	0.977891	0.101564
1	9	0.0558165	-0.0633683	0.868486	-0.0729641	0.00361902	-0.121573	0.847799	-0.143398
2	0	-0.0780088	-0.263703	1.13487	-0.232365	-0.134373	-0.344954	1.13487	-0.30396
2	1	-0.0239519	-0.119177	0.97861	-0.121781	0.112723	0.0673103	0.981952	0.0685475
2	2	0.113388	0.0641255	0.948445	0.0676112	0.0836999	-0.0630724	0.963923	-0.065433
2	3	0.105987	0.464829	1.02241	0.454641	0.139275	0.212345	0.800595	0.265234
2	4	0.0524943	-0.0115073	1.07825	-0.0106722	0.111597	0.118533	0.872705	0.135822
2	5	0.159905	-0.0476403	0.873513	-0.0545387	-0.0443712	-0.135795	0.268543	-0.505672
2	6	-0.101807	-0.355945	0.636003	-0.559659	0.0283796	0.00867273	0.63788	0.0135962
2	7	0.0417376	-0.0773384	1.09873	-0.0703892	-0.00845911	-0.392289	1.11505	-0.351813
2	8	-0.0333689	0.0299524	0.834272	0.0359024	-0.149892	-0.0724057	0.654413	-0.110642
2	9	-0.116716	-0.181636	0.870386	-0.208684	-0.0891656	0.20228	0.78217	0.258614
3	0	0.0201401	0.0629836	0.874927	0.0719872	0.0427669	0.0274281	0.874927	0.031349
3	1	0.0152969	0.034455	0.912372	0.0377643	0.00772016	0.137521	0.826585	0.166373
3	2	0.0427086	-0.032943	0.862494	-0.0381951	0.0858884	0.050029	0.736934	0.0678881
3	3	0.0578759	-0.300663	0.911641	-0.329804	-0.0760863	-0.342086	1.14676	-0.298306
3	4	-0.083007	-0.454249	0.970507	-0.468053	0.0730535	-0.0425338	0.834254	-0.0509842
3	5	0.0969282	0.347024	0.89037	0.389753	0.0181192	0.273689	0.809176	0.338231
3	6	-0.0749211	-0.355146	0.94848	-0.374437	-0.287518	-0.163891	0.766986	-0.213682
3	7	-0.183698	-0.303461	0.889171	-0.341285	0.106238	0	0.714588	0
3	8	0.0487621	0.339795	1.13234	0.300082	0.0634584	0.0272157	0.666879	0.0408105
3	9	0.0409857	0.0767949	1.00298	0.076567	0.0622897	-0.0906871	0.875387	-0.103597
4	0	0.0243165	0.0607717	0.996777	0.0609682	-0.0111599	5.86566e-05	0.996777	5.88463e-05
4	1	-0.035424	0.0330227	0.981554	0.0336432	-0.0789175	0.0894904	0.905206	0.0988619
4	2	-0.0821745	-0.292765	0.914761	-0.320045	-0.0396992	-0.110964	0.687255	-0.161459
4	3	-0.025998	-0.0679517	0.998051	-0.0680844	0.0569374	-0.110509	1.13079	-0.0977273
4	4	0.0515107	-0.0440248	1.03273	-0.0426296	0.146246	-0.165627	0.721652	-0.229511
4	5	0.165141	-0.134195	0.92444	-0.145163	0.00196511	-0.1828	0.773342	-0.236377
4	6	-0.125686	-0.328805	0.757495	-0.434069	0.0565536	-0.0448076	1.28103	-0.0349779
4	7	0.231752	0.477541	1.07554	0.443999	0.0389892	0.0559039	0.958605	0.058318
4	8	-0.0668526	-0.253221	0.823144	-0.307627	0.010822	0.248503	0.906247	0.274211
4	9	0.064419	0.283764	1.06922	0.265394	-0.0884482	-0.17482	1.13844	-0.153561
5	0	0.0146556	-0.0477871	0.703948	-0.0678845	0.0336849	0.00695865	0.703948	0.00988518
5	1	0.00419274	0.118264	0.889017	0.133028	0.00211566	-0.0163109	0.780772	-0.0208907
5	2	2.05351e-05	-0.242023	0.88208	-0.274377	-0.0267131	0.00309385	0.775453	0.00398973
5	3	0.00737994	0.2392	1.14557	0.208804	0.0803191	-0.021824	0.911512	-0.0239427
5	4	0.0732418	-0.0645287	0.832349	-0.0775259	-0.110235	0.0635638	0.712285	0.0892393
5	5	-0.166721	-0.18554	0.84419	-0.219785	-0.155873	0.16246	0.766647	0.21191
5	6	-0.0927474	-0.410043	0.788156	-0.520256	0.0149863	0.231483	0.649942	0.35616
5	7	-0.014276	0.25873	0.799112	0.323772	-0.0456446	0.347331	0.752904	0.461322
5	8	0.00677569	0.00159604	0.861317	0.00185302	-0.0729853	-0.0758535	0.851309	-0.0891022
5	9	-0.166256	-0.445204	1.0378	-0.428987	0.0493922	-0.159599	1.15794	-0.13783
6	0	0.0145814	-0.0172515	0.802783	-0.0214896	0.000114677	-0.179568	0.802783	-0.223682
6	1	-0.0374243	-0.157394	0.95026	-0.165632	-0.0418577	-0.0575003	0.731271	-0.0786306
6	2	-0.038578	-0.598798	1.15774	-0.517213	0.0378443	-0.0332194	1.73112	-0.0191895
6	3	0.126495	-0.175735	1.19112	-0.147537	0.236973	0.166632	1.03619	0.160813
6	4	0.194873	0.359839	0.731061	0.492214	0.0301019	-0.0388468	0.740413	-0.0524664
6	5	0.0261433	-0.0521031	0.906832	-0.0574562	0.0930919	-0.0437434	1.07835	-0.0405651
6	6	0.03647	0.308671	1.11182	0.277627	0.000716894	0.123635	1.09571	0.112836
6	7	0.0394816	0.0390863	0.820116	0.0476595	0.0109987	-0.115633	0.549376	-0.210481
6	8	-0.0032215	-0.255923	0.800019	-0.319897	-0.0437934	-0.102336	0.837108	-0.122249
6	9	-0.0731286	-0.164003	0.829693	-0.197667	0.0276145	-0.110446	0.826254	-0.133671
7	0	-0.0432341	0.00464978	0.919764	0.0050554	-0.108714	-0.0210677	0.919764	-0.0229056
7	1	-0.0869147	-0.132257	1.00573	-0.131503	0.0817294	-0.245149	1.18269	-0.207281
7	2	0.092681	0.00779085	1.01122	0.00770444	-0.143273	-0.100416	0.700892	-0.143269
7	3	-0.0512694	-0.40994	1.05755	-0.387632	0.0254077	0.228765	1.112	0.205725
7	4	-0.0756159	-0.14352	0.938033	-0.153001	0.0644619	0.0386372	0.716557	0.0539206
7	5	0.0702512	-0.0246856	0.918876	-0.026865	-0.0383648	0.0873743	0.88899	0.0982849
7	6	-0.0160535	0.250717	0.917251	0.273335	-0.0514867	0.213848	1.28807	0.166022
7	7	-0.116467	-0.334887	0.938992	-0.356645	-0.0922636	0.302993	0.882273	0.343424
7	8	-0.332452	-0.582648	0.891355	-0.653665	-0.238326	-0.47994	1.27781	-0.375596
7	9	0.0344351	0.302337	0.802439	0.376773	0.228044	0.286661	0.310574	0.923004
8	0	0.0181197	0.110411	1.18213	0.0934001	0.144268	0.251866	1.18213	0.213061
8	1	0.0887361	0.32877	1.06383	0.309045	0.0585627	0.287164	1.07756	0.266494
8	2	0.0911252	0.312312	1.0911	0.286236	-0.0152647	0.315069	1.45277	0.216875
8	3	-0.023426	0.00423806	1.0613	0.00399326	-0.12067	-0.101184	0.913251	-0.110796
8	4	-0.145304	-0.112013	0.905298	-0.12373	-0.059963	-0.0112061	1.41469	-0.00792124
8	5	-0.0597258	-0.111812	1.04006	-0.107505	0.0240387	0.461904	1.11228	0.415276
8	6	0.0671549	0.886963	1.0245	0.865748	0.0174309	0.195671	1.06965	0.18293
8	7	-0.00118893	-0.107055	1.31689	-0.0812937	0.100288	-0.209562	1.37191	-0.152752
8	8	-0.0286609	0.232511	1.47675	0.157447	-0.147502	-0.139919	1.08085	-0.129453
8	9	-0.0411767	-0.095393	0.905192	-0.105384	-0.199531	-0.0279667	0.848862	-0.0329461
9	0	0.0176527	-0.0488806	0.801267	-0.0610041	-0.0185726	-0.201384	0.801267	-0.251333
9	1	-0.0387178	-0.0880107	0.932805	-0.0943506	0.137169	0.375858	0.837631	0.448716
9	2	0.11852	0.580543	0.860117	0.674958	0.0351967	-0.0618413	0.61467	-0.100609
9	3	-0.0523157	0.149535	0.948963	0.157577	-0.159941	-0.0717072	0.57974	-0.123689
9	4	-0.0160649	-0.0789302	0.916918	-0.0860821	0.0683338	-0.164295	0.893968	-0.183781
9	5	0.0601981	-0.154932	0.825084	-0.187777	0.0330378	0.00155902	0.542186	0.00287544
9	6	0.02247	-0.174827	0.681945	-0.256365	-0.024891	-0.202289	0.747261	-0.270708
9	7	0.00194661	0.0580687	0.928008	0.0625735	0.052437	0.256803	0.895862	0.286655
9	8	-0.0320647	0.0746139	0.931213	0.0801255	-0.0640747	0.0392797	1.0588	0.0370982
9	9	-0.0241498	-0.273363	0.974165	-0.280613	-0.0816015	-0.109739	0.877456	-0.125065
10	0	0.0122028	-0.0245429	0.775451	-0.0316498	-0.0150607	0.0421927	0.775451	0.0544105
10	1	-0.059315	-0.2063	0.752861	-0.274022	0.0290675	-0.0807158	0.556872	-0.144945
10	2	0.0500171	0.0498044	0.905762	0.0549862	0.243609	0.0499021	0.847454	0.0588847
10	3	0.227425	-0.0301591	0.975135	-0.0309281	0.00135979	-0.00126224	1.33381	-0.000946341
10	4	-0.00338116	-0.204596	1.01322	-0.201927	-0.0167581	0.0202721	0.940932	0.0215446
10	5	-0.0277004	0.123553	0.899866	0.137302	-0.147628	-0.22473	0.902496	-0.24901
10	6	-0.102194	-0.52526	0.930791	-0.564316	-0.121826	-0.403397	1.32176	-0.305196
10	7	-0.0400031	0.106856	1.16801	0.0914855	0.164484	-0.021821	0.499691	-0.0436689
10	8	0.0259886	-0.112954	1.05502	-0.107063	-0.06241	-0.140004	0.87946	-0.159193
10	9	-0.0724185	0.00531567	0.741791	0.007166	-0.106892	-0.431216	0.703421	-0.613027
11	0	0.00906342	-0.00528806	1.77428	-0.0029804	0.0682761	0.433065	1.77428	0.244079
11	1	0.0596184	-0.112444	1.39551	-0.0805755	0.00404053	-0.445703	1.69454	-0.263024
11	2	-0.000621488	-0.0907878	1.0175	-0.0892267	0.0522096	0.0372104	0.807458	0.0460834
11	3	0.0777985	0.291179	0.827253	0.351983	-0.0500635	0.0797973	0.94271	0.0846468
11	4	-0.0188293	-0.341341	0.956721	-0.356783	-0.0141184	0.520238	0.630423	0.825221
11	5	0.0421392	0.522756	0.85174	0.613751	0.0720726	-0.63003	1.0968	-0.574426
11	6	-0.163032	-0.593471	1.1451	-0.51827	-0.190899	-0.0803279	0.53879	-0.14909
11	7	-0.0753529	0.26224	0.831885	0.315235	-0.0324923	0.285462	0.705197	0.404798
11	8	-0.0143707	0.105892	0.785751	0.134766	0.0638717	0.312656	0.711877	0.4392
11	9	0.0365487	0.0986208	0.915562	0.107716	-0.0616963	-0.138596	0.985388	-0.140651
12	0	-0.0578642	-0.173435	1.12452	-0.15423	-0.0691949	-0.010643	1.12452	-0.00946446
12	1	-0.0775325	0.188437	0.903739	0.208508	-0.0911903	-0.148468	0.828098	-0.179288
12	2	0.0205929	0.219522	0.935741	0.234597	-0.0860944	-0.147497	1.00684	-0.146494
12	3	-0.0332498	-0.304715	1.122	-0.271582	0.0319582	0.112065	1.23827	0.090501
12	4	-0.118913	-0.174246	1.13876	-0.153013	-0.235267	-0.026794	1.03952	-0.0257753
12	5	-0.270845	-0.458847	1.00996	-0.454322	-0.0837055	-0.16449	1.26023	-0.130524
12	6	0.0507366	0.189535	1.10324	0.171799	-0.00256631	-0.222883	1.06117	-0.210035
12	7	-0.0771578	0.201082	1.14567	0.175515	-0.0217738	-0.0434212	1.31418	-0.0330406
12	8	-0.0277746	0.102448	0.848261	0.120774	-0.170418	-0.221955	0.828322	-0.267958
12	9	-0.172926	-0.092523	0.956813	-0.0966991	-0.209708	-0.521516	1.05006	-0.496652
13	0	0.0880172	0.267825	1.27487	0.21008	0.0736954	0.136106	1.27487	0.10676
13	1	0.0279314	-0.0688442	1.20654	-0.057059	0.122009	0.0524328	1.10529	0.047438
13	2	0.110091	0.0985833	0.904929	0.10894	-0.0324628	0.0346788	0.621428	0.055805
13	3	-0.0544165	-0.0543308	0.750089	-0.0724325	-0.0332904	-0.0603708	0.840328	-0.0718419
13	4	-0.0110334	-0.0440583	1.04344	-0.0422239	0.0372978	-0.0269328	0.888314	-0.030319
13	5	0.00147969	-0.22456	0.920885	-0.243853	-0.271248	-0.260892	1.34619	-0.1938
13	6	-0.359826	-0.68833	1.21837	-0.56496	-0.401595	-1.03281	1.24681	-0.828362
13	7	-0.343858	-0.759999	0.995996	-0.763054	0.0575061	-0.0849682	0.208238	-0.408034
13	8	0.066335	0.126664	0.774146	0.163617	0.00313627	0.141884	0.813673	0.174375
13	9	-0.0183971	-0.315378	1.20297	-0.262166	0.0221495	-0.062196	1.70653	-0.0364459
14	0	-0.0247247	-0.182296	0.907883	-0.200792	-0.0502205	-0.0825435	0.907883	-0.0909187
14	1	-0.0294012	0.0527059	0.941642	0.0559723	0.00686191	-0.185961	1.04488	-0.177974
14	2	0.0103257	-0.000744306	1.024	-0.000726863	-0.0682086	-0.119002	0.730863	-0.162824
14	3	-0.103117	-0.265267	0.868024	-0.305598	0.0230565	-0.0836091	0.858637	-0.0973742
14	4	0.116417	0.268055	0.920004	0.291362	0.084388	0.466906	1.11437	0.418987
14	5	0.0897117	0.146774	0.968227	0.151591	0.241733	0.108312	0.897343	0.120703
14	6	0.149267	-0.127436	0.837839	-0.152101	0.175385	0.00127737	0.527935	0.00241955
14	7	0.152646	-0.324303	0.657621	-0.493146	-0.105524	-0.0875323	0.207243	-0.422366
14	8	0.0454556	0.276071	0.514308	0.536781	0.195438	0.321087	1.05912	0.303163
14	9	0.0104023	0.391592	1.00995	0.387736	-0.143804	-0.143113	0.751313	-0.190484
15	0	0.00538284	0.0280276	0.852101	0.0328924	0.00408983	0.0418456	0.852101	0.0491087
15	1	-0.0330413	0.0990043	0.989638	0.100041	-0.0571703	0.0233686	0.847889	0.0275609
15	2	-0.0317124	0.0699422	0.774828	0.090268	-0.0421261	0.138978	0.731428	0.190009
15	3	-0.0422311	0.218245	0.995731	0.219181	0.0288792	0.228241	1.37848	0.165575
15	4	0.00893481	-0.141763	0.995486	-0.142406	0.0667002	-0.320513	0.933182	-0.343463
15	5	0.215653	-0.33894	0.947483	-0.357727	-0.018918	0.0278081	0.995181	0.0279428
15	6	-0.0745795	-0.387927	0.947996	-0.409207	0.128	-0.0320867	0.313007	-0.102511
15	7	0.132568	0.159092	1.08537	0.146579	0.189951	0.269106	1.2561	0.214239
15	8	0.16787	0.0912704	0.952509	0.095821	0.0895472	0.15658	0.830814	0.188466
15	9	0.0974279	0.454564	0.862162	0.527238	0.172458	0.309712	0.83899	0.369149
16	0	0.0742629	0.305877	1.29826	0.235606	0.130014	0.514112	1.29826	0.396001
16	1	0.0326628	-0.0484495	1.07628	-0.0450156	0.0161917	0.0623977	0.963007	0.0647947
16	2	0.0143028	-0.0263423	0.964914	-0.0273002	-0.016203	0.0161086	0.823478	0.0195616
16	3	0.00476119	0.023806	1.1143	0.021364	-0.0693849	0.0545025	1.51795	0.0359053
16	4	-0.0992984	-0.016036	1.04932	-0.0152823	-0.116804	0.00923604	1.13843	0.008113
16	5	-0.101387	-0.194839	1.10707	-0.175996	-0.0857779	-0.0464929	1.25504	-0.037045
16	6	-0.0235895	0.0732084	1.20634	0.0606862	0.0444602	0.0486752	0.946546	0.051424
16	7	-0.048466	-0.102522	0.860814	-0.119099	-0.00460413	-0.0538792	0.914822	-0.0588958
16	8	-0.0244411	0.0529492	1.13943	0.0464701	-0.0041349	-0.0801636	0.741429	-0.10812
16	9	0.02968	0.241973	0.879833	0.275022	-0.0164559	-0.00621132	0.419393	-0.0148102
17	0	0.0253182	0.0434424	1.16947	0.0371471	0.0833805	0.122979	1.16947	0.105158
17	1	0.0167166	-0.175196	0.923479	-0.189713	-0.0151695	-0.04919	0.725197	-0.0678298
17	2	0.0290248	0.119923	0.765979	0.156562	0.0123335	0.219733	0.774054	0.283873
17	3	0.0187253	0.068108	0.905019	0.0752558	-0.0389572	-0.164491	0.810766	-0.202883
17	4	-0.0191385	-0.0947258	0.912933	-0.10376	0.133726	0.417586	0.72192	0.578438
17	5	0.134822	0.357519	0.965023	0.370477	0.15507	0.122109	0.998548	0.122287
17	6	0.122023	-0.116446	0.924023	-0.126021	-0.0197479	-0.417683	1.10658	-0.377454
17	7	-0.0643538	-0.295053	1.28029	-0.230458	0.0147005	-0.0418808	1.50375	-0.027851
17	8	0.0902247	0.410605	1.07954	0.380352	-0.0204633	0.0830448	1.0715	0.0775032
17	9	-0.00725856	-0.3033	0.959502	-0.316102	-0.084864	-0.183286	0.661108	-0.277241
18	0	-0.029299	-0.00784344	1.06794	-0.00734445	0.0456192	-0.176514	1.06794	-0.165284
18	1	0.0578688	0.235576	1.13614	0.207347	-0.0353353	0.238376	1.02315	0.232982
18	2	-0.0843034	0.503935	0.808346	0.623415	0.0842735	0.396729	0.647434	0.612772
18	3	0.21491	0.335381	0.88248	0.380044	0.0364122	0.0645984	1.36892	0.0471893
18	4	0.00115554	0.197582	0.91513	0.215905	-0.00302732	-0.0373908	0.883509	-0.0423208
18	5	-0.0606125	-0.118579	0.925383	-0.12814	0.0136704	0.0305887	0.964436	0.0317167
18	6	0.0474431	-0.166326	0.932329	-0.178399	-0.0811097	0.0704874	1.03799	0.0679075
18	7	-0.101034	0.148926	1.05174	0.141599	-0.171154	0.284262	0.823763	0.345077
18	8	0.0767078	-0.959666	1.04746	-0.916187	0.215499	-0.0431525	0.382909	-0.112696
18	9	-0.0232375	-0.024509	1.02878	-0.0238233	0.0172061	-0.108893	0.790979	-0.137669
19	0	-0.00301573	0.0213189	1.04274	0.020445	0.00440128	0.0337831	1.04274	0.0323983
19	1	-0.0605526	-0.132164	0.974109	-0.135677	-0.0660884	-0.166898	0.959281	-0.173983
19	2	0.0337352	0.224272	1.02036	0.219796	0.0730392	0.605298	0.995352	0.608125
19	3	0.0188418	0.235114	1.01979	0.230551	-0.0469827	0.0611579	0.954553	0.0640697
19	4	-0.0202297	0.0263916	0.861977	0.0306175	-0.108705	0.0614133	0.939006	0.0654024
19	5	-0.11754	-0.0233049	1.04326	-0.0223385	-0.00621596	-0.173472	0.59843	-0.289878
19	6	-0.000406929	0.0310737	0.690223	0.0450198	-0.0473217	0.0972171	0.153834	0.631962
19	7	-0.0186293	0.40684	0.775758	0.524442	-0.0708182	-0.3873	1.22462	-0.316262
19	8	-0.0983957	0.0716542	0.88122	0.0813125	-0.0539399	0.136694	0.560857	0.243723
19	9	0.0341974	0.252202	1.14143	0.220952	0.0552318	0.238895	1.32296	0.180576
20	0	0.0361055	0.142932	1.0812	0.132197	0.0577992	0.127301	1.0812	0.11774
20	1	-0.0488319	0.00123275	1.02683	0.00120053	-0.0956426	-0.0941576	0.977853	-0.0962902
20	2	-0.0140077	-0.159843	1.0744	-0.148775	-0.0276255	0.200946	1.12488	0.178637
20	3	-0.033023	-0.031496	0.908649	-0.0346624	0.0159851	-0.0798714	0.763015	-0.104679
20	4	-0.0125067	-0.0602275	0.832777	-0.0723214	0.00448366	0.125131	0.613668	0.203907
20	5	-0.0647343	0.111744	0.954376	0.117086	-0.0859043	0.243363	1.12027	0.217236
20	6	-0.0519323	0.218345	1.06418	0.205176	-0.0355545	-0.0638296	0.469061	-0.13608
20	7	0.0581344	-0.437771	0.790191	-0.554006	0.0455396	-0.706092	0.931971	-0.757632
20	8	0.0280843	0.0321572	0.852145	0.0377368	0.0211277	0.0449294	0.879187	0.0511034
20	9	0.0296191	0.19437	0.811108	0.239635	0.0707458	-0.466993	0.79967	-0.583982
21	0	-0.0335879	-0.0453919	0.943695	-0.0481002	-0.0429087	-0.0173679	0.943695	-0.0184042
21	1	0.0179073	0.121004	0.975327	0.124065	0.130956	-0.0435111	1.05753	-0.0411441
21	2	0.134607	-0.173628	0.988319	-0.17568	0.177125	0.0644504	0.851073	0.0757283
21	3	0.174009	-0.104884	0.99208	-0.105722	-0.121625	0.0192613	0.541363	0.0355793
21	4	-0.110518	-0.29406	1.22198	-0.240643	0.00203379	-0.218162	1.68779	-0.129259
21	5	-0.0435732	-0.249358	1.2858	-0.193933	0.270403	0.865937	0.841374	1.02919
21	6	0.446361	1.16462	0.973102	1.19681	0.0726518	0.362588	0.641473	0.565243
21	7	-0.153105	-0.774299	0.853092	-0.907638	-0.0499282	-0.438473	0.521025	-0.841558
21	8	0.043501	0.172746	0.975584	0.177069	0.0749907	0.125735	0.778758	0.161455
21	9	-0.00266669	0.154239	1.07216	0.143859	-0.136692	0.0663863	0.857979	0.0773752
22	0	0.00513395	0.095463	0.75786	0.125964	-0.0521583	0.151055	0.75786	0.199318
22	1	-0.083932	-0.310157	0.749031	-0.414077	-0.081937	-0.347499	0.778806	-0.446194
22	2	-0.0940828	-0.180735	0.97005	-0.186315	-0.0783623	-0.206787	0.79072	-0.261518
22	3	-0.0543982	0.0122123	1.02892	0.0118691	-0.0852466	-0.209228	1.24345	-0.168264
22	4	-0.058068	-0.443083	1.02646	-0.43166	-0.0641577	-0.280177	0.588873	-0.475786
22	5	-0.131882	-0.295279	0.739104	-0.39951	-0.0985608	0.107788	1.12352	0.0959382
22	6	0.00230554	-0.572357	0.868641	-0.658911	0.0980316	-0.278806	1.06467	-0.261872
22	7	0.0395943	0.248285	1.03592	0.239676	-0.0462348	0.392634	1.31414	0.298777
22	8	0.0308625	-0.552353	0.950961	-0.580836	0.0792736	-0.0365698	0.98427	-0.0371543
22	9	-0.0227515	0.533266	1.01272	0.526567	-0.0503217	0.247488	0.867158	0.285401
23	0	0.000989108	0.0234042	0.796886	0.0293696	0.10675	0.172582	0.796886	0.216571
23	1	0.147221	0.161371	1.02568	0.157331	0.105234	0.159231	0.594684	0.267758
23	2	0.0740125	0.158185	0.955817	0.165497	0.0582729	0.0521046	0.766405	0.0679858
23	3	0.0101553	-0.0917688	0.727654	-0.126116	0.0317134	-0.0957779	0.449399	-0.213124
23	4	0.0907567	0.43745	0.784791	0.55741	-0.112342	0.281266	0.633606	0.443913
23	5	-0.202922	-0.0344595	0.827923	-0.0416216	-0.342176	-0.232703	1.60074	-0.145372
23	6	-0.289385	-0.208409	1.79992	-0.115788	0.188128	0.208966	0.422826	0.494213
23	7	0.200649	-0.373399	0.651232	-0.573374	-0.0861054	-0.134351	0.180272	-0.745268
23	8	-0.10042	-0.179832	0.849855	-0.211604	-0.0342308	-0.144949	0.967586	-0.149805
23	9	0.0551217	-0.00589623	0.917859	-0.00642389	0.018784	-0.0984905	0.67381	-0.14617
24	0	0.0384268	-0.00578683	0.958847	-0.0060352	-0.0135531	0.0596855	0.958847	0.0622471
24	1	-0.0481932	-0.170014	1.02059	-0.166585	0.0401333	-0.0117678	0.98884	-0.0119007
24	2	0.036299	0.371898	1.13488	0.327698	-0.0388606	0.221509	1.45225	0.152528
24	3	-0.0460489	0.0253992	1.20974	0.0209956	-0.00681757	0.0892177	1.16809	0.0763793
24	4	-0.00223394	0.259381	0.938874	0.276268	-0.0403141	0.0712746	0.912601	0.0781005
24	5	-0.0374494	-0.0896341	1.0379	-0.0863613	-0.0531322	-0.231092	1.06571	-0.216845
24	6	-0.0754771	-0.0910165	1.0594	-0.0859134	-0.120582	-0.0745238	1.46846	-0.0507495
24	7	-0.0820558	0.0368945	1.35695	0.0271894	0.0552203	0.265771	0.965474	0.275275
24	8	-0.15255	0.170702	0.906776	0.188252	-0.211577	0.136812	0.37345	0.366345
24	9	0.0178084	0.207083	0.921631	0.224692	0.0690686	0.166055	1.05012	0.158129
25	0	0.0365212	0.355857	1.16484	0.305499	0.0499942	0.624431	1.16484	0.536067
25	1	-0.0717151	0.27615	0.970639	0.284504	-0.0683174	-0.126675	0.792684	-0.159806
25	2	0.03512	0.304665	0.972711	0.313212	0.0180069	0.0191399	1.21764	0.0157188
25	3	-0.00849648	-0.21525	1.09586	-0.196422	0.0842035	0.0808402	1.22203	0.0661524
25	4	0.0562938	0.356737	1.04517	0.34132	-0.170705	0.567103	0.949876	0.597028
25	5	-0.168765	-0.462729	0.930932	-0.49706	-0.0368331	0.201828	0.481877	0.418838
25	6	-0.0441204	-0.145437	0.807275	-0.180157	-0.0524617	0.177062	1.10794	0.159812
25	7	-0.00674205	0.00924067	0.80844	0.0114302	0.0658975	0.0977927	0.766873	0.127521
25	8	0.124981	0.574406	0.818714	0.701595	0.00550959	0.495955	1.08473	0.457216
25	9	-0.0552757	-0.156179	0.799056	-0.195454	-0.017466	0.0544259	0.657025	0.0828369
26	0	-0.00721746	-0.10012	0.938572	-0.106673	0.0510953	0.0716476	0.938572	0.0763368
26	1	0.0641328	0.116057	1.01844	0.113955	-0.0361771	-0.0375627	1.32556	-0.0283372
26	2	-0.0155252	0.17987	1.04413	0.172268	-0.0127863	0.0512806	0.991922	0.0516982
26	3	-0.105894	-0.0825788	0.891372	-0.0926424	-0.116646	-0.0179789	1.11085	-0.0161849
26	4	-0.0504219	-0.15094	1.23512	-0.122207	-0.150851	-0.378582	1.26333	-0.299669
26	5	-0.169382	-0.229676	0.867088	-0.264882	-0.097327	-0.167651	0.716111	-0.234113
26	6	-0.286824	0.0603356	1.05281	0.0573091	-0.196922	0.119124	0.54592	0.218209
26	7	0.060882	0.0738216	1.1595	0.0636669	0.134637	-0.0589667	0.478921	-0.123124
26	8	0.118363	-0.261906	0.750256	-0.349089	0.156394	-0.0476821	0.991546	-0.0480887
26	9	0.127011	0.0480714	0.765415	0.0628043	-0.0248107	0.0619351	0.575291	0.107659
27	0	0.0113902	-0.00832548	0.796633	-0.0104508	-0.0754721	-0.114268	0.796633	-0.143438
27	1	-0.038508	-0.200392	0.990714	-0.20227	-0.019034	0.018996	0.916196	0.0207336
27	2	-0.082806	-0.020919	0.932834	-0.0224252	-0.0605969	0.00734049	0.729048	0.0100686
27	3	-0.0807906	-0.198541	0.92448	-0.214759	0.00235707	0.0804758	0.934302	0.0861346
27	4	0.0780857	0.429889	1.10164	0.390227	0.0807509	0.462176	1.16574	0.396464
27	5	0.0950998	0.34727	1.00933	0.344059	0.211232	0.225938	0.874348	0.258408
27	6	0.18445	0.206215	0.870856	0.236796	-0.0119173	-0.188498	0.750054	-0.251312
27	7	0.0299426	-0.107645	0.884002	-0.12177	0.0418094	-0.230585	0.776204	-0.297068
27	8	-0.0869834	-0.372534	0.881324	-0.422698	-0.0996087	-0.421384	1.07473	-0.392084
27	9	0.00288564	0.0612539	1.20875	0.0506754	0.0935145	0.119841	1.20318	0.0996034
28	0	-0.00946778	0.0968022	1.06781	0.0906549	-0.0689214	0.171615	1.06781	0.160717
28	1	-0.0589096	0.153142	1.01804	0.150428	0.0603709	0.201042	0.989425	0.203191
28	2	0.0941383	0.482518	1.12282	0.429738	0.105448	0.0446789	1.41067	0.0316722
28	3	0.0955388	0.442588	1.22518	0.361243	0.0821173	0.237185	0.95505	0.248348
28	4	0.0178376	0.18604	0.920519	0.202103	-0.0684517	-0.0921683	0.62744	-0.146896
28	5	-0.0760313	-0.0330917	0.980256	-0.0337582	-0.0452991	0.471781	1.03844	0.454317
28	6	0.0630735	0.254671	0.850831	0.299321	0.00288468	0.151989	0.961363	0.158097
28	7	-0.0484348	0.252435	0.964819	0.26164	0.0572792	0.294181	1.20536	0.244059
28	8	0.0352955	0.1872	1.03027	0.181699	0.0328566	0.329555	1.11139	0.296525
28	9	0.0753771	0.160559	0.774542	0.207295	0.0208412	-0.095069	0.992381	-0.0957989
29	0	-0.0334948	0.123729	0.95661	0.129341	0.00448725	0.0881769	0.95661	0.0921764
29	1	-0.0315201	0.0824367	0.92557	0.0890658	-0.137467	-0.160094	0.506839	-0.315867
29	2	-0.00249809	0.132817	1.11082	0.119567	0.0267946	0.23376	1.40644	0.166207
29	3	-0.122683	-0.0572963	1.3024	-0.043993	-0.0313714	-0.182307	0.983338	-0.185396
29	4	0.321626	-1.26732	0.98353	-1.28854	0.27135	-0.336131	0.411291	-0.817258
29	5	-0.0185659	-0.328294	0.819058	-0.400819	-0.0943322	0.586357	0.854759	0.685991
29	6	-0.0580263	0.554592	1.05391	0.526223	-0.0095581	0.119468	0.840682	0.142108
29	7	0.0249569	0.508529	1.0205	0.498314	0.165319	0.432356	1.01338	0.426648
29	8	0.113613	0.135862	0.866046	0.156876	-0.0679544	-0.0269678	0.709599	-0.0380043
29	9	-0.0629552	0.107708	0.900405	0.119621	0.00721202	0.215829	0.853833	0.252776
30	0	0.00248138	-0.0548965	0.960758	-0.0571388	-0.0688842	-0.218731	0.960758	-0.227665
30	1	-0.0562293	0.116361	0.97481	0.119368	0.00779065	-0.082986	0.896488	-0.092568
30	2	-0.0486381	-0.0601383	0.946832	-0.0635153	0.0483907	-0.137465	0.940382	-0.14618
30	3	0.0971965	0.167767	1.01611	0.165108	0.024375	0.211406	1.03601	0.204058
30	4	0.0195061	0.130201	1.12093	0.116155	0.0743203	0.0979404	1.0341	0.0947108
30	5	-0.0341853	-0.111363	0.994798	-0.111945	-0.236674	-0.385931	1.33051	-0.290062
30	6	-0.218097	-0.625177	1.56752	-0.398832	0.00840949	0.781004	0.725967	1.07581
30	7	-nan	nan	nan	nan	-nan	0	-nan	nan
30	8	-nan	-nan	1.24071e-4917	0	-nan	nan	nan	nan
30	9	-nan	nan	nan	nan	-nan	0	nan	nan
31	0	0.00878164	0.053025	1.1492	0.0461407	-0.0597993	-0.100588	1.1492	-0.0875287
31	1	-0.0858824	-0.286564	1.04025	-0.275476	-0.047373	-0.16863	1.22966	-0.137136
31	2	-0.0651162	-0.095877	1.09863	-0.0872694	-0.0165252	-0.271633	1.02844	-0.264122
31	3	-0.0327045	-0.194428	0.973784	-0.199663	-0.0487261	-0.173105	0.839659	-0.206162
31	4	-0.0240412	-0.083947	0.983529	-0.0853528	0.0640164	-0.095942	0.855599	-0.112134
31	5	0.0997059	-0.286805	0.848544	-0.337997	0.229322	-0.0834423	0.387316	-0.215437
31	6	0.124421	0.0213539	0.467908	0.0456368	0.0538493	-0.126187	0.185602	-0.67988
31	7	0.119792	-0.287748	0.805024	-0.357441	-0.0463429	-0.00592754	0.400602	-0.0147966
31	8	0.0127057	-0.322573	0.828305	-0.389437	-0.0462133	-0.0107084	0.506724	-0.0211326
31	9	-0.0793096	-0.132821	1.20164	-0.110533	-0.158615	-0.412215	1.07978	-0.38176
32	0	0.0582698	0.171943	0.893679	0.192399	0.119061	0.273244	0.893679	0.305752
32	1	0.0332338	0.234416	0.799283	0.293283	-0.0435575	-0.18999	0.769812	-0.246801
32	2	-0.0889371	0.0925672	0.70744	0.130848	-0.227881	-0.209297	0.90138	-0.232196
32	3	-0.201025	-0.013115	1.08678	-0.0120678	-0.0497048	0.164966	1.12762	0.146296
32	4	-0.00979177	0.117939	1.03213	0.114267	0.0123983	0.251649	0.846104	0.297421
32	5	0.0180649	0.0998564	0.903824	0.110482	-0.170811	-0.0282249	0.912469	-0.0309325
32	6	-0.110718	-0.190315	1.06472	-0.178746	-0.0264858	-0.255269	1.04983	-0.243152
32	7	-0.174484	-0.124964	0.798586	-0.156482	-0.0743096	0.272437	0.795816	0.342336
32	8	-0.0768	0.213009	1.12038	0.190123	-0.0417952	-0.049507	0.0143129	-3.45892
32	9	0.0416129	-0.0851196	0.962662	-0.0884211	-0.0822163	0.124391	0.840223	0.148045
33	0	-0.00655556	-0.0617126	0.701631	-0.0879559	-0.0880338	-0.208256	0.701631	-0.296817
33	1	-0.231886	0.0710051	0.967049	0.0734245	-0.175404	-0.14469	1.14309	-0.126577
33	2	-0.00738789	0.0288658	0.943498	0.0305945	-0.0210708	0.221563	0.842959	0.26284
33	3	-0.0854675	-0.0359685	0.910064	-0.0395231	0.00410182	-0.0153959	0.993836	-0.0154914
33	4	0.0112664	-0.00387091	1.04435	-0.00370654	-0.0751831	-0.199804	1.36784	-0.146073
33	5	-0.0660441	0.107621	1.05323	0.102182	-0.0726124	0.206871	0.750799	0.275535
33	6	0.00202087	-0.140182	0.680281	-0.206065	0.112996	-0.0352664	0.636134	-0.0554386
33	7	-0.0737907	0.0150936	0.854121	0.0176715	-0.10793	-0.129897	0.974974	-0.133232
33	8	0.0936361	-0.0385601	0.86193	-0.0447369	0.0533081	0.151788	0.963553	0.157529
33	9	-0.0205885	0.19096	1.01888	0.187422	-0.140923	0.109651	1.01704	0.107814
34	0	-0.0547941	-0.107093	0.869571	-0.123156	-0.0816227	-0.0411223	0.869571	-0.0472903
34	1	-0.00396087	0.144319	0.99359	0.14525	0.122962	0.459418	0.965445	0.475861
34	2	0.0776657	-0.305551	0.887142	-0.344422	-0.0515853	-0.190875	0.553313	-0.344967
34	3	-0.0070496	0.0485776	0.814134	0.0596679	0.0175807	0.141604	0.580563	0.243909
34	4	0.0499505	0.0301713	1.03388	0.0291826	0.033267	0.0810238	1.48818	0.0544448
34	5	-0.0110975	-0.160468	1.33993	-0.119758	0.00701622	-0.299111	1.40227	-0.213305
34	6	0.000382885	-0.0858338	1.255	-0.0683937	-0.0276942	0.304961	1.20533	0.25301
34	7	-0.0679903	0.454049	0.986681	0.460178	-0.122157	-0.0393859	0.638968	-0.0616399
34	8	-0.0986159	-0.369375	0.967015	-0.381975	0.0765597	-0.128836	0.794325	-0.162195
34	9	0.0834863	0.239936	0.78495	0.30567	-0.0778491	0.0368971	1.06088	0.0347795
35	0	-0.00652443	-0.142209	1.55561	-0.0914169	-0.0512919	-0.372771	1.55561	-0.239631
35	1	-0.085654	-0.329745	1.1531	-0.285964	0.0106376	-0.0860773	0.857878	-0.100337
35	2	0.0361529	0.211669	1.01352	0.208845	-0.0279498	-0.126784	1.50099	-0.0844672
35	3	0.0333106	0.000801126	1.27363	0.000629008	-0.0266024	-0.0914358	1.40392	-0.0651287
35	4	-0.0521002	0.0775896	1.11244	0.069747	-0.0585215	0.142182	0.768854	0.184928
35	5	-0.0773456	0.0300073	0.748567	0.0400863	-0.125939	0.242949	0.94223	0.257845
35	6	-0.0934021	0.124858	0.789091	0.15823	0.0659086	-0.0995675	0.786579	-0.126583
35	7	0.0152621	0.112128	0.853459	0.131381	-0.0359401	-0.143348	0.742996	-0.192933
35	8	0.00742178	0.254768	0.980937	0.259719	0.0206761	0.245918	1.30254	0.188798
35	9	0.0129296	-0.185347	1.12219	-0.165166	0.0806045	-0.350262	1.89997	-0.184352
36	0	-0.0169602	-0.0556341	1.23154	-0.0451743	-0.204197	-0.339464	1.23154	-0.275641
36	1	-0.151135	0.255021	0.952962	0.267608	-0.00610504	0.305363	0.884767	0.345134
36	2	-0.0282977	-0.0518015	1.00141	-0.0517288	-0.0679513	-0.202939	1.61096	-0.125973
36	3	-0.100063	0.17717	1.37322	0.129017	-0.108281	0.4887	1.67103	0.292454
36	4	-0.0744572	-0.331262	0.971592	-0.340948	0.0537561	-0.331448	0.834186	-0.397331
36	5	0.025594	0.50447	1.0324	0.488641	0.45773	0.486545	0.91006	0.53463
36	6	0.535831	1.11419	0.921253	1.20943	-0.130959	-0.148237	0.283109	-0.523602
36	7	-0.105466	-0.463314	0.964283	-0.480475	0.197578	-0.297186	0.413004	-0.719573
36	8	0.0557687	0.35708	0.673283	0.530356	-0.0878317	-0.0288269	0.496115	-0.0581053
36	9	-0.0399695	0.311505	0.893003	0.348829	0.0685133	0.266686	0.735147	0.362766
37	0	-0.00131767	-0.0080887	1.02589	-0.00788458	-0.0505072	-0.115121	1.02589	-0.112216
37	1	0.0178405	0.137081	1.00711	0.136113	0.0901261	0.38765	0.668809	0.579613
37	2	0.00869491	-0.141584	1.07184	-0.132094	-0.0231174	-0.255634	1.18979	-0.214856
37	3	0.0670395	-0.000898408	1.11272	-0.000807402	0.0961901	-0.0255839	0.382446	-0.0668956
37	4	0.0423186	0.148165	0.795924	0.186154	-0.00944127	0.15862	0.778018	0.203878
37	5	-0.0153271	-0.202812	0.882762	-0.229747	-0.123135	-0.222056	0.862542	-0.257444
37	6	-0.0709751	-0.246706	0.901601	-0.273631	0.0580449	0.0980284	0.8221	0.119241
37	7	0.0616868	0.595881	1.37375	0.433762	0.10729	0.84887	1.48705	0.57084
37	8	-0.0847598	-0.548272	1.03168	-0.531437	-0.0769223	-0.506999	1.16386	-0.43562
37	9	0.151357	0.695822	0.972721	0.715335	0.113307	0.608646	1.32445	0.459545
38	0	0.0216501	-0.150444	0.971038	-0.154931	0.0983993	-0.152504	0.971038	-0.157053
38	1	0.0657082	0.320164	1.00291	0.319235	0.0180012	-0.165308	0.890503	-0.185634
38	2	-0.0226711	-0.060908	0.927191	-0.0656908	-0.109808	0.0201664	0.860516	0.0234352
38	3	-0.0622586	-0.471822	0.941703	-0.501031	-0.0503584	-0.415805	1.08182	-0.384356
38	4	0.0346317	-0.139115	1.0107	-0.137642	0.143687	0.243264	1.09491	0.222178
38	5	0.0726882	-0.114985	1.10612	-0.103953	-0.0401369	-0.922955	1.34904	-0.684159
38	6	0.0423357	-0.287687	1.23532	-0.232885	0.335423	0.207205	0.865991	0.239269
38	7	0.0913735	-0.480307	1.6272	-0.295174	-0.0942474	-1.25723	3.06429	-0.410283
38	8	0.0831144	0.325155	1.17823	0.275969	0.132363	-0.117502	1.12089	-0.104829
38	9	0.146017	0.475197	1.28347	0.370245	0.0251697	-0.0380193	0.848514	-0.0448069
39	0	0.0124471	-0.0376108	0.905222	-0.0415487	0.141564	0.121225	0.905222	0.133917
39	1	0.154705	0.29441	1.02478	0.287292	0.123532	0.342788	1.34262	0.255313
39	2	0.205876	0.181759	1.14915	0.158168	0.171823	-0.333012	1.11837	-0.297766
39	3	0.01997	-0.19639	0.76284	-0.257446	-0.0995759	0.0450596	0.209912	0.21466
39	4	-0.0865216	-0.173215	0.72075	-0.240326	-0.00386402	-0.0513156	0.854099	-0.0600816
39	5	0.0432298	-0.076436	0.834653	-0.0915782	0.105111	-0.226471	0.7889	-0.287072
39	6	0.06715	0.153735	0.665091	0.231149	-0.112093	-0.0660733	0.743205	-0.0889032
39	7	-0.222286	0.347824	0.854206	0.40719	-0.17394	-0.0847439	1.94965	-0.0434662
39	8	-0.11875	0.0154711	0.988972	0.0156436	0.0321669	0.218124	0.75079	0.290525
39	9	0.0690711	0.175737	0.736991	0.238453	-0.0361813	0.329973	0.622062	0.530451
40	0	-0.0161575	-0.204623	1.33798	-0.152935	-0.0375094	-0.321071	1.33798	-0.239968
40	1	-0.0420657	0.0448553	1.1899	0.0376966	0.0267562	0.050778	0.999234	0.0508169
40	2	0.0564176	-0.145538	0.954715	-0.152441	-0.0134443	-0.13441	0.895973	-0.150016
40	3	-0.0818039	0.0978318	0.97408	0.100435	-0.0392777	-0.112596	1.01133	-0.111335
40	4	0.0454114	-0.165662	0.929807	-0.178168	-0.0644616	-0.203888	0.333762	-0.610878
40	5	-0.0856642	-0.0966181	0.806848	-0.119748	0.0071792	0.367408	0.884526	0.415373
40	6	0.0342143	0.277562	0.887273	0.312826	0.119576	0.157767	0.948248	0.166377
40	7	0.0552768	0.285733	0.866701	0.329679	0.00946892	0.0106939	0.364447	0.0293427
40	8	0.0734981	-0.00932544	0.824889	-0.0113051	0.0405989	0.0836279	0.764911	0.10933
40	9	0.0375433	-0.117986	1.01262	-0.116515	0.12909	-0.0565009	1.04002	-0.0543268
41	0	-0.0161845	-0.0237235	1.13282	-0.020942	0.0426254	0.227375	1.13282	0.200716
41	1	-0.0465303	-0.325419	1.03422	-0.314651	-0.143329	-0.0422794	1.19252	-0.0354538
41	2	-0.0368109	0.00868019	0.938208	0.00925189	-0.0696474	0.250512	0.685468	0.365462
41	3	-0.0845652	-0.42203	0.876013	-0.481762	-0.0460487	-0.323987	1.0007	-0.32376
41	4	-0.00954804	-0.052701	0.832512	-0.0633036	-0.0376469	0.0415396	0.716298	0.057992
41	5	-0.0103077	0.138135	0.901355	0.153253	0.134042	0.661697	1.1063	0.598116
41	6	0.027073	0.610361	0.895889	0.68129	-0.0128244	0.234047	0.738567	0.316893
41	7	0.0376082	0.437316	0.953905	0.458448	0.0103608	-0.0751607	0.549498	-0.136781
41	8	-0.0320164	0.0317562	0.808166	0.0392942	-0.0440964	0.0485292	0.787734	0.0616061
41	9	0.0245104	-0.0244555	0.84832	-0.0288282	0.0376518	-0.0903975	0.804306	-0.112392
42	0	0.00218017	-0.00270805	1.07245	-0.00252511	0.0592082	0.0352914	1.07245	0.0329073
42	1	0.0273428	-0.0795723	0.949811	-0.0837769	-0.0827898	-0.193499	0.67222	-0.28785
42	2	-0.113153	-0.173704	1.10078	-0.157801	-0.131576	-0.130645	1.04524	-0.12499
42	3	-0.058274	-0.068156	1.00916	-0.0675371	0.0267181	0.247744	1.17004	0.211739
42	4	0.0325901	0.0489648	0.90249	0.0542552	-0.040962	-0.096621	1.11892	-0.0863517
42	5	-0.0570158	-0.260804	1.11454	-0.234	0.0992685	0.416322	0.835429	0.498333
42	6	0.202284	0.668226	0.856134	0.780516	0.106772	0.233409	1.4353	0.162621
42	7	0.0265459	-0.0861253	0.885154	-0.0972998	-0.0209625	-0.188155	0.718883	-0.261732
42	8	-0.160459	-0.110334	0.956113	-0.115398	-0.134831	-0.299953	1.21312	-0.247258
42	9	-0.112751	-0.334391	1.17863	-0.283712	-0.0985158	-0.160134	1.17937	-0.135779
43	0	0.0134481	0.192196	0.96898	0.198349	0.062913	0.281174	0.96898	0.290175
43	1	0.0880496	0.176972	0.843514	0.209804	0.0329732	0.134396	0.971065	0.1384
43	2	0.0300032	-0.000338903	0.972311	-0.000348554	0.0110264	-0.303264	1.08235	-0.280189
43	3	-0.0204898	-0.185443	0.922112	-0.201107	0.0188836	0.0675762	0.653735	0.103369
43	4	-0.0254786	0.243535	0.877287	0.2776	-0.0945471	0.0607414	0.99292	0.0611745
43	5	-0.0961477	-0.0950764	0.850418	-0.1118	-0.0219705	-0.0946554	0.662758	-0.14282
43	6	0.0111667	0.215947	0.96966	0.222704	-0.0426225	-0.0105001	0.951633	-0.0110338
43	7	-0.0192832	-0.466144	1.0181	-0.457854	0.213596	-0.355309	1.13998	-0.31168
43	8	0.275967	0.425935	0.995868	0.427703	0.145992	0.0575282	1.28652	0.0447161
43	9	0.0924843	-0.00565244	1.14104	-0.00495374	-0.000317025	-0.166907	1.11275	-0.149995
44	0	-0.059747	-0.0579637	0.907178	-0.0638946	-0.112182	-0.10183	0.907178	-0.112249
44	1	-0.0829481	-0.105649	1.04824	-0.100787	-0.0244801	-0.0378203	1.19853	-0.0315557
44	2	0.0147352	-0.0129696	0.972173	-0.0133409	-0.0135108	0.00148308	0.973591	0.00152331
44	3	-0.0535982	0.231799	0.951067	0.243725	0.0060667	0.148832	1.1827	0.125841
44	4	0.028613	0.126077	0.95949	0.1314	0.0427157	-0.0141489	0.864451	-0.0163675
44	5	0.0423429	-0.0217605	0.840657	-0.0258852	-0.0799579	-0.0373979	0.969483	-0.0385751
44	6	-0.0990921	-0.239081	0.920716	-0.259669	-0.0977986	-0.197785	1.12574	-0.175693
44	7	-0.0777718	-0.114516	0.840467	-0.136252	0.0231067	-0.0874906	0.523502	-0.167126
44	8	-0.00481038	-0.191109	0.821637	-0.232596	-0.0308244	0.211396	0.812853	0.260067
44	9	-0.0317032	-0.323571	0.881896	-0.366904	-0.0179818	-0.187024	0.945916	-0.197717
45	0	-0.00212216	0.00698664	1.30635	0.00534824	-0.0440085	-0.11525	1.30635	-0.088223
45	1	-0.0492237	-0.238366	1.11339	-0.21409	0.00592761	-0.039519	1.05751	-0.0373696
45	2	-0.00242577	0.312403	1.08045	0.289142	-0.00948977	0.13466	1.02355	0.131562
45	3	0.0430322	0.252968	0.974759	0.259518	0.0295876	0.0357511	1.02793	0.0347796
45	4	-0.0690628	0.0632838	0.89459	0.0707406	-0.0545043	-0.107516	0.746551	-0.144017
45	5	-0.00665862	0.108696	1.02658	0.105881	0.0834511	0.586584	1.25206	0.468497
45	6	-0.0893439	0.153428	1.20471	0.127356	-0.106072	-0.155777	1.34049	-0.116209
45	7	-0.0152203	0.277364	0.730554	0.379663	-0.083358	-0.152301	0.938586	-0.162266
45	8	0.0655927	0.193413	0.830348	0.23293	0.0930341	0.401042	1.30999	0.306142
45	9	-0.0285729	0.0170965	0.952019	0.0179582	-0.0424087	-0.0154625	1.07884	-0.0143325
46	0	-0.0526655	-0.0607109	0.712057	-0.0852614	-0.0926496	-0.0631027	0.712057	-0.0886203
46	1	-0.0250627	0.145182	0.947277	0.153263	-0.0361642	0.123617	1.10681	0.111688
46	2	-0.0966419	-0.397824	0.960943	-0.413993	-0.0665246	-0.146458	0.533316	-0.274618
46	3	0.0200175	-0.01751	0.844764	-0.0207277	0.0886041	0.0355382	1.02925	0.0345282
46	4	0.0439467	0.157938	1.02545	0.154018	0.0698855	0.240519	1.01284	0.237471
46	5	0.150641	0.387077	0.898296	0.430901	0.0157523	-0.0584486	0.800546	-0.0730109
46	6	-0.103566	-0.349569	0.766515	-0.456049	-0.0566935	-0.163975	0.403566	-0.406315
46	7	-0.0882336	-0.27374	0.742955	-0.368448	-0.0393703	-0.32536	0.540957	-0.601452
46	8	0.0311139	0.0964529	0.929682	0.103748	-0.0626239	0.0288134	0.905939	0.031805
46	9	-0.0500367	0.120835	0.962888	0.125493	0.117351	0.303965	1.05564	0.287944
47	0	0.00636383	-0.190898	0.828272	-0.230478	0.0111234	-0.267549	0.828272	-0.32302
47	1	0.00979309	0.0173773	0.789298	0.0220162	0.0695934	-0.109677	0.692969	-0.158272
47	2	0.0304162	0.254854	0.977827	0.260633	0.024548	0.151944	1.35186	0.112397
47	3	0.0773302	0.336295	1.27229	0.264322	0.00413982	0.0957982	1.23776	0.0773966
47	4	0.0377408	0.212695	1.08714	0.195646	0.147835	0.371904	1.12007	0.332038
47	5	0.111936	0.239056	0.997938	0.23955	0.0181558	-0.0610638	0.771083	-0.0791922
47	6	-0.0624608	-0.238524	0.843855	-0.282659	-0.0292685	-0.0633482	0.549483	-0.115287
47	7	0.046262	-0.0311518	0.645734	-0.0482425	-0.014694	-0.0168563	0.47797	-0.0352665
47	8	0.0150942	-0.126236	0.905702	-0.139379	0.0656227	0.0903852	0.78191	0.115595
47	9	0.0224623	0.001644	0.869889	0.0018899	0.0226641	-0.123728	0.452062	-0.273697
48	0	0.00412516	-0.113625	0.986472	-0.115183	-0.0330563	-0.297095	0.986472	-0.301169
48	1	-0.0243633	-0.162215	0.958533	-0.169232	-0.0198466	0.0393835	1.06521	0.0369723
48	2	0.0285691	0.152148	1.00657	0.151154	0.0902988	0.288619	1.2586	0.229317
48	3	0.0202977	0.110644	1.03285	0.107124	0.0400075	0.0492484	0.926135	0.0531763
48	4	0.0322934	-0.0226971	0.990293	-0.0229196	-0.0137686	0.0444839	0.915762	0.0485758
48	5	-0.0248362	-0.201297	1.00892	-0.199517	0.123622	-0.0929296	0.984199	-0.0944215
48	6	0.0995973	-0.252894	1.07866	-0.234453	-0.110045	0.0208793	1.12013	0.01864
48	7	-0.0626718	-0.108968	0.836296	-0.130299	0.0351493	-0.145419	0.489346	-0.29717
48	8	-0.01171	0.21321	0.878622	0.242664	-0.11081	-0.10674	1.00983	-0.105701
48	9	-0.0623549	-0.141494	1.09218	-0.129552	-0.0764522	0.385826	1.07286	0.359625
49	0	-0.0302914	-0.0333638	0.853025	-0.0391124	0.0656449	0.0859333	0.853025	0.100739
49	1	0.106318	0.460161	0.942221	0.488379	0.0881318	0.149541	0.645852	0.231541
49	2	0.0732583	-0.0272361	0.973552	-0.027976	-0.0479135	-0.243226	0.941989	-0.258205
49	3	-0.0384979	-0.141036	0.883776	-0.159583	0.0177863	-0.107694	0.762004	-0.14133
49	4	0.00871172	-0.38487	1.13044	-0.340459	0.0743924	-0.0148364	1.23256	-0.0120371
49	5	0.0250935	-0.193169	1.03403	-0.186812	-0.306399	-0.258076	0.716349	-0.360266
49	6	-0.314406	-0.427451	0.804957	-0.531023	0.00682095	0.0584608	0.194923	0.299917
49	7	0.0474411	0.166371	0.844427	0.197022	-0.0375457	-0.0469495	0.420375	-0.111685
49	8	0.0179696	0.118063	0.961867	0.122743	0.122135	-0.00187335	0.975977	-0.00191946
49	9	0.0392816	-0.031684	0.976049	-0.0324615	-0.0624882	-0.146584	0.616515	-0.237762
50	0	-0.042673	-0.209719	0.951582	-0.22039	-0.0150194	-0.399704	0.951582	-0.420041
50	1	0.0362934	-0.00210904	1.13071	-0.00186524	-0.103259	0.0126702	0.677123	0.0187118
50	2	-0.14524	-0.286961	0.924387	-0.310434	-0.048917	-0.103327	0.915695	-0.112839
50	3	-0.0334909	-0.275921	1.05945	-0.260438	-0.0205969	-0.115068	0.682507	-0.168595
50	4	-0.042563	0.0819496	1.03259	0.079363	-0.00645507	0.0697731	0.898664	0.0776409
50	5	0.0347267	0.0812345	1.06857	0.0760218	0.0850248	-0.108359	1.04967	-0.103231
50	6	0.0665443	-0.0266697	1.16011	-0.0229888	0.0184169	0.255718	1.00673	0.254009
50	7	0.059511	0.34668	1.13377	0.305777	0.0623679	-0.166483	0.886177	-0.187866
50	8	0.0775711	0.10345	0.908836	0.113827	0.065657	-0.0303067	0.651689	-0.0465049
50	9	0.0292331	0.149915	0.726118	0.206461	-0.13055	-0.447585	0.719728	-0.621881
51	0	-0.0137644	0.00310893	0.958582	0.00324326	-0.0314049	0.0517963	0.958582	0.0540343
51	1	0.00446928	-0.198441	0.867296	-0.228805	0.0147795	-0.0357667	0.691839	-0.051698
51	2	0.0162418	-0.192142	0.76384	-0.251547	0.0609801	-0.00316805	0.717681	-0.00441429
51	3	-0.000503319	0.0184244	0.999343	0.0184365	-0.0422227	-0.0506045	1.03506	-0.0488906
51	4	0.00286183	0.327232	1.07546	0.304273	-0.0306744	-0.0168631	1.15016	-0.0146615
51	5	0.0471422	-0.210278	1.12936	-0.186192	0.075238	0.367502	1.39577	0.263297
51	6	0.01819	0.876529	1.3258	0.66113	0.149744	0.426973	1.15243	0.370497
51	7	0.174238	0.269223	1.09854	0.245073	-0.021038	0.0833075	0.668151	0.124684
51	8	-0.0960022	-0.329853	0.78716	-0.419042	0.0345714	0.136281	0.437808	0.31128
51	9	-0.030641	0.0327888	0.601507	0.054511	-0.0810699	-0.181056	0.505576	-0.358118
52	0	-0.0425236	-0.0880598	1.0831	-0.0813036	-0.0351526	-0.00120223	1.0831	-0.00110999
52	1	-0.0269649	0.00515761	1.10566	0.00466475	-0.13709	-0.247775	0.775779	-0.319389
52	2	-0.125276	0.124842	1.04149	0.119869	-0.0898313	-0.0417652	0.865814	-0.0482381
52	3	-0.0623925	-0.1629	0.85883	-0.189677	0.0139665	-0.170394	0.649037	-0.262533
52	4	-0.0107751	0.0127328	0.896731	0.0141991	-0.0177643	0.128708	0.944171	0.136318
52	5	-0.00583738	0.095991	1.05523	0.090967	-0.099491	-0.297785	0.792037	-0.375973
52	6	0.00229345	-0.118318	0.968641	-0.122149	-0.0387114	0.133334	0.841862	0.158379
52	7	-0.194593	-0.328259	0.797252	-0.411738	0.00251746	-0.190612	0.905477	-0.21051
52	8	0.0715802	0.238248	0.868891	0.274197	0.0355439	0.112725	0.727855	0.154872
52	9	0.047639	-0.0908411	0.865507	-0.104957	-0.131244	0.278447	0.616318	0.451791
53	0	-0.0285793	-0.0242243	0.761391	-0.0318158	-0.0291974	-0.0187019	0.761391	-0.0245628
53	1	-0.0635474	0.0886143	0.840687	0.105407	-0.0435185	0.0111468	0.682043	0.0163432
53	2	0.0833712	-0.0755726	0.954329	-0.0791892	0.143996	0.088991	1.00449	0.0885931
53	3	0.133835	0.194349	1.00073	0.194207	0.0458904	-0.0342644	0.541505	-0.0632763
53	4	0.0294141	-0.0907375	0.813088	-0.111596	0.0534365	0.0349858	0.738068	0.0474018
53	5	0.0277459	-0.145927	0.944147	-0.154559	0.0149908	-0.271035	0.799214	-0.339127
53	6	0.0226293	-0.272653	0.948491	-0.28746	0.041731	-0.0552864	0.777096	-0.0711449
53	7	0.0431027	-0.178657	0.915774	-0.195088	-0.00047553	-0.193491	1.00458	-0.192609
53	8	-0.0041345	-0.109208	0.878852	-0.124262	0.00127155	-0.0902811	0.865489	-0.104312
53	9	0.00977338	-0.0643705	0.885354	-0.0727059	0.100829	-0.450104	0.939058	-0.479314
54	0	-0.0223374	0.090459	1.03379	0.0875022	-0.0395756	0.0437547	1.03379	0.0423245
54	1	0.0038519	-0.019839	1.0907	-0.0181893	0.00293465	0.201318	1.31666	0.152901
54	2	-0.080029	0.255973	1.24826	0.205065	-0.136019	0.16939	0.916778	0.184766
54	3	-0.154735	-0.635477	1.0827	-0.586935	-0.159829	-0.507231	1.0778	-0.470618
54	4	-0.039574	-0.00150689	1.09561	-0.00137539	-0.0931895	-0.138601	0.909361	-0.152416
54	5	-0.167189	-0.123425	0.993294	-0.124258	-0.267221	-0.083626	0.866029	-0.0965625
54	6	-0.216947	-0.588708	0.868085	-0.678169	-0.0636499	0.0720321	0.0966125	0.745577
54	7	-0.212834	-0.827919	0.967637	-0.855609	-0.133992	0.130593	0.553956	0.235746
54	8	-0.0177999	-0.156508	0.798412	-0.196024	0.0263002	-0.30716	0.821585	-0.373863
54	9	0.132191	-0.0368665	0.884868	-0.0416633	0.0488943	-0.101768	0.835189	-0.12185
55	0	-0.0416991	0.00933599	0.823212	0.0113409	-0.206054	-0.435076	0.823212	-0.52851
55	1	-0.124886	-0.462887	0.974391	-0.475053	0.00185154	-0.11361	0.623532	-0.182205
55	2	-0.0693342	-0.115612	0.879839	-0.131401	0.200234	-0.0614534	0.536893	-0.114461
55	3	0.196507	0.289613	0.754305	0.383947	-0.0222175	0.0156516	0.944962	0.0165632
55	4	0.00400399	-0.128897	0.993255	-0.129772	0.148816	0.078307	1.05432	0.0742728
55	5	0.111128	0.300664	0.883236	0.340412	-0.148925	-0.0406752	0.795524	-0.05113
55	6	-0.101096	0.0528872	1.02849	0.0514224	0.183336	0.218789	0.884377	0.247394
55	7	0.0740073	-0.129857	1.25825	-0.103205	-0.0954604	-0.216926	0.760478	-0.28525
55	8	0.0660658	0.497257	0.836177	0.59468	0.113357	0.310761	0.473371	0.656486
55	9	0.0792163	0.130255	0.846307	0.15391	-0.00952683	0.0450507	0.835444	0.0539243
56	0	-0.010712	-0.0803515	0.638662	-0.125812	-0.0114809	-0.0811033	0.638662	-0.126989
56	1	0.0441597	0.0277629	0.926458	0.0299667	0.0108963	-0.15035	0.979797	-0.15345
56	2	0.011561	-0.223088	1.03551	-0.215437	0.133384	-0.342159	1.225	-0.279314
56	3	-0.0336439	-0.307771	1.04863	-0.293499	-0.0866964	-0.0597763	0.542174	-0.110253
56	4	-0.00640536	-0.224767	0.948443	-0.236985	-0.112964	-0.286477	0.744698	-0.384689
56	5	-0.10249	-0.258542	0.787894	-0.328144	0.0107878	0.100132	0.869979	0.115097
56	6	-0.197847	-0.198878	0.857019	-0.232058	-0.234915	-0.815601	1.09121	-0.747425
56	7	-0.143066	-0.302153	0.847104	-0.356689	-0.262553	-0.0955087	0.237718	-0.401773
56	8	-0.142237	-0.031086	0.982024	-0.031655	-0.0595242	0.212478	1.1971	0.177493
56	9	-0.0444898	-0.175921	0.933382	-0.188477	-0.066483	0.0475785	0.802541	0.0592849
57	0	-0.0130885	-0.176597	0.801731	-0.22027	-0.08067	-0.271812	0.801731	-0.339032
57	1	0.0163258	0.144058	1.04518	0.137831	0.0713988	0.364262	1.66041	0.219381
57	2	-0.0579399	-0.481146	1.12255	-0.42862	-0.0379581	-0.108771	1.1919	-0.0912584
57	3	0.00537708	0.107989	1.14373	0.0944185	-0.0255321	-0.139632	1.01062	-0.138165
57	4	-0.0370535	-0.140244	0.933515	-0.150232	-0.0866308	0.00327708	0.787432	0.00416173
57	5	-0.0909325	0.0476019	0.83838	0.0567784	-0.112504	-0.067887	0.78916	-0.0860244
57	6	-0.172289	0.063982	0.79561	0.0804188	0.0811344	0.0278115	0.165871	0.16767
57	7	0.20638	0.797041	0.836768	0.952524	0.0320311	0.106545	0.245691	0.433653
57	8	-0.0275382	0.15723	0.967809	0.16246	-0.000496078	-0.00246924	1.36166	-0.0018134
57	9	0.00969263	0.0341629	0.9477	0.0360482	-0.0141596	0.0795273	1.19315	0.0666531
58	0	-0.102168	-0.228036	1.1798	-0.193284	-0.144438	-0.433154	1.1798	-0.367143
58	1	-0.0791475	0.332124	1.05322	0.315342	0.0277607	-0.0179763	0.888668	-0.0202284
58	2	0.0008039	0.0047903	1.04607	0.00457934	-0.113198	-0.0178929	1.16758	-0.0153247
58	3	-0.0798065	-0.0257756	1.0491	-0.0245693	0.048289	0.0366376	0.753223	0.048641
58	4	0.0266125	0.271395	0.815222	0.332909	0.107472	0.520178	1.04773	0.496482
58	5	0.250096	0.209742	0.926415	0.226402	0.283435	0.562216	1.03908	0.541071
58	6	0.0849893	0.399583	1.10496	0.361627	-0.139319	-0.22629	1.11937	-0.202159
58	7	-0.0493127	0.049839	0.74427	0.0669637	0.154082	-0.139776	0.0709532	-1.96997
58	8	0.0697935	-0.552986	0.702506	-0.787162	-0.0663042	-0.258351	0.541809	-0.476831
58	9	0.0529608	-0.0714066	0.91582	-0.0779702	0.00152091	0.0635033	0.682557	0.0930373
59	0	0.0942329	0.241258	1.16351	0.207353	0.165631	0.5335	1.16351	0.458525
59	1	0.133766	0.212206	1.09163	0.194393	-0.0141786	0.0203226	1.00999	0.0201217
59	2	-0.0618857	0.127428	1.17595	0.108362	-0.0602957	0.023353	1.4823	0.0157545
59	3	0.0322403	0.38094	1.14265	0.333384	0.228692	0.573929	1.22725	0.467654
59	4	0.149255	0.330428	1.00816	0.327753	0.0558004	0.324486	1.03125	0.314653
59	5	-0.0293968	-0.00930032	1.15803	-0.00803115	-0.307837	-0.57523	1.14297	-0.503277
59	6	-0.199699	0.115941	1.04994	0.110426	0.0885084	0.175534	0.67144	0.261428
59	7	0.168046	-0.641558	0.6697	-0.957977	0.158735	-0.0738563	0.310235	-0.238065
59	8	-0.00754995	-0.256587	1.06816	-0.240215	-0.107491	-0.299893	0.923158	-0.324855
59	9	-0.0490738	0.0270854	0.808255	0.0335109	-0.148676	-0.0648266	0.373292	-0.173662
60	0	0.0122072	-0.0597085	1.24359	-0.048013	0.0225953	-0.0929265	1.24359	-0.0747244
60	1	-0.0370288	-0.373774	1.01198	-0.369349	-0.0732091	-0.310799	1.16607	-0.266535
60	2	-0.0108313	-0.345192	1.23211	-0.280162	0.012661	-0.174425	0.913228	-0.190998
60	3	-0.00861398	0.189095	1.29982	0.145478	0.150287	0.0698834	1.34185	0.05208
60	4	0.189963	0.243317	1.07952	0.225394	0.153633	0.01812	1.23366	0.014688
60	5	0.129408	0.197501	1.0764	0.183483	0.179999	-0.168829	1.28515	-0.131368
60	6	0.16381	-0.24951	1.22338	-0.203951	-0.196506	-0.077781	1.48739	-0.0522935
60	7	-0.280899	-0.163964	1.43595	-0.114185	-0.253708	-0.208212	2.47834	-0.0840127
60	8	-0.186447	0.0633231	1.20614	0.0525008	0.100402	0.602832	1.46888	0.410401
60	9	0.0386673	0.505613	1.01937	0.496004	-0.0965672	0.268526	0.853055	0.314782
61	0	-0.0108883	-0.0358192	0.752795	-0.0475816	0.0318384	-0.0949177	0.752795	-0.126087
61	1	0.0388949	0.221431	0.841865	0.263024	-0.0256286	0.130214	0.779931	0.166956
61	2	-0.000829602	0.361237	0.887546	0.407007	-0.0848385	0.422269	0.904769	0.466715
61	3	-0.152839	-0.248696	0.983697	-0.252818	-0.0363993	0.00140284	1.0181	0.0013779
61	4	0.0244396	-0.0143452	0.95912	-0.0149567	0.00384296	0.265412	0.889579	0.298357
61	5	0.0526154	0.401796	0.953047	0.421591	0.131818	0.103588	1.33319	0.0776996
61	6	0.171366	0.136742	1.19403	0.114521	0.188513	0.113892	1.6364	0.0695994
61	7	0.185904	0.298688	1.18543	0.251967	0.153863	0.0773653	0.54422	0.142158
61	8	0.102302	0.0804305	0.974514	0.082534	0.110741	0.330064	0.722054	0.457117
61	9	0.102749	0.404868	0.691025	0.585895	-0.0249632	0.0914588	0.151944	0.601925
62	0	-0.00460747	-0.0459656	0.89008	-0.0516421	-0.0236414	-0.0422163	0.89008	-0.0474297
62	1	-0.0128413	0.000547994	0.948178	0.000577944	-0.105617	0.109577	0.555368	0.197305
62	2	-0.123951	-0.510201	0.992085	-0.514271	-0.00390314	-0.094634	0.670974	-0.14104
62	3	0.0660924	0.265225	0.771888	0.343606	0.0298847	0.206283	0.768651	0.26837
62	4	-0.0294342	0.444944	0.991144	0.44892	-0.00994992	0.119439	0.655764	0.182138
62	5	0.0652031	-0.0602292	1.04368	-0.0577086	0.167777	0.38001	0.937761	0.405231
62	6	0.0250584	0.528195	0.992351	0.532266	-0.11224	0.252221	0.595418	0.423603
62	7	-0.250106	0.307499	0.952147	0.322953	-0.267771	-0.154361	1.74472	-0.0884735
62	8	-0.0854144	0.0878297	0.931639	0.0942744	0.0732452	0.420279	0.70459	0.596487
62	9	0.176631	0.583804	0.850229	0.686643	0.325269	0.658673	0.627703	1.04934
63	0	0.0706224	-0.101195	0.93734	-0.10796	0.104931	0.0609556	0.93734	0.0650304
63	1	0.0134301	0.0742872	0.96644	0.0768669	-0.0176817	-0.153489	0.934987	-0.164162
63	2	0.0217366	0.0128604	1.10344	0.0116548	0.0228508	-0.0976365	0.876027	-0.111454
63	3	-0.0581233	-0.200794	1.06741	-0.188113	-0.0226517	-0.00595346	1.0484	-0.00567864
63	4	0.00483571	0.086047	0.958694	0.0897544	-0.170058	-0.262064	0.947452	-0.276598
63	5	-0.119339	-0.113003	1.0366	-0.109013	0.154165	-0.127852	0.881203	-0.145088
63	6	0.126215	0.545644	0.937337	0.582121	-0.0509858	-0.215556	0.522134	-0.412836
63	7	0.0270656	0.00624713	0.58152	0.0107428	0.0973911	0.131233	0.383544	0.342158
63	8	0.0348969	-0.016555	1.03845	-0.015942	-0.0337222	-0.32946	1.12375	-0.293179
63	9	0.0567939	0.112925	1.09524	0.103105	0.0438596	0.30535	0.706003	0.432505
64	0	0.0197425	0.0913046	0.796273	0.114665	0.0735514	0.247024	0.796273	0.310225
64	1	0.0703556	0.157144	0.781874	0.200983	0.0888448	-0.0569042	0.7119	-0.0799329
64	2	0.0188229	0.300478	0.889009	0.337992	-0.0242021	0.0512757	0.810048	0.0632996
64	3	0.0749643	0.144526	0.91046	0.158739	-0.0586569	0.148036	1.07657	0.137507
64	4	-0.158998	-0.284978	1.04749	-0.272058	-0.129995	-0.269442	1.17401	-0.229506
64	5	-0.0736359	0.0348522	1.35751	0.0256737	0.00158769	0.0617734	1.12582	0.0548696
64	6	-0.0985462	0.229217	0.997429	0.229808	0.046427	-0.148372	1.06387	-0.139465
64	7	-nan	nan	-0.650832	-nan	-nan	-0.170004	-nan	nan
64	8	-nan	nan	2.25099e-4768	nan	-nan	nan	nan	nan
64	9	-nan	2.91616e-4950	1.46014	-nan	-nan	nan	0	nan
65	0	-0.0461928	-0.0329291	0.745897	-0.044147	-0.0996629	-0.0258533	0.745897	-0.0346606
65	1	-0.0631731	-0.488379	0.883886	-0.552536	0.0202861	-0.140734	0.683763	-0.205823
65	2	0.12469	0.164742	1.08484	0.151858	0.181411	0.327993	1.39419	0.235257
65	3	0.179135	0.432021	1.31088	0.329566	0.126846	0.345728	1.32977	0.259991
65	4	0.0310342	0.0942929	1.14691	0.0822151	-0.0938995	0.310954	0.673023	0.462025
65	5	-0.109567	-0.188345	1.04301	-0.180578	0.0557024	0.0186298	0.48104	0.0387282
65	6	-0.0144111	0.157285	0.632395	0.248713	-0.269254	-0.18128	0.42659	-0.424951
65	7	-0.234972	-0.511482	0.804748	-0.635581	-0.0235347	-0.140788	0.418217	-0.336638
65	8	0.0130544	0.103211	0.801355	0.128795	-0.112605	0.243334	1.0652	0.228439
65	9	-0.110321	-0.007964	0.976471	-0.0081559	-0.0511135	0.0305581	1.20457	0.0253685
66	0	-0.0282074	-0.124729	0.815073	-0.153028	-0.0455369	-0.122128	0.815073	-0.149836
66	1	-0.0119909	0.0399221	0.857093	0.0465786	0.0458517	-0.00977566	0.886618	-0.0110258
66	2	0.0690615	0.119525	0.979386	0.122041	0.0313004	0.431482	1.00489	0.429384
66	3	0.0317027	0.243488	1.00788	0.241584	-0.0389126	-0.0634648	1.33748	-0.0474509
66	4	-0.0908198	-0.405478	1.22633	-0.330644	-0.13778	-0.174865	1.34189	-0.130313
66	5	-0.143353	-0.0570061	1.14013	-0.0499997	0.0668735	0.019535	0.880443	0.0221877
66	6	0.205832	0.660876	0.989876	0.667635	0.0609192	0.0433361	1.7414	0.0248857
66	7	-0.076093	0.0230106	0.970416	0.0237121	0.0745385	-0.345923	1.73151	-0.199781
66	8	0.127684	0.109785	1.08104	0.101555	0.0960034	0.0564886	0.964441	0.0585714
66	9	0.0649892	0.448291	0.770917	0.581503	-0.048439	0.314402	0.778117	0.404055
67	0	-0.00835352	-0.0322855	1.04456	-0.0309082	-0.0499207	-0.00498	1.04456	-0.00476756
67	1	-0.057643	-0.319957	0.955666	-0.334801	-0.0331975	-0.121589	1.03502	-0.117475
67	2	0.0216506	0.108877	0.98864	0.110128	0.0218621	0.241812	1.65125	0.146442
67	3	-0.0174331	-0.0139927	1.21094	-0.0115553	-0.0243388	-0.0689161	1.13528	-0.060704
67	4	-0.0272915	0.158277	1.02913	0.153798	-0.125217	-0.503297	0.809813	-0.621498
67	5	-0.0586388	-0.480164	0.910323	-0.527465	-0.034011	0.342333	1.17842	0.290502
67	6	0.0114635	0.0711397	1.08305	0.0656847	-0.00650619	0.14138	0.186773	0.756965
67	7	-0.0649104	0.764877	1.19018	0.642659	0.0216386	0.703773	1.24309	0.566148
67	8	-0.0358401	-0.240751	1.01511	-0.237168	0.0700301	-0.194286	0.932217	-0.208412
67	9	0.056773	-0.0572381	0.889689	-0.064335	-0.0597074	0.205744	0.872214	0.235888
68	0	-0.0012751	0.0485703	0.992868	0.0489191	0.0891464	0.244307	0.992868	0.246062
68	1	0.152453	0.329932	1.0259	0.321602	0.11335	0.240882	0.53304	0.451902
68	2	0.0561165	-0.0534626	0.995717	-0.0536926	-0.0346878	0.0925589	1.11591	0.0829445
68	3	-0.112538	-0.111532	0.92868	-0.120097	-0.123547	-0.0610029	0.669707	-0.0910888
68	4	-0.112873	-0.20483	0.948629	-0.215922	-0.0888601	-0.00191011	0.802517	-0.00238015
68	5	-0.0403827	-0.0714813	1.12389	-0.0636018	0.337307	0.507292	1.12802	0.449718
68	6	0.289331	-0.394917	1.28032	-0.308451	-0.422215	-1.13296	1.94968	-0.581099
68	7	-nan	nan	-nan	-0.424495	-nan	nan	-0.473713	nan
68	8	-nan	-nan	nan	nan	-nan	1.8369e-4869	-nan	-nan
68	9	-nan	-nan	0.400044	nan	-nan	-0.36579	nan	nan
69	0	-0.0405933	-0.184304	1.18288	-0.15581	-0.0728678	-0.203195	1.18288	-0.17178
69	1	-0.0657048	-0.308624	0.983061	-0.313942	-0.0900335	-0.0990858	0.876395	-0.113061
69	2	-0.0100181	-0.124271	0.835383	-0.148759	0.0287285	0.0840288	0.875223	0.0960084
69	3	0.0226919	-0.312539	0.971016	-0.321868	-0.047051	-0.19331	0.838012	-0.230677
69	4	0.038133	0.0867653	0.988114	0.087809	0.234218	0.309281	0.850956	0.363451
69	5	0.165888	-0.0255436	0.895882	-0.0285122	-0.0420635	-0.359277	0.665108	-0.540179
69	6	-0.0422048	-0.414222	0.845585	-0.489865	0.0247129	-0.0627645	0.943481	-0.0665245
69	7	0.0705885	-0.734049	1.08354	-0.677451	0.0571499	-0.00754522	0.187255	-0.0402939
69	8	-0.0743283	-0.340787	0.730505	-0.466508	0.0456862	-0.176458	0.473902	-0.37235
69	9	-0.0229773	-0.366329	0.703689	-0.520584	-0.124672	-0.375553	0.849842	-0.441909
70	0	-0.0381801	-0.0471897	0.962278	-0.0490396	-0.171514	-0.260461	0.962278	-0.270671
70	1	-0.1712	-0.144879	1.00774	-0.143765	-0.0899018	-0.401501	1.08471	-0.370147
70	2	0.00167954	0.0436353	0.926812	0.0470811	-0.015384	0.292796	0.749365	0.390726
70	3	0.00489712	-0.386783	0.703113	-0.550101	0.111367	0.176159	0.350732	0.50226
70	4	0.0351637	0.135396	0.779371	0.173724	0.0528872	0.0895906	0.714824	0.125332
70	5	0.0957755	0.15469	0.808214	0.191397	0.382929	-0.0547511	0.722159	-0.0758158
70	6	0.269291	-0.427492	0.689114	-0.62035	-0.0115138	-0.107222	0.40577	-0.264244
70	7	0.036268	-0.139287	0.810657	-0.17182	-0.163145	-0.344981	0.713439	-0.483547
70	8	-0.193762	-0.370774	0.919905	-0.403057	-0.00523786	-0.135931	0.704644	-0.192907
70	9	0.0647704	0.681103	1.0331	0.659278	-0.310782	-0.121254	1.02637	-0.118138
71	0	0.0102807	0.0999326	1.03479	0.0965731	0.0284159	0.135915	1.03479	0.131346
71	1	0.0921433	-0.23788	0.890949	-0.266996	0.179666	0.373559	0.611222	0.611168
71	2	0.0859254	0.0064666	0.819465	0.00789125	-0.0745501	-0.00392708	0.720609	-0.00544966
71	3	-0.0327282	-0.148454	0.962234	-0.154281	-0.0385579	-0.164386	1.03773	-0.158409
71	4	-0.0236995	0.0810503	1.20683	0.0671595	0.0487654	0.10807	1.02175	0.105769
71	5	0.0277331	0.0522062	0.921903	0.0566287	0.0322234	-0.216479	0.8122	-0.266534
71	6	-0.00369242	-0.173781	0.933825	-0.186095	0.114102	-0.0728686	0.728798	-0.0999847
71	7	0.105707	-0.580469	0.973148	-0.596486	0.121134	-0.346701	0.417225	-0.83097
71	8	0.104541	0.058805	1.16107	0.0506473	-0.109751	-0.475352	0.797889	-0.595762
71	9	-0.0653093	-0.0705884	1.02485	-0.0688771	-0.021428	-0.340103	1.25184	-0.271682
72	0	-0.00144241	0.0736633	1.28753	0.0572129	-0.114959	-0.062736	1.28753	-0.0487258
72	1	-0.0764551	-0.463386	1.07601	-0.430653	0.082672	-0.161069	0.925523	-0.17403
72	2	0.0242845	0.0875776	0.982009	0.089182	0.000439356	-0.0742994	1.10176	-0.0674369
72	3	0.0133327	0.220191	0.952344	0.23121	0.0240856	0.159873	0.857185	0.186509
72	4	0.0685375	0.0840584	1.0693	0.078611	0.00940518	0.203048	1.18067	0.171977
72	5	-0.0474192	0.266048	0.993371	0.267823	-0.0439249	0.313093	0.67486	0.463938
72	6	-0.0457518	0.165339	0.736443	0.22451	-0.127679	0.0559625	0.521968	0.107214
72	7	-0.211046	-0.796111	1.06215	-0.749525	-0.126842	-0.322866	0.4743	-0.680722
72	8	-0.00495056	-0.0577439	0.76181	-0.0757984	0.0381727	-0.132924	0.635806	-0.209064
72	9	-0.00258587	0.151931	0.771969	0.19681	-0.0088595	0.116964	0.772183	0.151472
73	0	0.0370083	-0.0336801	0.996827	-0.0337873	0.00948132	-0.167367	0.996827	-0.1679
73	1	0.0154409	-0.024325	0.937808	-0.0259381	-0.0266258	0.348197	0.807693	0.431101
73	2	-0.0416561	-0.416474	0.912363	-0.456478	0.12271	-0.202835	0.768942	-0.263785
73	3	0.106457	0.103933	1.17161	0.0887101	0.0179813	-0.00265409	1.6325	-0.00162578
73	4	-0.0350357	-0.0901203	0.985272	-0.0914674	-0.104601	-0.131162	0.795121	-0.164959
73	5	-0.0671913	0.0401065	0.828672	0.0483986	-0.0249363	-0.190981	0.817153	-0.233715
73	6	-0.0576219	-0.0598641	0.846931	-0.0706836	-0.0332451	0.546723	0.814476	0.671256
73	7	0.00112683	0.296298	1.27372	0.232624	-0.0258336	-0.217584	0.761653	-0.285674
73	8	-0.0376693	-0.227941	1.33466	-0.170786	0.164699	0.114898	1.2798	0.0897787
73	9	0.323177	0.713806	1.11915	0.637813	0.175894	0.0806583	0.980422	0.082269
74	0	-0.067823	-0.182512	0.870115	-0.209756	-0.067998	-0.185679	0.870115	-0.213396
74	1	-0.0247488	-0.128454	0.990399	-0.129699	-0.0376966	0.00945101	1.04503	0.00904374
74	2	-0.0220128	-0.117991	0.940595	-0.125443	-0.0931854	-0.143848	0.600684	-0.239473
74	3	-0.145422	-0.532085	0.732364	-0.72653	-0.108133	-0.21444	0.556618	-0.385255
74	4	-0.0794831	0.086879	0.901245	0.0963988	-0.0815999	-0.0642745	0.736823	-0.087232
74	5	-0.118852	-0.269377	0.92819	-0.290217	0.0365996	-0.0112638	0.0781854	-0.144065
74	6	0.0773434	0.276638	0.698236	0.396195	-0.0379465	-0.119893	0.56955	-0.210505
74	7	0.0201246	0.10156	0.905504	0.112159	0.0380522	0.257708	0.906736	0.284215
74	8	0.0632385	-0.0633299	1.09525	-0.0578222	0.0859725	0.255968	1.22385	0.20915
74	9	0.111884	0.823407	1.09292	0.7534	0.142826	0.228873	0.89192	0.256607
75	0	0.0218006	0.0654535	0.674297	0.0970692	0.130017	0.302342	0.674297	0.448381
75	1	0.147935	0.101058	0.965772	0.10464	0.0856938	-0.0561698	1.05336	-0.0533244
75	2	0.0417622	0.348012	1.00082	0.347727	0.114287	0.479881	0.889533	0.539476
75	3	0.103372	0.148328	1.11155	0.133443	-0.00556642	-0.144327	1.13093	-0.127617
75	4	0.0259772	-0.040914	0.96735	-0.042295	0.0501166	0.0789263	0.914334	0.0863211
75	5	-0.00503275	0.0189302	0.977001	0.0193759	-0.427753	-0.382716	1.10272	-0.347067
75	6	-0.597998	-0.0197305	1.07914	-0.0182836	-0.154754	0.31239	0.786334	0.397274
75	7	-0.0124671	0.364855	0.786824	0.463705	-0.0676704	0.0839276	0.692816	0.12114
75	8	-0.0519121	-0.237573	0.856869	-0.277257	-0.0477522	-0.0517456	0.94563	-0.0547208
75	9	-0.00839334	-0.243145	0.92939	-0.261618	0.134111	-0.177065	0.737513	-0.240083
76	0	0.00295713	0.0386795	0.978119	0.0395448	0.112322	0.254463	0.978119	0.260156
76	1	0.126566	0.16705	0.92158	0.181264	0.0179766	0.0868051	0.694853	0.124926
76	2	-0.0534058	-0.0315638	0.759787	-0.0415429	-0.214262	0.00242242	0.794352	0.00304956
76	3	-0.181234	-0.233957	0.841783	-0.27793	-0.0331041	0.251971	0.828273	0.304212
76	4	-0.0419557	0.208365	0.944552	0.220597	-0.140612	0.442392	1.18645	0.372871
76	5	-0.138587	-0.0430259	1.00984	-0.0426068	-0.0191582	0.138121	0.979542	0.141006
76	6	-0.0801938	0.298596	0.813108	0.367228	-0.0270168	-0.00645738	0.942843	-0.00684884
76	7	0.0543871	0.552787	0.922662	0.599121	0.0451823	0.0759529	1.06602	0.0712488
76	8	0.0260762	-0.10157	1.12237	-0.0904962	0.11308	0.0828368	1.29038	0.0641956
76	9	-0.0273625	-0.208903	1.10138	-0.189675	-0.133892	-0.140582	1.65038	-0.0851814
77	0	0.048861	0.077267	1.14473	0.0674982	0.0546005	0.333508	1.14473	0.291343
77	1	-0.0319304	0.289471	1.04184	0.277847	-0.0999281	0.145392	1.11964	0.129856
77	2	-0.067261	-0.075323	0.959401	-0.0785105	0.0942264	-0.00456424	0.728806	-0.00626263
77	3	0.0957179	-0.184334	0.982037	-0.187705	-0.0213005	-0.0110579	0.579196	-0.0190918
77	4	-0.0526022	0.367748	1.064	0.345628	-0.0753124	0.0327338	1.07848	0.0303519
77	5	0.0488035	0.171649	0.973944	0.176241	0.0883041	0.16762	0.381179	0.43974
77	6	-0.0293975	-0.384595	0.544352	-0.706518	-0.0522279	0.0150089	0.517117	0.0290242
77	7	0.028126	-0.134642	0.815971	-0.165009	0.0907843	-0.04431	0.586862	-0.0755034
77	8	0.0706781	0.52731	0.912235	0.578042	-0.00377849	0.204486	0.552827	0.369892
77	9	-0.0641334	-0.155432	0.748042	-0.207785	-0.0986818	-0.207378	0.67876	-0.305525
78	0	0.00583231	-0.0364814	0.763033	-0.047811	-0.0328619	0.0767911	0.763033	0.100639
78	1	-0.0732626	0.0592253	0.918424	0.0644857	-0.0515029	-0.155006	1.02823	-0.15075
78	2	-0.0150716	0.0411964	1.04741	0.0393316	-0.0399688	-0.143292	1.04256	-0.137442
78	3	-0.0617079	-0.358692	0.925213	-0.387686	-0.071333	0.0419337	1.01945	0.0411339
78	4	0.0108768	0.00499024	1.11224	0.00448664	0.194059	0.45242	1.14812	0.394053
78	5	0.172334	0.388828	0.973928	0.399238	0.150612	0.422582	1.13898	0.371017
78	6	0.227997	0.568585	1.19333	0.476471	0.218301	0.483405	1.30855	0.369421
78	7	0.0557245	0.893042	1.20669	0.740073	0.0161281	0.244472	1.15136	0.212334
78	8	0.0797078	0.139406	1.02796	0.135614	-0.0246323	-0.0245584	0.820349	-0.0299366
78	9	0.0081451	-0.335968	1.23669	-0.271668	0.0243716	0.00449544	1.34044	0.00335371
79	0	0.0185917	-0.0724386	0.99813	-0.0725743	0.0765265	0.00960251	0.99813	0.00962049
79	1	0.0598396	0.0701488	0.894163	0.0784519	0.0199764	-0.17929	0.729933	-0.245625
79	2	-0.00660209	0.0192469	0.849824	0.0226481	-0.0413975	-0.0214773	0.932955	-0.0230207
79	3	-0.0757777	-0.269279	1.17861	-0.228472	-0.110824	-0.300527	1.14241	-0.263064
79	4	-0.0143099	0.106462	1.05635	0.100783	-0.0239499	-0.0460364	0.948967	-0.0485122
79	5	-0.0657834	-0.0100128	0.812473	-0.0123239	0.109891	-0.178694	0.727565	-0.245606
79	6	-0.0130574	-0.266104	0.847621	-0.313942	-0.203275	-0.424779	1.18045	-0.359845
79	7	-0.163698	-0.211704	0.853294	-0.248102	-0.0884898	-0.21426	1.05422	-0.20324
79	8	-0.0308151	-0.110328	0.967226	-0.114066	0.0124411	-0.232199	0.883342	-0.262864
79	9	0.111896	0.240571	1.10532	0.217649	0.126322	0.245571	1.25441	0.195767
80	0	0.0504121	0.0896247	0.809745	0.110683	0.0562543	-0.000528668	0.809745	-0.000652881
80	1	0.024512	-0.10935	0.883393	-0.123784	-0.0615415	-0.0219305	1.07492	-0.0204021
80	2	-0.0399239	-0.170972	1.02687	-0.166499	0.0542918	-0.371627	1.27454	-0.291576
80	3	0.0641256	0.187542	1.05611	0.177579	0.0931238	0.199447	0.979232	0.203677
80	4	0.0768701	0.161115	0.923166	0.174524	-0.0823708	-0.0404126	1.05174	-0.0384246
80	5	-0.148355	-0.172777	0.900412	-0.191886	-0.108639	-0.00356887	0.83304	-0.00428415
80	6	-0.134399	0.0359865	0.857416	0.0419709	-0.159038	-0.127433	0.772846	-0.164888
80	7	-0.107273	0.173112	0.820899	0.210881	0.0174505	0.113889	0.22389	0.508685
80	8	0.00859109	-0.00659541	0.747295	-0.00882571	0.0181722	0.142904	0.636124	0.224648
80	9	0.100152	-0.358044	1.02628	-0.348875	0.1499	-0.233882	0.989894	-0.23627
81	0	-0.00224841	0.210801	0.88655	0.237777	0.0436454	0.240051	0.88655	0.27077
81	1	0.0382928	-0.140267	0.869048	-0.161403	-0.114541	-0.172038	0.932026	-0.184584
81	2	-0.117404	-0.256291	0.861388	-0.297532	-0.0129298	-0.139674	0.716809	-0.194856
81	3	-0.0644758	-0.241205	1.04016	-0.231892	0.00762551	-0.340977	1.02061	-0.33409
81	4	0.0320422	-0.451587	1.09983	-0.410598	-0.0712097	-0.787184	1.76234	-0.446669
81	5	-0.0329997	0.0421225	1.37644	0.0306026	-0.0412293	-0.0709951	0.970646	-0.0731421
81	6	-0.0648611	0.174806	0.785391	0.222572	0.0963473	0.077921	0.386964	0.201365
81	7	0.190215	-0.318595	0.518657	-0.614269	0.0971389	-0.221928	0.444054	-0.499776
81	8	0.0883386	0.0558299	0.992445	0.0562549	0.192591	0.0896402	1.18718	0.075507
81	9	0.263956	0.397689	1.10492	0.359926	0.0986272	0.318267	0.996428	0.319407
82	0	-0.0258527	0.0552301	0.876284	0.0630276	0.032576	0.0818889	0.876284	0.0934502
82	1	0.0848609	0.237798	0.937977	0.253522	0.10034	0.183282	0.927918	0.197519
82	2	0.0513782	-0.0489673	0.872176	-0.0561438	-0.00987434	-0.187047	1.13993	-0.164087
82	3	0.00397976	0.169904	1.04514	0.162566	-0.0519359	0.0148864	0.993719	0.0149805
82	4	-0.099678	-0.0117439	1.14238	-0.0102802	-0.0710098	-0.00805907	0.898153	-0.00897294
82	5	0.0522921	0.574571	0.911035	0.630679	0.349595	1.09988	1.32041	0.832986
82	6	0.397155	0.651252	1.06855	0.609475	0.15199	0.3782	0.916662	0.412584
82	7	-0.11339	0.0227105	0.816348	0.0278196	-0.0207767	-0.146166	1.05866	-0.138067
82	8	0.0266109	-0.241299	0.882891	-0.273305	-0.151605	-0.308756	0.953522	-0.323806
82	9	-0.0628177	-0.0330421	0.967091	-0.0341664	0.162515	-0.037781	1.08655	-0.0347714
83	0	0.0349505	0.0293861	0.825702	0.0355893	0.00239583	0.0527348	0.825702	0.0638666
83	1	-0.0589742	-0.12793	0.964789	-0.132599	-0.0135665	-0.139945	0.761099	-0.183873
83	2	-0.00103222	-0.0404686	0.844186	-0.047938	-0.0314776	-0.166353	0.815593	-0.203965
83	3	-0.0256502	-0.103557	0.969261	-0.106841	0.0208704	-0.00984009	0.529711	-0.0185763
83	4	0.0363179	0.18359	0.894555	0.20523	-0.0232852	0.145522	0.765762	0.190036
83	5	0.0204878	0.103473	0.850172	0.121709	0.0351969	-0.0518218	0.543517	-0.0953453
83	6	0.0455178	-0.364748	0.551978	-0.660801	0.128895	0.210262	0.341125	0.616379
83	7	0.181041	0.33277	0.644085	0.516655	0.0529476	0.0515512	0.799565	0.064474
83	8	0.0464655	0.019593	1.15162	0.0170134	0.102909	0.228086	0.470205	0.485077
83	9	-0.0254485	0.148913	0.873572	0.170465	0.00235511	0.062598	0.965722	0.0648199
84	0	-0.0880579	-0.166123	1.16784	-0.142248	-0.0973496	-0.175251	1.16784	-0.150064
84	1	-0.00885763	0.129163	1.10803	0.11657	0.0861673	0.261695	0.954925	0.274047
84	2	0.0488682	0.105739	1.0121	0.104475	-0.0644773	-0.0460097	0.587576	-0.0783042
84	3	-0.0262442	0.15938	1.04368	0.152709	0.0470491	-0.279549	1.5503	-0.180319
84	4	0.0867151	0.113468	1.10547	0.102642	0.0299195	-0.0580615	1.16419	-0.0498728
84	5	0.0150785	-0.0164553	0.95395	-0.0172496	0.262077	0.372162	0.809972	0.459475
84	6	0.0857802	0.806769	0.81503	0.989864	-0.0323666	-0.0404311	0.810313	-0.0498957
84	7	0.146572	0.0338051	0.757287	0.0446397	0.042314	-0.00108708	0.518603	-0.00209617
84	8	0.0989447	-0.0272464	0.99709	-0.0273259	0.0363698	0.0847757	0.525558	0.161306
84	9	-0.0386214	-0.0830771	0.963745	-0.0862024	0.131484	-0.17969	1.05992	-0.169532
85	0	-0.0378056	-0.00139896	0.965618	-0.00144877	-0.144788	0.101989	0.965618	0.105621
85	1	-0.0970561	-0.0855985	0.780609	-0.109656	0.0487	0.0667912	0.595334	0.112191
85	2	0.12044	0.511724	1.01664	0.503348	0.0972119	0.203247	1.32994	0.152824
85	3	0.0360259	0.0833263	1.05806	0.0787542	0.155346	-0.336898	0.540021	-0.623861
85	4	0.181169	0.198679	0.863822	0.23	0.11569	0.212367	0.781963	0.271582
85	5	0.0464483	0.17204	0.987455	0.174226	-0.0540664	0.17072	0.879782	0.194048
85	6	-0.0276615	-0.861541	1.08583	-0.79344	-0.285898	-0.82664	1.10001	-0.751483
85	7	-0.195446	-0.869887	1.12312	-0.774527	0.0106737	-0.0917006	0.685459	-0.13378
85	8	-0.161452	-0.157498	1.05712	-0.148989	-0.136758	-0.130902	1.19227	-0.109792
85	9	-0.0297714	-0.0171313	1.07608	-0.0159202	0.117416	0.185952	1.14786	0.161999
86	0	0.0372021	-0.1167	0.939202	-0.124255	0.20194	-0.24221	0.939202	-0.257889
86	1	0.196082	0.173562	1.0373	0.16732	0.142666	0.163724	0.931244	0.175812
86	2	0.127084	0.5246	1.16475	0.450399	0.0304242	0.545916	1.20053	0.454727
86	3	0.00291921	0.187111	1.02219	0.183049	-0.0330175	0.00835679	0.827669	0.0100968
86	4	-0.0078504	0.0799211	0.903312	0.0884756	-0.005907	0.215722	0.943992	0.228521
86	5	-0.0633072	0.236993	0.880644	0.269114	0.0664916	0.168638	0.870259	0.193779
86	6	0.0917049	0.0635948	0.685333	0.0927941	0.0259091	0.339899	0.941175	0.361144
86	7	0.10638	-0.39595	0.76107	-0.520254	0.118447	-0.252061	1.24692	-0.202147
86	8	-0.0316323	0.654766	1.09509	0.597912	-0.0804235	0.385366	1.43192	0.269125
86	9	-0.0685399	-0.238804	0.938105	-0.25456	-0.161871	-0.0286742	0.53461	-0.0536357
87	0	-0.0690205	-0.285738	1.01219	-0.282296	-0.0879774	-0.338454	1.01219	-0.334377
87	1	0.0169606	0.064951	0.85487	0.0759777	0.228285	0.493478	0.912192	0.54098
87	2	0.122352	0.423376	0.940739	0.450047	-0.0236401	-0.0740098	1.3044	-0.0567386
87	3	-0.00727157	-0.215006	1.06438	-0.202002	-0.159333	-0.335491	1.11965	-0.29964
87	4	-0.0987848	-0.291635	0.879011	-0.331776	0.00487041	0.110099	1.16155	0.094786
87	5	0.0597775	-0.0231472	0.916814	-0.0252474	0.105042	-0.0302927	1.29196	-0.023447
87	6	0.0284575	0.451724	0.917508	0.492338	-0.00579589	-0.0908761	0.566832	-0.160323
87	7	0.0221792	-0.0126063	1.09266	-0.0115372	0.00971691	0.0928392	0.360441	0.257571
87	8	0.0152383	0.0151682	0.872751	0.0173797	-0.0260904	0.0129734	1.28851	0.0100685
87	9	-0.0184813	-0.21135	0.969105	-0.218088	-0.0163287	-0.133985	0.375299	-0.35701
88	0	0.0605818	0.114642	0.686693	0.166948	0.0649845	0.25253	0.686693	0.367747
88	1	0.0291189	-0.00466713	0.939387	-0.00496827	-0.0331365	0.0395258	0.86823	0.0455246
88	2	-0.0750052	-0.00461912	1.01783	-0.00453823	-0.174274	0.0238234	1.03364	0.0230482
88	3	-0.0988167	0.201141	0.908422	0.221418	0.10582	0.25071	0.672434	0.372839
88	4	0.043119	0.280601	0.878115	0.319549	0.317203	-0.021753	0.835346	-0.0260406
88	5	0.185656	0.109008	0.94347	0.115539	-0.0792313	-0.0967619	1.27129	-0.0761133
88	6	-0.0600974	-0.0939631	0.770075	-0.122018	-0.0875274	-0.15217	0.355234	-0.428364
88	7	-0.014331	-0.415704	1.01924	-0.407857	-0.0679522	-0.114729	0.983433	-0.116661
88	8	0.0260517	0.177148	0.975361	0.181623	0.0676331	0.0557684	0.917974	0.0607517
88	9	0.00859737	-0.26345	0.918009	-0.28698	-0.0329937	-0.112711	0.892894	-0.126231
89	0	-0.0227741	-0.0516461	0.739253	-0.0698626	-0.0450865	-0.130938	0.739253	-0.177122
89	1	-0.0210644	-0.234725	0.783448	-0.299605	0.126448	-0.178996	0.927567	-0.192973
89	2	0.104746	0.20621	0.963809	0.213954	0.0712882	0.544506	0.996116	0.546629
89	3	0.0559145	0.0164759	0.859231	0.0191751	-0.0254127	0.0145771	0.496297	0.0293718
89	4	-0.0329404	-0.00344977	0.800179	-0.00431125	-0.0709596	-0.214394	0.876981	-0.244468
89	5	-0.0236996	-0.280966	0.928792	-0.302507	-0.0437158	0.106938	0.823169	0.129911
89	6	-0.0474677	0.290879	0.728786	0.399128	-0.0837394	-0.162248	0.347072	-0.467476
89	7	-0.0125996	-0.463816	0.854867	-0.542559	0.143501	0.0316021	0.542874	0.0582126
89	8	0.111081	0.172934	0.676358	0.255684	0.0715806	-0.0833079	1.07434	-0.0775435
89	9	0.0211041	0.162687	0.948944	0.17144	-0.116157	-0.326562	1.12271	-0.29087
90	0	0.00344824	-0.12416	1.13351	-0.109536	0.0133308	-0.320306	1.13351	-0.282578
90	1	0.0356614	-0.254286	0.941439	-0.270103	0.0311661	-0.00707892	0.992948	-0.0071292
90	2	0.0125271	0.0934661	0.890939	0.104907	0.0288903	0.238805	0.892511	0.267565
90	3	0.0388822	-0.247113	0.830974	-0.297378	0.222883	-0.232953	0.635565	-0.366529
90	4	0.199814	0.228606	0.8202	0.27872	-0.123496	-0.181724	0.400234	-0.454043
90	5	-0.0948042	-0.137285	0.704821	-0.19478	0.172925	-0.0766746	0.826871	-0.0927287
90	6	0.130289	0.0300329	0.868922	0.0345634	0.0966717	-0.244237	0.278151	-0.878072
90	7	0.0423846	0.101403	0.841909	0.120444	-0.0274388	0.17039	0.459324	0.370959
90	8	0.067359	0.0394759	1.00301	0.0393574	-0.156496	0.0086026	0.968909	0.00887864
90	9	-0.183122	-0.475229	0.845711	-0.561928	-0.0199621	-0.151033	0.483385	-0.312449
91	0	-0.0311992	-0.334215	1.14379	-0.292199	-0.0034091	-0.264623	1.14379	-0.231356
91	1	-0.0857927	-0.110531	1.07801	-0.102533	-0.225892	-0.305339	1.16855	-0.261297
91	2	-0.102007	-0.0143575	0.840797	-0.017076	-0.0293484	0.0866573	0.654453	0.132412
91	3	-0.0743577	-0.107338	0.975805	-0.109999	-0.00954974	-0.00037633	1.12074	-0.000335786
91	4	-0.0472412	0.111787	1.0033	0.111419	-0.0727396	-0.0365748	0.843641	-0.0433535
91	5	-0.0102652	-0.0450023	0.761328	-0.0591103	0.00319273	-0.0187288	0.685673	-0.0273144
91	6	-0.0429421	-0.0921146	0.725219	-0.127016	-0.251752	0.149407	1.40138	0.106614
91	7	-0.254064	-0.554651	1.13445	-0.488918	0.0488607	0.0362514	1.08813	0.0333153
91	8	0.286156	1.0975	1.15552	0.949792	0.0802707	0.77657	2.53396	0.306466
91	9	-0.116126	0.481186	1.02407	0.469877	-0.0174665	-0.150768	0.538086	-0.280194
92	0	0.0516602	0.0471544	0.973452	0.0484404	0.257398	0.00487447	0.973452	0.00500741
92	1	0.387608	-0.389285	1.00102	-0.388887	0.266136	-0.124665	0.637112	-0.195671
92	2	0.0353688	-0.200723	1.14982	-0.174568	-0.0727663	-0.436317	1.11858	-0.390064
92	3	0.00312962	0.140476	1.08866	0.129036	-0.00452925	0.0182947	0.952303	0.019211
92	4	0.0188188	-0.137774	1.16486	-0.118275	0.179009	0.273601	0.990101	0.276336
92	5	0.215778	0.255829	0.941105	0.271839	0.181441	0.0766579	0.485996	0.157734
92	6	0.100904	0.17231	0.671422	0.256635	-0.0767471	-0.00957102	0.309838	-0.0308904
92	7	-0.171119	-0.364927	0.912213	-0.400046	-0.0681004	-0.741622	1.66118	-0.446442
92	8	0.143751	0.34952	0.818426	0.427063	0.118783	0.487447	0.772041	0.631374
92	9	-0.0613971	0.00743255	1.02308	0.0072649	0.18553	0.236598	0.803063	0.29462
93	0	-0.0159965	-0.0204393	0.943562	-0.0216619	-0.0239653	-0.179801	0.943562	-0.190556
93	1	0.000414724	-0.0663221	0.826789	-0.0802166	-0.0465535	0.0424479	0.854932	0.0496506
93	2	-0.092094	-0.187971	0.970504	-0.193684	-0.0491919	-0.28034	1.03379	-0.271178
93	3	0.0161399	0.130737	1.08421	0.120583	-0.0902783	0.310203	1.0956	0.283136
93	4	-0.105679	-0.411245	0.952173	-0.431901	0.020592	-0.11164	1.01314	-0.110192
93	5	-0.00133829	-0.0997467	1.03413	-0.0964545	0.145708	-0.484725	1.02356	-0.473566
93	6	0.114787	-0.165226	0.702224	-0.235289	-0.186507	-0.21104	0.935823	-0.225512
93	7	-0.210371	0.303084	1.18969	0.25476	-0.0932283	-0.112392	1.18082	-0.0951818
93	8	-0.0455046	-0.691618	1.25903	-0.549327	0.0198803	-0.19523	1.13093	-0.172628
93	9	0.0306044	0.250014	0.795361	0.31434	0.0551464	0.137433	0.77142	0.178156
94	0	0.0629216	0.125841	1.02727	0.122501	0.0757219	0.202437	1.02727	0.197062
94	1	0.0177697	-0.138671	0.926015	-0.14975	0.00010578	-0.113946	0.992216	-0.114839
94	2	-0.00806235	-0.0771226	1.03296	-0.0746619	-0.0714107	-0.069156	0.941931	-0.0734194
94	3	-0.077287	0.0868722	0.997177	0.0871181	0.0189846	0.127286	1.07068	0.118884
94	4	-0.0112758	-0.237529	1.07111	-0.22176	-0.0404443	0.194865	1.1886	0.163944
94	5	-0.00197232	-0.148913	0.891499	-0.167037	0.393059	-0.112535	1.25737	-0.0895004
94	6	0.452185	0.191756	1.07274	0.178753	0.138925	0.0059077	0.229093	0.0257873
94	7	0.0436908	0.152263	0.627698	0.242574	-0.0912998	-0.0169643	0.631277	-0.026873
94	8	-0.107848	-0.456265	0.906736	-0.503195	-0.142353	-0.182136	0.68599	-0.265508
94	9	-0.105309	-0.186844	0.985476	-0.189598	-0.0461755	-0.247803	1.12838	-0.219609
95	0	-0.0223677	-0.136427	1.21293	-0.112477	-0.0480332	-0.0609922	1.21293	-0.050285
95	1	-0.0588134	-0.196389	1.07428	-0.18281	-0.0352739	-0.0664586	1.02738	-0.0646877
95	2	-0.0471348	-0.200721	0.986033	-0.203564	-0.10887	-0.0440797	1.03977	-0.0423935
95	3	-0.067349	0.274108	1.07018	0.256134	-0.0142879	-0.190786	0.487417	-0.391424
95	4	-0.0202096	-0.349338	0.826114	-0.422869	-0.0445572	-0.148187	1.08984	-0.135972
95	5	-0.00860511	0.0463609	1.11374	0.0416263	0.232053	-0.0555882	0.233576	-0.237988
95	6	0.249474	0.61373	0.491003	1.24995	-0.0824885	0.146532	0.148417	0.987298
95	7	-0.112984	-0.339518	0.635372	-0.53436	0.0870643	-0.254702	0.550629	-0.462565
95	8	0.0558488	0.0241193	0.892353	0.0270289	0.133153	0.200886	1.67061	0.120247
95	9	0.132095	0.246488	0.922841	0.267097	-0.107078	-0.0469281	0.866555	-0.0541549
96	0	0.0134612	0.125875	1.00116	0.125729	-0.173083	0.0974216	1.00116	0.0973082
96	1	-0.246841	0.170119	0.980901	0.173431	0.00673261	0.257632	0.658786	0.391072
96	2	0.0734314	0.370499	0.856167	0.432741	0.0543089	0.288024	0.830384	0.346856
96	3	0.00958703	0.32994	0.896668	0.367962	-0.0430957	0.0534523	0.70397	0.0759298
96	4	-0.0546192	-0.0335868	0.858578	-0.039119	-0.0370828	-0.0261768	0.953426	-0.0274555
96	5	0.0289295	-0.125414	0.906342	-0.138374	0.0908568	0.294073	0.890832	0.33011
96	6	0.16447	0.198496	1.25175	0.158575	-0.24384	-0.253301	1.54834	-0.163596
96	7	-0.376866	-1.00852	1.23236	-0.818367	0.0240704	-0.452874	0.878302	-0.515625
96	8	0.109532	0.00529951	0.746083	0.00710311	0.0171005	0.151103	0.409424	0.369062
96	9	-0.12261	-0.446901	0.863101	-0.517785	-0.073664	-0.362587	0.859354	-0.42193
97	0	-0.0279449	0.0110286	0.857436	0.0128624	-0.0344279	-0.0206778	0.857436	-0.0241159
97	1	-0.0101856	-0.170047	1.04795	-0.162265	-0.0387468	-0.158192	0.908718	-0.174083
97	2	-0.0579143	-0.121959	1.17304	-0.103969	-0.0192989	0.0134875	1.18344	0.0113968
97	3	-0.00894143	0.160379	1.05087	0.152615	0.0293045	-0.0290974	0.730186	-0.0398493
97	4	0.0243191	0.0948084	0.83508	0.113532	-0.0527398	-0.0125916	0.630614	-0.0199673
97	5	-0.0711125	-0.488064	0.847287	-0.576032	-0.0913841	0.274567	0.275989	0.99485
97	6	-0.0793212	-0.0734823	0.616443	-0.119204	-0.0954699	-0.00697614	0.44615	-0.0156363
97	7	0.00261152	0.20761	0.754376	0.275207	0.0967566	0.197742	0.452206	0.437284
97	8	-0.00129418	-0.131062	0.896408	-0.146208	-0.0234118	0.0222554	0.883414	0.0251925
97	9	0.0539396	0.199345	0.953128	0.209148	0.0783145	0.332728	0.896103	0.371306
98	0	0.0325142	-0.0101599	0.81534	-0.0124609	0.0295838	0.0110547	0.81534	0.0135583
98	1	-0.0437465	0.0312557	0.885668	0.0352905	-0.0694928	-0.0454222	0.827309	-0.0549035
98	2	-0.0344689	-0.0771591	0.848301	-0.0909573	-0.0738007	0.123104	0.796814	0.154495
98	3	-0.078486	0.0189283	0.984182	0.0192325	-0.0483974	0.123484	0.755217	0.163507
98	4	-0.0966799	0.277395	1.03159	0.268901	-0.153124	0.0972308	1.1813	0.0823083
98	5	-0.0597517	0.0853877	1.04519	0.0816961	0.131309	-0.172207	0.675232	-0.255033
98	6	0.070109	0.406675	0.658202	0.617858	0.155665	0.274048	0.6924	0.395794
98	7	0.211859	-0.43574	0.907879	-0.479954	-0.0379317	-0.203204	0.562659	-0.361149
98	8	-0.0330989	-0.0301501	0.805439	-0.0374331	0.0854681	0.108944	0.555208	0.196222
98	9	0.0793308	0.0306756	0.849937	0.0360916	-0.00859598	0.0112158	0.892858	0.0125617
99	0	0.0353471	0.181353	0.908853	0.19954	0.00866128	0.231374	0.908853	0.254578
99	1	-0.0113628	0.124277	0.928157	0.133896	0.010775	-0.0333839	0.811359	-0.0411457
99	2	-0.0088741	-0.00353799	0.946866	-0.00373652	0.0123657	-0.0463035	0.989022	-0.0468175
99	3	0.026464	0.0710767	0.995585	0.0713918	-0.179265	0.471281	0.882856	0.533813
99	4	-0.348634	-0.151647	1.02894	-0.147382	-0.356134	0.276947	1.06778	0.259367
99	5	-0.187996	0.187694	0.863818	0.217285	0.0585468	0.589017	1.38455	0.425421
99	6	0.046445	-0.251668	0.952465	-0.264228	-0.00604828	-0.0667616	0.491554	-0.135817
99	7	-0.0202808	0.116176	0.789501	0.14715	-0.0107049	0.0788648	0.713992	0.110456
99	8	0.0498586	0.0809142	0.942949	0.0858097	0.0892382	-0.100378	1.05949	-0.0947413
99	9	0.052015	-0.274511	0.947237	-0.289802	0.053236	-0.182759	1.06637	-0.171383
100	0	0.0235727	-0.0326894	0.919166	-0.0355642	0.0716756	-0.135087	0.919166	-0.146967
100	1	0.0381805	0.144892	1.02155	0.141835	-0.0442959	-0.129335	0.973704	-0.132828
100	2	-0.0357967	0.00741663	1.07691	0.00688697	-0.0774433	0.188205	0.753295	0.249843
100	3	-0.0769553	-0.000915503	1.12089	-0.000816766	0.104061	0.328908	1.65198	0.199099
100	4	0.102406	-0.0110412	1.11326	-0.00991787	-0.0625533	0.00447082	1.54191	0.00289954
100	5	-0.0578279	-0.303269	0.94735	-0.320123	0.0425648	-0.293049	0.950576	-0.308286
100	6	-0.000408971	0.357887	1.0087	0.354801	-0.201588	-0.378039	1.64527	-0.229774
100	7	-0.200411	-0.346389	0.958042	-0.361559	-0.0723839	-0.0121045	1.24127	-0.0097517
100	8	-0.0901514	0.509828	1.14168	0.44656	-0.00728129	-0.228996	0.782642	-0.292593
100	9	0.235609	-0.16391	0.869981	-0.188406	0.118302	0.292208	0.877444	0.333022
